ID	ID	Class	Mean	stdev	Predicted_0.23	Median	score_0	score_1	score_2	score_3	score_4	score_5	score_6	score_7	score_8	score_9	score_10	score_11	score_12	score_13	score_14	score_15	score_16	score_17	score_18	score_19
TSs156A	0	0.3493451250532921	0.27012621931792147	1	0.2529782698496592	0.1851950921624329	0.004821101629675071	0.1305500194683882	0.24952857568981973	0.38538505677302815	0.15095092912926106	0.7144854431194659	0.11263007688055754	0.11060509810594292	0.6646255592795302	0.09423397829451452	0.03876966367270708	0.5153115248602268	0.4298687894605001	0.25642796400949874	0.5380856275317387	0.5039662922561355	0.19463324021785755	0.8715853599669504	0.8352431085576123
TSs361	1	0.1250370333397688	0.18794164374472008	0	0.037129614809100014	0.013132531167903345	0.00029434585341435275	0.03698407023953063	0.0402800416314327	0.023733883429985354	0.031065247232505012	0.3216697404345819	0.009072805869863585	0.006380589196439567	0.5762190639891612	0.1661541572937915	0.037275159378669404	0.029596953107437086	0.041128441646181166	0.033627823743813796	0.3716009152540995	0.002728234768137526	0.11522453695851209	0.04688879333509192	0.597683332264824
TSs368	0	0.5202635788715406	0.24469777170975457	1	0.5004427171716909	0.880942186932602	0.64912485246273	0.7812331962033092	0.23294448627078765	0.9393649699107178	0.5560806638356058	0.3044595741978755	0.5178478925512475	0.2871395430819726	0.33547393766007605	0.7432562518152077	0.4045050177414705	0.4186587749937692	0.5047753474791806	0.9214722509716624	0.24670481015691967	0.4961100868642011	0.6927895985474706	0.38447353442423043	0.10791460132977312
TSs49	0	0.8297112997902868	0.22359625651715812	1	0.929545669553584	0.8773864399624953	0.9884868333431535	0.95124605091993	0.9782367006416341	0.9685660326205949	0.28876400618850956	0.8935663854954526	0.9609471527796218	0.9692331498485867	0.9918810241949293	0.9057342750476288	0.5126471484524647	0.33473432709416473	0.8731023482699724	0.5462331572327347	0.7375302447832005	0.9790640467001472	0.9151809337911314	0.9777753331233485	0.9439104053160366
TSs138B	0	0.39093698011013017	0.24228506331760993	1	0.37734305733228196	0.061617013252686155	0.03247171373107104	0.3106270700315053	0.39082966182306067	0.025891223187165923	0.1663441380846932	0.7662576212056538	0.31501831300771443	0.423952750581932	0.36385645284150325	0.4831234611299215	0.49641299712499015	0.4695312855781921	0.39118348198249714	0.6116349167947921	0.3107420250415429	0.24059995327119058	0.2835201904740679	0.724074201846523	0.951051131211899
TSs22B	0	0.4453780549398866	0.2376709756208835	1	0.4741960486031934	0.4669303921626471	0.5767346585587801	0.7279345680112379	0.4814617050437397	0.8977114170100586	0.15265399417411007	0.571060172150095	0.6620226287215706	0.49600778690272845	0.5830477438195509	0.23767881347368713	0.257603427265731	0.016063128865331303	0.239024514191753	0.623767501446148	0.21517441006848348	0.7667058170153879	0.37239819161015575	0.4361525998708676	0.1274276284356696
TSs287	0	0.48447632870956053	0.19185126365757865	1	0.47363339256879333	0.6324128500506634	0.8239656291746069	0.44092282292645935	0.5265307803288203	0.8378573844357188	0.4813500714057204	0.30831663512486746	0.46402404682791054	0.5602785251275831	0.33263679416518743	0.3135269539889228	0.3987065024026845	0.46591671373186627	0.5957793610911373	0.6823630204612627	0.5707894869465608	0.23727896526931389	0.25945142418562755	0.6464309024168625	0.11098770412943357
TSs383	0	0.2502713286232842	0.18649022502816692	1	0.21652085615960576	0.18779332570266355	0.2520439135827934	0.24503814325229495	0.07494541863469603	0.23791936475654105	0.41913895824711317	0.12104568254196517	0.09449690514897939	0.05850615315494451	0.06545529358105043	0.16990791874838984	0.45254633551544887	0.4322440228849758	0.13660119843219842	0.03738181928663615	0.19512234756267047	0.4740523908309665	0.2870746400282829	0.7904608992662856	0.27365184130678816
TSs314A	0	0.8226882554277019	0.15588697967163828	1	0.8573832539565676	0.820257166632059	0.8645243843957818	0.9142891616935374	0.9140293906314968	0.9460169226311914	0.8936921573542775	0.6698950065727994	0.809553037930818	0.8178448435095769	0.9536694775185174	0.8986011295705608	0.8529992833369244	0.9025098548622071	0.7997048295086522	0.7217190073529851	0.8617672245762107	0.841360879260417	0.8069024865228991	0.9291426764603281	0.23528618823279931
TSs30	1	0.5290245216604115	0.2075698794242453	1	0.5719840433960165	0.80417703098654	0.6301012221676308	0.7157050925647575	0.8243670646415437	0.7118778249305502	0.8459701146100604	0.639633057395228	0.5479037302400285	0.4131469098122639	0.1484450134945077	0.36343616923106814	0.5960643565520045	0.6099163239792224	0.49611368679872153	0.3973847338685148	0.34322055833484966	0.6250057987995543	0.4322872971349963	0.18419326039316528	0.2515411872730219
TSs291	0	0.28690399157786484	0.19503267161612883	1	0.24785273978582478	0.40302788052722444	0.4593353995144489	0.2635985334983307	0.12799137721965587	0.15564373323967923	0.4705673480363573	0.21061977883541264	0.37832436479806364	0.14378458237176406	0.474918336141533	0.27998781450368065	0.054603078826499445	0.23210694607331891	0.0529745490747655	0.032159665783248484	0.0264913162243161	0.5203224354943653	0.5388098037013457	0.6939804798664191	0.21883240782686716
TSs157A	1	0.2538288270239739	0.2388268474041093	1	0.19647954603145018	0.16074141857723406	0.39886784872102654	0.29573435939797205	0.6505403784414289	0.4052914363751204	0.3125745910669524	0.052149137360179176	0.1717944157123878	0.22539163635411003	0.009648077313489526	0.057087961912642704	0.6709942532083955	0.22116467635051254	0.0824353804720683	0.864015728754519	0.09114020990369923	0.12908142587207294	0.22220808912548282	0.027584838738713924	0.02813067682146976
TSs27	0	0.7056823285322402	0.17252180828202537	1	0.737288374859391	0.9221276163871611	0.7228160558212584	0.6633644832366903	0.5395075927510303	0.8442057422198443	0.9313545996152974	0.4046299868090154	0.764256937976692	0.51536445720711	0.8699740568399718	0.6949753028696682	0.586714378368545	0.7541965532142552	0.5720439321678191	0.4574768536856802	0.7753893987604004	0.47446480865730745	0.9470730308612052	0.9219500892983281	0.7517606938975235
TSs363	0	0.18075102622585765	0.1773741579340686	0	0.13898236411720882	0.2562857473913315	0.0019046074902492648	0.048405683453665055	0.1840707258764875	0.002404489974151915	0.050069077552226955	0.2620762663286353	0.045460886604313175	0.13953853921489134	0.1384261890195263	0.05993126581434779	0.06828418254150047	0.221384247849244	0.4047937677971504	0.5071091898463309	0.06783358766130222	0.22648151413392656	0.030158560543367224	0.23005137970388717	0.670350615720618
TSs9	0	0.311185199842118	0.2724321679191661	1	0.23142600774850436	0.7565801842228723	0.21758890522388602	0.6097817906724914	0.2530278928065168	0.8511946803759494	0.2443478553678844	0.23518245991008993	0.1858019593993622	0.0567073563911123	0.04846975605099981	0.2145210195928992	0.3091386619391658	0.0345916695678469	0.22766955558691881	0.9266388585005595	0.06801325116516685	0.392960728528401	0.430957308127746	0.09911230432612826	0.06141779908636283
TSs133	0	0.6296171058636656	0.24465237840424214	1	0.6101237869896347	0.6019273474980866	0.028188709625953247	0.5300251931038203	0.3618360586058557	0.314164712788155	0.4777765555596428	0.9204815318455603	0.5465785103926005	0.42852987009591087	0.6476344371510089	0.8485845879103804	0.604526498377149	0.6157210756021203	0.9082788382113147	0.7774525687012017	0.9060362235556614	0.7018116084620165	0.49616110028975596	0.9355769116741792	0.9410497778229375
TSs155	0	0.12329695565787473	0.15035847571990268	0	0.08643411294438422	0.11764735377199124	0.0029203650628030326	0.09693870917142709	0.03527070301970754	0.026928637994921522	0.07592951671734136	0.29596771942444483	0.10081065544207572	0.018662188766114002	0.09723099062588215	0.018667482263254973	0.1274171182154181	0.054480349642137875	0.24048847027399578	0.008464672954470471	0.1645544820670692	0.015864884703665132	0.049270592730821426	0.6409793532244762	0.27744486708547733
TSs209	0	0.838931149220584	0.08756744456735732	1	0.8194647046527496	0.8229038466587111	0.905634638452136	0.6999348088085713	0.9186909126251981	0.7714236176087998	0.9194615213242586	0.802678785298579	0.8157874578511586	0.9407916119554922	0.816025562646788	0.9626914871737806	0.8511136987407353	0.9618033216734873	0.7616874771360721	0.7146967078561561	0.7993233899768286	0.7337475896393166	0.9042319111847821	0.9444188586113437	0.7315757791894872
TSs136	0	0.33733993294994724	0.24251201599220268	1	0.28053790350880836	0.35538470015052237	0.7189098506385572	0.13401664835162017	0.442414561176234	0.8962490470486472	0.5198102545359552	0.1675148506514118	0.027963247706860088	0.15240039829421045	0.2705008935053889	0.33238970494532205	0.29057491351222786	0.05790692281531213	0.3979971423095656	0.7900887600525137	0.24277198896219887	0.15580892120275316	0.12818130809530678	0.46635593380988816	0.1995586112344477
TSs22A	1	0.39466559317520444	0.29950351674072156	1	0.36292276108671073	0.7978884009942669	0.8759940198753569	0.23884377986285274	0.44126103600013783	0.9538922992154782	0.10613084829514993	0.5040715847164822	0.41437422035536486	0.32694550162219727	0.5999737332352147	0.04915847920807569	0.04298508137281705	0.07387407501023059	0.26273699986367033	0.21223881210677212	0.5287869430353546	0.8703660533590314	0.39890002055122414	0.023548572357226866	0.17134140246718438
TSs357	0	0.6863987038086304	0.3318950086162887	1	0.8676993699885841	0.9087495501738234	0.020612816860927436	0.9266693011521548	0.19972390570364992	0.061077605234856204	0.9371603708817101	0.9524968017089653	0.6712102007504255	0.38053357227501255	0.8863356788668018	0.8913408797670599	0.8052941625512261	0.920963915205457	0.853601841716062	0.10830209449322763	0.6628459785699582	0.8817968982611062	0.7912330999336374	0.9066096008403849	0.9614158012261635
TSs161	0	0.8120935551168055	0.17279836907093973	1	0.8626715516295969	0.8360621061849417	0.9517033878835423	0.9171116177145131	0.9661592728339955	0.9616611510015873	0.863859235321492	0.8489032556922556	0.8614838679377016	0.7876262605470641	0.7057657592253866	0.4115069806213335	0.8932138205790128	0.9571172424039598	0.42829733655397145	0.7930400530977444	0.8993051844559423	0.9534002877568009	0.8098799217515549	0.9007885854533644	0.4949857753199462
TSs11	0	0.5777406722443408	0.2385444369522337	1	0.6369664998157534	0.5988266353081486	0.8262337843144125	0.7289472549454818	0.6552270272847968	0.8472138526073436	0.7992048519478194	0.2676569465974862	0.18942455546273523	0.9131054337122825	0.5862110734391923	0.32614145562681807	0.36175264620069875	0.7401189063057829	0.6187059723467101	0.2248230319447884	0.2794775564365063	0.7569828063739734	0.8109603322041088	0.688337922019376	0.3354613998083543
TSs5A	0	0.9171930291757533	0.057858436454174274	1	0.9137751174542958	0.9645369932509915	0.8060099378952027	0.8559473461843594	0.9083549806489504	0.8320587976160467	0.9133733380098122	0.9932135049264973	0.9764254066493329	0.9776311628383442	0.9141768968987795	0.9579241125378285	0.961056322327431	0.8974904184034437	0.967847336846986	0.963747975377822	0.8336025504047616	0.9114562901019635	0.8781233388387893	0.8533817106059638	0.9775021631517654
TSs131	1	0.7249557062742129	0.13196376006130417	1	0.7689128154782587	0.8980408118485621	0.6710883343224577	0.6520713028485057	0.8003560891160614	0.6042564418200884	0.8091652746451776	0.8463011385215903	0.8957063465462738	0.4698519567012343	0.7831792413165801	0.5603182951426986	0.8465500358370075	0.8432763151365279	0.6434824388821093	0.7838241423679353	0.5733578422782128	0.7546463896399374	0.6858011464091761	0.8607069906353144	0.5171335914688073
TSs294	0	0.7338006431679366	0.144005203210807	1	0.7351169632587216	0.9340527997923276	0.7194781342918741	0.9010167720536689	0.8930014619935003	0.8587823841556563	0.5962888010443941	0.861242518679447	0.8306796669495848	0.6399692291316608	0.5810804386369751	0.8404699790804256	0.3524501820416031	0.6341006068914418	0.6204212579141516	0.73759509288705	0.7326388336303931	0.8623141256336301	0.687472515643657	0.7558528300117251	0.6371052328955686
TSs378	1	0.4036380187693306	0.23264578315996381	1	0.34391309185968494	0.6666272821236777	0.6908380104893512	0.8153068360322426	0.46606192511828415	0.7192845229583562	0.6669509615726352	0.3751912748485602	0.1490003373982585	0.1717928626264207	0.6907072408573686	0.13500975397225734	0.10478586045626483	0.29054402122341	0.29264801792653977	0.30901133200113756	0.3126349088708097	0.41121625021428	0.18534493064228566	0.13176674091694635	0.48803730513752447
TSs111	0	0.29967598201362117	0.21276598798723795	1	0.24892840135766925	0.07971282888869795	0.016546727898819634	0.11852120587516195	0.3470811789350472	0.024090612665153208	0.16814830306597947	0.6631730395908071	0.17311125570685018	0.05268264286200308	0.5062529011787583	0.27582801038813753	0.22202879232720096	0.4254050080793904	0.48412704029023607	0.1881708206514268	0.1877109093193549	0.556024875967338	0.3112352891717353	0.4794016895700794	0.7142665078402458
TSs56	0	0.2909235314465501	0.24115554471056663	1	0.19734937624224486	0.45864164727118856	0.4917906416834751	0.03799262622329562	0.18509196456508906	0.8082775963234199	0.12893776143870853	0.20960678791940063	0.2525598394761849	0.1120283112578111	0.04716925440157569	0.5426167269153432	0.10050593109913718	0.4091814463490093	0.7242161007706612	0.22656132632874013	0.15361284509100664	0.09653211843113857	0.6451913356578369	0.1308095060244557	0.057146861703523906
TSs3A	0	0.5561549065281538	0.2563691739160647	1	0.5797589363894156	0.8829649398370069	0.9207728937876303	0.8213183650686672	0.1800080200909822	0.6400469260531068	0.42072901912922367	0.7247065362627835	0.1668963071013225	0.7246385649597348	0.49546448961732176	0.6909759976789676	0.8123754966992489	0.4179121465296385	0.7355409655565075	0.4562317180492173	0.10616651664437222	0.8144758722140854	0.3633988911742258	0.5194709467257244	0.22900351738330738
TSs95	0	0.9672123324700468	0.026669136830585548	1	0.9722397762987923	0.9439496299856407	0.9856645084236687	0.9667543893540814	0.9969610180642892	0.8899464241317235	0.9588609489166207	0.9396978637189868	0.9868867777923461	0.9552736687982676	0.9777251632435032	0.9871119822984596	0.9647309224566242	0.9918600466463912	0.9889364974703831	0.9454386951753819	0.983373885138371	0.9976093560245347	0.9641118563312151	0.936809742310901	0.9825432731195463
TSs2	0	0.18517018247344735	0.2282082146249322	0	0.07343038073005961	0.06400289901992619	0.6964668370910448	0.10679579328920166	0.054540901488954505	0.7345943154472161	0.0719766936843866	0.10988829475447659	0.01518546930128514	0.04488475059147034	0.06372146110797682	0.011701146528735074	0.08375392481680435	0.0018873518067956637	0.5156453800239066	0.3329020228378129	0.03314493627281485	0.37709851939423283	0.07488406777573262	0.27263160268520087	0.037697281550972996
TSs44C	0	0.3945807990633912	0.2030868674555421	1	0.3881567864003372	0.7234549796909168	0.39886545594635076	0.10535547698356051	0.10958390125519817	0.2299251243113835	0.6787660562043223	0.3522922643326161	0.4389372845303251	0.26130706646525587	0.5867189261131053	0.5283321560234279	0.15755412794640014	0.2535602507335877	0.33689488844247634	0.5693622063021987	0.3774481168543236	0.10840892925607655	0.47154227601559784	0.7475635206006886	0.4557429732600129
TSs201	0	0.4625652138329661	0.19956002126908057	1	0.46500943755090673	0.7226507626301478	0.7770833370847517	0.6092498228100793	0.46373324811270383	0.6910796707953452	0.724489054441335	0.48257784665013437	0.23669146576524577	0.2899254138238148	0.3418340194683403	0.6329876315684555	0.2511875891681415	0.6148668140723329	0.34200063379718876	0.46628562698910964	0.12990958963336915	0.416881388885314	0.4213879352902073	0.5236458246593882	0.11283660101391689
TSs217	0	0.1877426769258764	0.15698853529533371	0	0.14736098799706066	0.11300903577881595	0.3729937476569049	0.05099604344130125	0.1540271826761482	0.25087540407264924	0.3716407011588042	0.16267571480754123	0.41472889547482744	0.08866575157113663	0.0482195788922263	0.0666874065097757	0.1582438155600201	0.14069479331797313	0.12903711334400114	0.002486494786707709	0.10408849089337018	0.23431430471348985	0.23068136421708238	0.6321149573695419	0.02867274227521104
TSs168	0	0.4208295535322374	0.28130988476009244	1	0.386426967318371	0.89160476365896	0.4284357513405768	0.9241402394410906	0.11614171184102182	0.12222914104463424	0.5393984232072693	0.02767349022179465	0.6527885663563134	0.16435115005782538	0.8456646169414291	0.2280072334933612	0.10070859163205746	0.19160472826819025	0.4255784812659524	0.5694624547387338	0.6901058726591474	0.3472754533707897	0.29608088809628735	0.6147137311447931	0.24062578186451883
TSs98	0	0.6623763850171055	0.24565828414957278	1	0.7296413816970722	0.6087995442797772	0.7253873837819039	0.3241573410137586	0.9637765964182002	0.194507400148276	0.8332778485913752	0.44134375208328036	0.8184856560038387	0.5097454542204632	0.17777777787479349	0.8311274999303849	0.8304166013481585	0.9741060247934883	0.7242786346937394	0.8815366395035372	0.4064200780823126	0.7338953796122404	0.869049598282666	0.828533506606402	0.5709049830735122
TSs116	1	0.8151292121342589	0.11951765212831095	1	0.8467787134264338	0.8377932501714748	0.6320841568504074	0.7968604420865679	0.8757215049750867	0.7439522035948318	0.5297605069327536	0.8741223234791914	0.9401129439604482	0.7623499626120455	0.9286190228792369	0.9460948105224746	0.6656175963441692	0.8929781301478624	0.9550344147415782	0.9411465563253107	0.8471257878828882	0.7466273843834513	0.6692376313346822	0.870913974490738	0.8464316389699795
TSs53	0	0.6906739096531538	0.22213619904627055	1	0.7591848360600255	0.7843731627601378	0.581454003635995	0.8640302377800938	0.8888141389098886	0.9191807706671071	0.6101066208026201	0.3621966771555552	0.789395088008825	0.8176253299615456	0.7933001012178074	0.7339965093599132	0.6347524865154316	0.866703832387702	0.8653233707704219	0.9553756872390263	0.6985607790077762	0.54141966312582	0.6625296416325203	0.3735692902491204	0.07077080187576688
TSs63A	0	0.3862369568738531	0.15933877672115943	1	0.37551140639820035	0.48764550988677163	0.4228841703398342	0.5468282657562696	0.4344003355313849	0.649486159475441	0.708943221893887	0.3149993140817418	0.27869684356726715	0.270560991020881	0.42389465860693154	0.21351546325569248	0.1481919930462359	0.5768597903750939	0.524299417639491	0.18154734240234643	0.32912628496002705	0.3740060315258048	0.37701678127059585	0.2643518621784956	0.1974847006628691
TSs158	1	0.28032541069795175	0.1822534843790169	1	0.2641363568655979	0.0906782430356687	0.31208178449285234	0.16965997705256133	0.1600263496816656	0.06446310113124665	0.24681902012431803	0.17137865522605225	0.3171422570250608	0.2899858704153478	0.27280496510854624	0.060132573556957336	0.49221351700539423	0.49887513591709026	0.3304088943086273	0.06709399147066994	0.16127901030529596	0.25546774862264954	0.3120498141014031	0.7016981771937844	0.6322491281838428
TSs269	0	0.9154843199888004	0.1837560217342459	1	0.9789617755797448	0.9288234394985613	0.8608452348174225	0.9863046910740897	0.98601448974412	0.949422232521294	0.9355975048381102	0.9974612747783368	0.9925257473226592	0.9920933904590717	0.9956292612328054	0.9902112756699388	0.9773217452127231	0.940417623130213	0.8289476235000524	0.8760304297402898	0.9814616197143252	0.9806018059467667	0.9594644130532735	0.16246752656565214	0.9880450709563049
TSs317	1	0.5974350057605424	0.22207738648839118	1	0.6348732177601333	0.3462937230470676	0.8621822265330896	0.7524006453972628	0.8970139184616358	0.5515750131141713	0.6194709059529857	0.69434086814406	0.8907198526254612	0.7469735133395451	0.8092864978354934	0.6502755295672809	0.8584634105885757	0.26470981653306797	0.16666184611776086	0.42575297775745796	0.45682366578746814	0.6523023087008821	0.547494322851812	0.32047272148899913	0.43548635136677044
TSs49A	0	0.04610367145499371	0.049842425744115584	0	0.02564290384647587	0.03356759902521648	0.06788964867820305	0.013948123845564459	0.008826578530003607	0.03041134398987286	0.020874463703078883	0.015633293557851924	0.0923211445470158	0.041092672715934996	0.009794722940017958	0.0042161624335206776	0.006276712559211971	0.08843356981930724	0.010540546802957629	0.01050297836481504	0.15721065188042935	0.0487912619026405	0.17886052235046565	0.0656322394398052	0.017249192013960944
TSs417	0	0.3053058884418773	0.1877139373310411	1	0.2605063673806658	0.20663735296800154	0.5065482071514721	0.3301539072146676	0.3532486785172329	0.19426787024267875	0.5445766860905809	0.11933195736456863	0.5077046548224249	0.13227688473875224	0.48293084843729306	0.0709328532473311	0.6165311669240041	0.4348158704355414	0.2936576558693348	0.11816336169635701	0.18475178048667762	0.1434368501399544	0.2273550788919968	0.601170773942994	0.037625329655682896
TSs195	0	0.9284098020241285	0.06324291666477654	1	0.946683068519659	0.8447574843660487	0.7379467964643563	0.9238616930718214	0.9232261691599688	0.821078061695156	0.91570600133613	0.9345578618728648	0.9579395352608528	0.9741697027667343	0.9493986970111876	0.9896260012297224	0.9702753513262642	0.9758311868028612	0.976381399770989	0.9560115676291445	0.9566711226871684	0.9325973558298001	0.9439674400281305	0.8906110599677969	0.993581552205574
TSs371	0	0.5943002388047245	0.21036517902099833	1	0.542294434482289	0.5339076804148435	0.5467116025335029	0.5709730942673857	0.8373717030350157	0.48331078988714005	0.9400495833745502	0.32586667743615017	0.6791162675085612	0.537877266431075	0.42492662424256356	0.8122665335397975	0.44180403109694893	0.95887667699059	0.7485562044205756	0.21385301103139912	0.38038155707216126	0.6970533538275986	0.4503025325714934	0.8469802341778397	0.45581935223529724
TSs23	0	0.36503129825135805	0.13466219627161977	1	0.38169324519753056	0.38758539710194523	0.14011393127095695	0.5181868546837168	0.4671055827277767	0.2473412675543837	0.22975483174490582	0.2511938822243986	0.3897750957295027	0.24652676782142374	0.26063534629374346	0.5968519913657452	0.2627500039861317	0.37848968063669153	0.5296005241680722	0.45151527513010387	0.1860999918059034	0.3422537999686977	0.38489680975836954	0.5926485249703553	0.4373004060843369
TSs51	0	0.860006842271485	0.09490345868118785	1	0.8660280970982552	0.9183925423620573	0.9379053904720759	0.9410764197050072	0.9666364862990982	0.865347365272175	0.8667088289243354	0.8501267119366319	0.9341813389424021	0.7676852389325992	0.5704698662679676	0.9144893082002439	0.8283412365044351	0.9100794599105075	0.841675358411151	0.9475419009853426	0.8341760812789809	0.9490809045997906	0.8393864537954207	0.7307085645935982	0.7861273880358797
TSs59B	1	0.14500777648967292	0.1698014706980095	0	0.07532107259391117	0.3353769951604487	0.2421848482019745	0.14791968291661825	0.05625996040862541	0.7102839279302543	0.043082682317487284	0.0473446206935576	0.07736276359643322	0.03517969028311496	0.0763010245879899	0.05722570027627828	0.07434112059983244	0.028569308921845955	0.1373427729369512	0.38566570397162625	0.03745693328391752	0.22111107329497176	0.14938681013655844	0.018524909569945163	0.01923500070502672
TSs365	0	0.41564403260759375	0.2706693036709654	1	0.34512477416656745	0.5979418976657037	0.06433969216580414	0.17912029823110445	0.2179409352239643	0.15452815809993517	0.6688517781040271	0.721470104198501	0.30234153353819204	0.2621007805581733	0.4199697326683254	0.16752040868003978	0.38790801479494286	0.8636280364119413	0.29802925002343644	0.5625858994893882	0.7576160638122862	0.0606344595579177	0.11095158344966269	0.6878016915597137	0.8276003339188172
TSs224	0	0.5988938990144075	0.2063049665995044	1	0.6429919340274619	0.5055633349974554	0.40648730908799435	0.8473483324923909	0.6968998496446992	0.16149965323640855	0.37304382757426446	0.6232204727730535	0.7437976395324345	0.7180973536756217	0.6810091351129554	0.7781973624792818	0.7565978890561967	0.3172555565739074	0.6627633952818704	0.8370842508174738	0.4230784781133849	0.609162197762036	0.3425189679048981	0.5615202473933428	0.9327327267784788
TSs325	1	0.7160717538088857	0.1691712346837414	1	0.725430931448638	0.619317927169443	0.6205418928570537	0.8458487823679467	0.9098917237459735	0.7774281867411634	0.9357933914990596	0.470087861845713	0.944842258836992	0.8386909697421789	0.5236295258073692	0.9103675494400977	0.6618129862714593	0.9145093592850617	0.49903058677261874	0.6773841666105174	0.7734776962867586	0.42105381691563565	0.6223828252803387	0.7853153906167809	0.5700281780855525
TSs119A	1	0.7455620444685547	0.1109632703776807	1	0.7488418874528882	0.7120468478342069	0.5440483358264421	0.7310879977002882	0.9297000640147385	0.581760432284463	0.8151008426913771	0.8664174803098119	0.8575822118838177	0.6687535273484881	0.6421114508453465	0.7891850396768874	0.8248882411203629	0.8132018301630053	0.6589899481704056	0.9116063994269802	0.7994296659435179	0.6925003623172199	0.7434779402640456	0.5751464369079592	0.7542058346417309
TSs166	1	0.8902641734813234	0.13544443265113398	1	0.9411781710103526	0.9682869053589653	0.9723888209131745	0.9174733962045123	0.9574014017464723	0.41363646945082966	0.7767262111494658	0.912117488197305	0.9960477349358373	0.9462128659163448	0.9502065799456916	0.9313183284129282	0.942876363160356	0.988745427574252	0.7592558223004021	0.8789571890762923	0.742779441772263	0.8565229491107054	0.9713630035298707	0.9394799788603494	0.9834870920104524
TSs297	0	0.6047326743508192	0.2518298605005733	1	0.6120942811509197	0.8490129215105002	0.9117888621096819	0.5213930275725062	0.6130218909685567	0.9286893607969711	0.14406533199444396	0.9810289165364846	0.7245280115661417	0.3920272025951916	0.6228173749126253	0.6111666713332826	0.42489753344061965	0.1877367142054737	0.2079102871874071	0.38079733962980294	0.6097845524745841	0.8488793066634557	0.7889076949536947	0.6078721124812798	0.7383283740836807
TSs338	0	0.6403115054727561	0.1326190063816812	1	0.6170732213249287	0.6209651194879537	0.5078072324712416	0.7652070267090391	0.690708038131074	0.8071781433534911	0.6341238512326848	0.5317966469498159	0.7004761694206707	0.6131813231619037	0.4191341290817404	0.6244820782492553	0.5572839682154193	0.5205790066644406	0.8667998562049968	0.9498818199237488	0.5718717080822548	0.5482879716042732	0.5923224293748028	0.5393778431180131	0.7447657480183024
TSs293	1	0.8312240226938069	0.11102162505818236	1	0.8802433941164913	0.9032863474581307	0.9664188737119286	0.840756953493747	0.9233945757194236	0.8825244167606221	0.6136527378884004	0.9275936678281339	0.9256431187205664	0.8975012220925466	0.9505688434964276	0.895083395041988	0.7836060188343604	0.7736842940530617	0.6740473902905296	0.7691540872858941	0.585225631845904	0.7881324563570915	0.9019416085460438	0.8779623714723606	0.7443024429789754
TSs24	0	0.6447892084115435	0.21777513752275032	1	0.6639043881280665	0.6421158384081073	0.8572492232254445	0.9402904226548395	0.6920401234978946	0.6197632452071812	0.8713153338966309	0.27525008661012607	0.9153772068317555	0.5966938827231674	0.6856929378480258	0.5754367071734648	0.47090906003977323	0.7839070136704698	0.4528987625587725	0.5046323164544729	0.8369166402571938	0.7938209269268914	0.43077316132166094	0.8126054583134396	0.13809582061155976
TSs334	0	0.7663131561734742	0.13841280462398833	1	0.7974093998457463	0.8917198446857749	0.9164115986465664	0.9155542207004004	0.8959483276982197	0.9098231755656382	0.8487949978106758	0.807402721296209	0.7108633792116318	0.608554088860423	0.602337861327475	0.8322942249380415	0.7688182096318903	0.8700168171252376	0.5388168872406693	0.7874160783952837	0.6870027542537863	0.6425971037692686	0.8968794883631198	0.73854252499592	0.45646881895325436
TSs1A	0	0.14190329382421418	0.14358935938509992	0	0.07737817645442335	0.09339361277559932	0.4061172017734877	0.08494568583582733	0.0387036962433705	0.3208680434063297	0.0427934461749535	0.06981066707301939	0.007267663573039188	0.049400708431692114	0.14672400596810484	0.014295307350436057	0.1148157799738076	0.0217520717400563	0.2624439039762274	0.3810851336940453	0.025306338259393428	0.2429187881482893	0.015311457196118166	0.43105073536790145	0.06906162952258466
TSs266	0	0.6899761857798768	0.1788305162386917	1	0.7148008242363828	0.9145447363255332	0.6420135913950502	0.6213592683771867	0.8097941155455417	0.714154751568098	0.8583404191192939	0.5076326599220083	0.7736071713197901	0.38126464329464543	0.614251638553925	0.6526032696971854	0.7834797623310801	0.8799605539793561	0.7154468969046675	0.9645969110738849	0.5923365182609472	0.7653475017560795	0.7205728575019537	0.6746159156454976	0.21360053302581317
TSs277	0	0.07910607837575044	0.05902813416281398	0	0.06109386820799588	0.22415700739812827	0.032575686956940304	0.08902544217733349	0.061884617702332535	0.13713490254346172	0.12359765751199611	0.06030311871365923	0.020885323693009758	0.032622546061200464	0.01298719415252761	0.09354537008081387	0.03374613352843004	0.0743310903682568	0.04797697048220762	0.21956884585148317	0.038938243468104546	0.0971921678249734	0.05723141520325276	0.0845927558897267	0.039825077907170374
TSs60B	0	0.11373206620373948	0.15684379203847665	0	0.07505272403789653	0.25716829962044524	0.0878323932783495	0.10471908749499932	0.10073334563665978	0.7225377462917355	0.10255919339612662	0.03366423983352156	0.04645170297310396	0.010162833289037014	0.04719508628823696	0.03037384673147504	0.017606491636074414	0.09991615631510772	0.20130787827797722	0.13251767812010623	0.03391295478372922	0.1312240952008111	0.06227305479744357	0.0282690890108478	0.024216151099001885
TSs303	0	0.6676897354295451	0.1842465945469089	1	0.6721817295424652	0.9312482850225553	0.9312429373281892	0.8718731539046796	0.3193107390962173	0.5701358484338918	0.6097027880381853	0.6679176693008431	0.6270597616756548	0.6764457897840873	0.5206877026512371	0.7665018350620431	0.3414846778630619	0.8338953537595444	0.9054638043666995	0.7524277058463499	0.3688582520325945	0.7124589385056028	0.7140874221523832	0.6334814165599156	0.5995106272071684
TSs120	1	0.7819626446092026	0.1570184472822323	1	0.8226423641946015	0.701487405237001	0.8401378975398353	0.8706066584097152	0.8637762868011407	0.5682077463279738	0.9186326376127965	0.7730964815614494	0.7667432047320675	0.9061695941432006	0.8518216854326065	0.9156589288362622	0.8172383009010064	0.9389030012098136	0.8280464274881965	0.2934719408885286	0.54373756191289	0.7869709488722322	0.7602651002562734	0.7808009981216376	0.9134800858994235
TSs132	0	0.7258699142294633	0.12159843050974789	1	0.7631502665688414	0.82695301844534	0.6208005572395675	0.6451125170023734	0.8334027523910917	0.8127418862171565	0.8779427839225806	0.6638026760016642	0.6165716829073116	0.49431635649088196	0.7444429816454389	0.8209511392027811	0.7584702098191402	0.7678303233185427	0.7924220498898772	0.46636866233725155	0.5974921386002585	0.6691571472380524	0.8470549208267937	0.8545670406718645	0.806997440421297
TSs78	0	0.1463220457043575	0.16847351964303744	0	0.09071384645479522	0.16412714282085783	0.7199789277788531	0.034611961925030695	0.08034066379548091	0.108966734888377	0.24468604895592722	0.08325274781309763	0.2576606755602213	0.25668125547132514	0.056444215829415674	0.02657815684344524	0.019862480170276944	0.09817494509649281	0.16407062086780785	0.0039049948264576013	0.1854612524373508	0.04565092781961468	0.015845235722505284	0.3549052571791028	0.005236668285508979
TSs61	0	0.3835849350301788	0.18305235172296083	1	0.34283600523168867	0.6460095269169377	0.23857789056366102	0.6883344319042364	0.19110930315621233	0.3635396987533625	0.7455279021763274	0.32213231171001483	0.5914063834589817	0.306387069243586	0.4056997500129563	0.4260315090462866	0.19259389153688236	0.5219281700918177	0.43471317838813617	0.15872690626706387	0.2503225415314445	0.3149323437122441	0.13610389960822003	0.2322932732251838	0.5053287193000213
TSs60	0	0.1914822307835461	0.2622312039082234	0	0.0949695279775327	0.8783605761995308	0.1820551542138425	0.12983444771827382	0.011823778282990208	0.7326904746662238	0.06790062329130998	0.23435899251242773	0.12203843266375543	0.06262838492928727	0.016720630261602844	0.032975233306528795	0.03728078467017058	0.03596911417905019	0.1466756925145456	0.6835303875182371	0.004023855798772188	0.30198939863768637	0.1376593579786789	0.005513469213978709	0.005615827114028743
TSs274	1	0.6849817083039846	0.18910257094629643	1	0.7582004810208891	0.7495056376841143	0.32985241208223376	0.8125796767970586	0.7607037801624001	0.335100421132984	0.6862043186038774	0.8470313632649152	0.8180530004290167	0.7792935128852966	0.6593895200580877	0.8529093635529909	0.7805199583604727	0.9255876551251123	0.755697181879378	0.7239047447785604	0.3568077359997807	0.816477437117896	0.5048988379573041	0.8006296749731572	0.4044879332350579
TSs10A	1	0.39539566570063184	0.2664653410198677	1	0.3112532808155707	0.9184386392339873	0.5180065349170598	0.2954226402241685	0.1712923017205448	0.9497751655857214	0.21938352949559417	0.3975290486906637	0.4155016617336818	0.20431981900065607	0.10477225645662534	0.5162589969079825	0.30555166111993687	0.1434727144541484	0.41562875018438167	0.8773509547648602	0.2062843059620631	0.3169549005112045	0.6348741658008354	0.16558546120997827	0.13150980603854434
TSs96	0	0.4348826150693997	0.20157308896868267	1	0.42600418007268115	0.2410746481775405	0.5910765320771911	0.5773602757914968	0.8259037891954052	0.21550027895552307	0.5188292269193426	0.23508787203949105	0.8526492614650898	0.43724743309142816	0.2904338845995942	0.34510645737253604	0.5040410241197514	0.6649758548751212	0.3358859390229227	0.42693132377169285	0.19698039586933797	0.5557955626914711	0.3139653444928388	0.4250770363736694	0.14373016048654919
TSs282	0	0.20253745620682242	0.32646164328610183	0	0.046711913406325634	0.7870788365197345	0.01983316351349661	0.07687923035013132	0.02557632818079533	0.9553472108731621	0.045836544746013966	0.04758728206663731	0.16511325407620628	0.013685342433751729	0.002876012178893793	0.026528565645738952	0.0692913248594009	0.003192739968346351	0.22670245406352568	0.9693953943913861	0.007476162682673872	0.0838260181451788	0.520291000110666	0.0012609119499306792	0.0029713473807769556
TSs56A	1	0.24253784429699032	0.20914615458233785	1	0.16546558888727697	0.15866230489796523	0.18676087525622506	0.295504748856175	0.7789391331114804	0.12032044636818244	0.6303541519602751	0.08961232980548994	0.33903269326298224	0.04816404857996875	0.15991021225757304	0.0364260912382064	0.12587028835455935	0.5804125750423729	0.17102096551698093	0.05846862092180356	0.2568839658285009	0.30160046212832	0.09941106257738834	0.3676057574065104	0.045796152568846574
TSs296	0	0.514492874499018	0.2641501653353325	1	0.4612852749293379	0.40680647824976635	0.9300352661090566	0.5108821020823265	0.28726332696580725	0.950671339545249	0.35683324309281517	0.6295206931598154	0.599511847927617	0.41168844777634933	0.3977289007639353	0.572898852668081	0.3839675638169958	0.043836727129610925	0.7794755316125245	0.3412176314876352	0.135999017436713	0.7668163597477451	0.7523215724824132	0.8511120959733764	0.18127049195252937
TSs33	0	0.21180153403954072	0.16934588088246672	0	0.15861984778618152	0.06225519158739392	0.33264146839908076	0.1912082363015665	0.6659832858801463	0.3523375882527046	0.16329204257328375	0.2093453091233967	0.08017508678334566	0.14176081243599026	0.1831197387259056	0.0426945596782111	0.029728606335843278	0.15394765299907928	0.14728540959181538	0.1425385477868091	0.3785246622601476	0.45099980909610765	0.05230334137437758	0.41638529849498335	0.03950403311062636
TSs311	0	0.2702102633817952	0.29759916514182533	1	0.14947056925312446	0.12872996735532422	0.5926771452345945	0.13259532189203102	0.0381000620142198	0.2691245200055766	0.9265772238985907	0.16634581661421788	0.05968677360514702	0.16804351367672174	0.05385543696167267	0.03775468547302906	0.04160057539325101	0.9299637111445745	0.20690814881799832	0.08680849252592777	0.5951086973835549	0.2862048394001358	0.03560293952979359	0.6379762356688576	0.010541161040685683
TSs68	0	0.19317989311498826	0.20613288851788264	0	0.0926790910236648	0.24797192021683984	0.12268516655555543	0.2136472114018761	0.05430867147289691	0.7991567102913616	0.35298268930437066	0.11352694676211018	0.06709803665807265	0.035349461190339763	0.06859583633334117	0.04396013449265084	0.028727858694731035	0.002251721182662896	0.3038149780723887	0.4429737884479251	0.021627363765498675	0.36930709212673224	0.45407727975994444	0.07183123528521941	0.04970376028524847
TSs104	0	0.6322820464742805	0.18146889606665983	1	0.6581345095729416	0.8096785516065793	0.39721117433166653	0.8307341825700311	0.7477776429695573	0.8460706266431857	0.8388158704914167	0.5152677090806616	0.44931733177865435	0.6049889952828461	0.37237750485018994	0.5875599166116134	0.6860545249402425	0.8422649518914243	0.6553068896860554	0.8281159165257673	0.6609621294598277	0.5278217561485457	0.7581088186663433	0.3311693816271668	0.3560370543238344
TSs58	0	0.4598579405488076	0.22709205599233426	1	0.4053324102781068	0.39961718581115296	0.3348442914343422	0.255416067962083	0.5141249045651739	0.330704200179865	0.7771739939624924	0.22016076822330238	0.5396518507907964	0.1927105955020599	0.2444342105693404	0.8287945669356542	0.6348470657194971	0.7140043306444002	0.758879894540926	0.3477450761109978	0.1425778528103898	0.4110476347450606	0.6499584957850364	0.7187451033036969	0.18172072137988612
TSs358	0	0.8856176400733503	0.299057368693405	1	0.9817356373578476	0.9800391495614822	0.0001515916513725578	0.9807736480665503	0.9693646001007511	0.022731155566787325	0.9801957017098395	0.9903070530833188	0.985337567699951	0.9911655343914758	0.9889103516463662	0.9859564203985953	0.9799853751372852	0.9853227192726505	0.9887430720692998	0.9731230882076166	0.9717545539881652	0.975197445230374	0.9826976266491451	0.9876122761792496	0.9929838708567319
TSs82	0	0.15777738653723988	0.12529075171913576	0	0.12457908316816754	0.08965714048592385	0.04166389192944232	0.045045179490078906	0.21623573164840193	0.1445004984849941	0.16136900910248894	0.2053584015632514	0.16053589211337335	0.05309769330274561	0.14104785998751	0.08512113689482528	0.10811030634882508	0.3230781690032821	0.38614807980723936	0.10491606182171982	0.027768808720768708	0.16762301603619112	0.521375167898849	0.1078332513021961	0.06506243480269087
TSs15	0	0.5564585825441202	0.23642817440323313	1	0.5657458678618529	0.8191433834242419	0.7235442252027084	0.7092982820587872	0.477713939070152	0.8235882032493459	0.8808130000658727	0.5425577808308372	0.432593490634778	0.510062004186626	0.2235321229024126	0.7983858320409923	0.5177272474964864	0.8607191944480991	0.6238858167565549	0.6127795842386172	0.11496607257386043	0.1365059949193635	0.5889339548928686	0.47902124296954657	0.2534002789202558
TSs4	0	0.07739472369372578	0.09744935268698182	0	0.038719504561177884	0.2169617498826802	0.04101581323567173	0.017389628612024633	0.012864975441393704	0.3307146457891884	0.04564969489528686	0.019464774543976708	0.017445198570432686	0.016048934842401774	0.019238417114920123	0.042049557730221565	0.017702972364244517	0.046698401182322394	0.11533290232615953	0.3071979868672927	0.03642319588668403	0.025147219858366664	0.07438493440449771	0.13684625853155694	0.009317211795193006
TSs331	1	0.7115664710567314	0.19620481483071764	1	0.7956463373184319	0.8658253733945513	0.6012540678787363	0.7671171694326668	0.8058684254000043	0.6938295465015321	0.7938186546374124	0.7974740199994513	0.8095488333629999	0.8692969246260246	0.4572567929162307	0.900945083906876	0.8307767016919918	0.8807977243295387	0.921620241038212	0.8474322219231717	0.5627707902751005	0.5462016850763876	0.5083521168108511	0.6358215084725476	0.13532153946033998
TSs314B	1	0.2809121317275927	0.2402773097722707	1	0.2056044194658927	0.474543515559959	0.616861779289976	0.8022780838128827	0.3294474244750669	0.25437185650123934	0.78695984511937	0.04535236794609722	0.22007869990674475	0.09465576560993025	0.1807294401880521	0.0343154478776881	0.19147954160427366	0.044861784870282626	0.18959553188837647	0.21972929732751173	0.15991693696126033	0.3488404757198213	0.5129153553411852	0.07177945818168051	0.03953002637045599
TSs333	0	0.5113857606332973	0.17397020425761245	1	0.4921218676513497	0.45556666207308605	0.8489533268899137	0.3429335171046483	0.7671632322814715	0.45045921327169103	0.5662912987513391	0.3311404734862628	0.5479219357760494	0.7509344821856963	0.4462354671498195	0.23091878318191603	0.5527293234617369	0.6932700155079692	0.72208615743279	0.3109165556662072	0.5482847984709829	0.5286770732296133	0.3663269070121956	0.448765283489983	0.3181407062425748
TSs7	0	0.20116138747200457	0.14732718103409825	0	0.16247250589083614	0.08348976654100138	0.14803954132588965	0.257872913980826	0.11883417969865709	0.6667953121350655	0.28554898542082235	0.19477179606457964	0.04347254795038509	0.2951344567389141	0.3329182618504486	0.04312896624569815	0.05080529420646043	0.22012708254843993	0.1619027871259249	0.15835159189717124	0.13024445120606068	0.19996595047798765	0.07517772969183462	0.39360390967817727	0.1630422246557474
TSs38	0	0.7060723360983167	0.22857721113749993	1	0.7355716337645803	0.7382676887184285	0.875838470935478	0.2231272261406426	0.9021560692989551	0.21187854956806287	0.8353515926596204	0.94005655688394	0.9877768440225767	0.7214893620137365	0.5711880731445159	0.592662597733688	0.513069142311985	0.7207314152833861	0.37818609365341493	0.6876919241570737	0.8671029243404846	0.7328755788107321	0.8339956601808767	0.9481370953609837	0.839863856747751
TSs10	1	0.5504029236650796	0.21111485305515207	1	0.5331127781030613	0.33007072648179014	0.2315297759161272	0.3040048263427161	0.7923847467299693	0.18636584197650358	0.3074500588095588	0.7988478156070906	0.7581391441035095	0.7191406976517224	0.7428332377717184	0.5247451523005725	0.7283762962106347	0.5992894538443077	0.43049266350045123	0.6619873133736867	0.5165103528100013	0.5414804039055501	0.5082201724526915	0.41265782381380944	0.9135319696991806
TSs48	0	0.3008269693555847	0.20143324023447265	1	0.2628748848193427	0.038243040995327014	0.22966544574491093	0.4156084486711536	0.2656714446015782	0.2507510627249469	0.02264544223977109	0.10018319074055958	0.43688366299733217	0.47605124480765887	0.3310173170698395	0.11601053760701442	0.4976152766832642	0.8596634205563102	0.2006976217549628	0.4536112270428869	0.43698209052602593	0.19488251471056992	0.06091164590447966	0.3693664266959939	0.26007832503710715
