ID	ID	Class	Mean	stdev	Predicted_0.1	Median	score_0	score_1	score_2	score_3	score_4	score_5	score_6	score_7	score_8	score_9	score_10	score_11	score_12	score_13	score_14	score_15	score_16	score_17	score_18	score_19
TSs156A	0	0.21838649166367752	0.3509343192481713	1	0.005244477547669472	0.8356312767037689	0.0017551860329978533	0.008733769062341091	0.001268908231476352	0.0008735066665539509	0.624781533218255	0.02570678582224404	0.7085569857077961	1.7376417918080192e-05	0.00011048222251824624	0.0005978956497352066	0.2136043554822392	0.12459773424369225	8.252250057282011e-05	0.8074860871302298	0.0190968339763085	8.38906052129664e-06	0.0003994384421706509	2.716480369224847e-05	0.9943936018985189
TSs361	0	0.26195305388194245	0.4105873606792298	1	0.002011721941633707	0.7984413518311265	0.00017886315169743356	0.009381074743500936	0.9959838652783604	1.5301424143779408e-08	0.9865257010929027	0.0004290528301313815	0.9236939675067505	1.5811118017046976e-05	0.00017515467013796342	0.0029243573841263395	9.932111904554627e-05	0.22088854046509784	0.0010990864991410742	0.26787626679767335	0.03244439276320534	1.2146570413586572e-08	1.915203998639395e-08	1.1797611120992654e-08	0.9989042119902906
TSs368	1	0.7887354013623498	0.3488905073893892	1	0.9718980955233476	0.9945436222941831	0.9733232413414836	0.9704729497052117	0.047904479852178154	0.9740716749682363	0.8685208976370145	0.999878702490508	0.9991927880697897	0.9999780605504828	0.9929081379682171	0.9916773007557804	0.9993131509529415	0.9674281989585662	0.9057992840231186	0.6524209657964201	0.19655158499570904	0.9650062970132024	0.2812133175379937	0.9869337478692102	0.007569624466749087
TSs49	0	0.9255474123367111	0.13956198459888042	1	0.9945463074728913	0.9974361019240994	0.9998404272828826	0.9991546325194356	0.9834907206741326	0.9991906601047699	0.6278669929628382	0.8942284378796022	0.9981170939878073	0.9930993066106273	0.8661132984667983	0.9243164739707405	0.9106619092527427	0.9704563810803807	0.9990729480456298	0.9959933083351552	0.8893250590304782	0.9987304730131403	0.9989001427752746	0.9998916488693917	0.46506222994829804
TSs138B	1	0.038676836580093965	0.08277269323653506	0	0.0009259578224229881	0.020259535315945154	0.0001092253263533054	0.0009904793460597176	0.1621132552584457	0.0005311623315829906	0.024491317672968783	0.0014141885142943378	0.003179994812671938	0.0006001949435081722	0.0008614362987862587	0.00016808190645198294	0.11324319169008115	0.10497901474671958	0.00014025577632240812	0.01038991957717729	1.3232428651821129e-05	3.2666097200134694e-06	0.00014433852095443295	3.2827200515347263e-06	0.32990135780513286
TSs22B	1	0.7363537379914639	0.38831250102030596	1	0.9801847770030014	0.9995964902043168	0.9996476580357944	0.9995539191407234	0.964753056061134	0.017128922892698885	0.7963587244576821	0.023327703324585673	0.44360533840369565	0.9917366326289504	0.371918905911959	0.9783244440028573	0.9964858589614219	0.9355263108223631	0.9975528667196116	0.999828080355848	0.020886118738170152	0.9820451100031455	0.999958693446544	0.9992412817622185	0.20959864395555505
TSs287	0	0.42636123910727985	0.4261965847968627	1	0.3381330785688827	0.9870576380580884	0.9945857376981003	0.5982533009014351	0.028914562096830545	0.05269024808856924	0.09364923342392446	0.018462244062066185	0.9425726888816712	0.001616921671818087	0.5826169237138409	0.86624083292644	0.7341236262744784	0.01852383948425798	0.0047929576241492215	0.009916843269591219	0.005081203553653951	0.83924792693403	0.9022488005410307	0.8465884157866703	4.083715494750808e-05
TSs383	0	0.20519249655014038	0.2705703943232055	1	0.09460352151030901	0.0013399511770520237	0.5231549929214012	0.4128347105452827	0.06271749728040256	0.7872461984883401	0.0003103015533356569	0.0026658666089272426	0.014304131701288239	0.002096198777976805	0.12648954574021545	0.15629063494028386	0.17423480268119929	0.022263220578396966	0.20559586074219166	0.0005696788346363498	0.3148582213011836	0.02513190428673683	0.01936363792867722	0.3371559559259816	0.9152266189892986
TSs314A	0	0.6134137172142373	0.40321744186002706	1	0.8168810946763496	0.9295747448533711	0.0036123803362276413	0.9791150818918065	0.8924610444251796	0.3096529809186525	0.004091046677750853	0.4873723432444493	0.13116625480508062	0.973835266346681	0.8189003685341636	0.9942819424665413	0.9791171373056178	0.002198340132404896	0.8545969771693973	0.7787720846691141	0.32784701102851294	0.9959942051014746	0.8148618208185356	0.9890290004439405	0.0017943131158447124
TSs30	1	0.4848285491555854	0.3714136138040644	1	0.4903523528341389	0.8646968831334538	0.5059212366398096	0.4747834690284683	0.025184538041132777	0.30138848752800046	0.9086442918655354	0.0134632306223955	0.9151534372112983	0.36132193945944024	0.701583952007136	0.35994156337102273	0.7625589436983579	0.015049211677938644	0.010642308580646194	0.0018922519865044733	0.9145305339717059	0.8347159456096983	0.8840623346431261	0.8302715214316635	0.01076490260437315
TSs291	0	0.36832988328745986	0.38970130185217733	1	0.1353190993144348	0.003122324980600329	0.7751800331636294	0.012766312827152033	0.6397724298483861	0.5698574258814939	0.023757496265205645	0.15274885881186392	0.00800081721775128	0.00331320351250596	0.9735194114571193	0.002314878434474438	0.7543731058760891	0.11788933981700568	0.0522626188690286	0.00523811108311768	0.940904693010083	0.898595387838757	0.009734990742351008	0.7282434442162797	0.6950027818963018
TSs157A	0	0.27739074620845894	0.3636795911255849	1	0.014585706196143976	0.00037007240198834695	0.00743276599382938	0.021738646398458572	0.3221599679558916	0.00031041115364466824	0.7687225578365113	0.7728364461381084	0.17198037489092194	7.904172252532701e-05	0.4794557452144569	0.0068829601156659296	0.9954708019304338	0.910635106593599	0.003274099804197815	0.0026043354995470857	0.30607724850232165	0.7654317063783175	0.005125408245923497	0.006870555412474183	0.000356671980360605
TSs27	0	0.26852389557141765	0.31735591862829937	1	0.1322776404903979	0.2445762051203116	0.17644786053191006	0.0449612188007208	0.006272950498930896	0.02673700578746664	0.4840143710153518	0.8107487240118703	0.9624995654026648	0.15897512501133812	0.2232902276626394	0.3620254919419528	0.8375162945584137	0.03055290617342383	8.771281434816402e-05	0.7161968626641204	0.030644781769143214	0.005682758089719672	0.07562322907891349	0.10558015596945768	0.0680444645256551
TSs363	0	0.31902795869629463	0.41795046354580734	1	0.0022931662965920965	0.8480581688723029	0.9996833998441385	1.4029519833622934e-05	5.805736273775896e-05	0.8320733132509935	0.9955941554323663	0.00022956676684004882	0.0036664172893781546	5.731386286995344e-05	0.000919915303806038	0.49747155733705056	0.26128259516837293	0.0005530749637822818	0.00034423993604748034	0.8301865502929872	0.1478829007420215	2.819720617276595e-05	0.00035037555545988283	3.352019294938108e-05	0.9620718250257834
TSs9	0	0.9800668792243504	0.04750696614996216	1	0.9955154319773354	0.9998904773736761	0.9948714274291673	0.9969104194546906	0.9895576546652337	0.999264652581319	0.991114327878269	0.9460491114302011	0.9989101340162785	0.9961594365255033	0.9999625236665944	0.9630940885401064	0.9999974196928203	0.9873703831192984	0.7870403044620277	0.9900851267173338	0.9997784777356655	0.9980660681059678	0.9974878129244874	0.9755225217407049	0.9902052164276659
TSs133	0	0.26235946753569306	0.3766925735677217	1	0.023324011124788324	0.4915413250307046	0.18022058513551442	0.000978919670458315	0.01508405238963948	0.05344953171220681	0.9788791879248628	0.024287209124708307	0.0021566203773540145	0.02192167815817328	0.7102844676175376	0.004950315329457942	0.0003047002426895068	0.5984723306269948	0.022360813124868345	0.9844378848782265	0.16857778273771112	0.0008284455096344152	0.0005234991220075578	0.0002529345593212499	0.9876770674417891
TSs155	0	0.20221638762356314	0.2949761742783615	1	0.04350225168772086	0.19280845472059768	0.9503657398882801	0.0020073903783017926	0.0531372323942574	0.005454747804272882	0.3760542533992218	0.002149749333298252	0.07289978968653903	0.47305941766296733	0.0005645786612273963	0.02128487413455889	0.02633364006315819	0.0024486130581857133	0.006173372770714232	0.4141632357566965	0.24541445943779755	0.005176529832774062	0.03386727098118432	0.22746277243830995	0.9335016300689194
TSs209	0	0.3614049951911649	0.32127941250572306	1	0.3436916981933013	0.013347858689684345	0.34264713746043374	0.015324063002262727	0.06439451172617416	0.1917635297666693	0.01554405771717074	0.5839814436801893	0.06588020279359098	0.08521276217326215	0.8561819124691259	0.4034589418862124	0.3447362589261689	0.09988895804736378	0.46196898025494737	0.028135695461946976	0.42908217380005853	0.7741821201345944	0.9583322530590067	0.6967945222459441	0.797242520528492
TSs136	0	0.6459883764489194	0.3264054418494488	1	0.7155027389152471	0.7349194662311004	0.3431397314516528	0.6960860115993939	0.9962111737127194	0.4685646967188772	0.5680575740445393	0.15044106694706186	0.9928731188315775	0.9002529125533731	0.11646734383435774	0.7724858660415447	0.995748687818839	0.9597263489995038	0.3740087391684329	0.9984592930200943	0.025946623995161802	0.9981007899670071	0.8462691937809176	0.3924525331884372	0.5895563570737969
TSs22A	1	0.7910777139188724	0.3821133242092618	1	0.9938887395185492	0.9752725151589359	0.9995288387339796	0.9999636513081177	0.9951598376159058	0.0003224335952861586	0.9857679984555261	0.9926176414211925	0.0015117475754993163	0.22721269110436332	0.0016057854560848402	0.9998867496017956	0.8164029917661886	0.9997512509805362	0.9999741004914379	0.9963748656261177	0.9803667905857189	0.999997235667358	0.9981105670622848	0.9995235579610106	0.8522030282101066
TSs357	0	0.22840826472386855	0.3312080084738746	1	0.043019375277535674	0.06001860229827655	0.7511820851720227	8.833973158336963e-05	0.10389796243263465	0.1742180524326523	0.0260201482567948	0.28987439605241366	0.0003432363494644534	2.3916430294435736e-06	0.0034338477621798117	0.14987414885977943	0.00021809140348423984	0.6405295595549226	0.00013259243741560906	0.9984382419344653	0.4842992415306092	7.595071439363509e-05	0.0004106090136220414	0.007772312546555679	0.877335484351071
TSs161	0	0.1086071450178295	0.13127526025256966	1	0.03678858030792044	0.00011598084739891067	0.036437033444896565	0.037140127170944316	0.2103846897692641	0.2875869262609818	1.7311404927285398e-05	0.2657760553338729	0.0020698856625624104	0.016502534463109467	0.34707017417301306	0.10949646191660636	0.004445433142326722	0.004008242056579936	0.13491438232214695	0.0002712117889710538	0.2090216557623398	0.06998699696712732	0.40292451415642344	0.033628682049978924	0.00034460166311837514
TSs11	0	0.39876556043723826	0.39735656057920765	1	0.24842902395850602	0.030860466934358833	0.032520337891630634	0.0666424090493566	0.09723085654362032	0.21413759334016655	0.8119560004718925	0.982752743664404	0.009649434452139727	0.9729640292002116	0.31754896814025896	0.7126927875179453	0.9233461561759754	0.021679537338887427	0.04475639288408442	0.0014940504655201984	0.2827204545768455	0.7124314310729093	0.988237454070641	0.7195097837105603	0.03218032124335452
TSs5A	1	0.5609859029303876	0.38918439136402294	1	0.720351546554866	0.204336310316983	0.5238649505659646	0.12407937446801708	0.8301402681040034	0.8452001529552453	0.989884242432674	0.9997357388984619	0.8545750022547786	0.8883658370512632	0.053908488919270525	0.6608172621791223	0.8598245115214321	0.9764101604829523	0.00015461391281022729	0.6659851159772899	0.05179399741111294	0.019891995191867486	0.774717977132442	0.8708132097921087	0.025218849039954392
TSs131	1	0.26393130150836086	0.3098421193911617	1	0.1755917507128833	0.0034759525328856363	0.2214856406843253	0.16845886131527635	0.004168820878675051	0.011625849545642473	0.24284136013878063	0.674428666007549	0.7213986012258453	0.748417366985354	0.00325230058597033	0.01341353382450929	0.02867494887692443	0.016145725840781208	0.18272464011049028	0.6409143210864472	0.9815390866258981	0.3062602879721879	0.0536944415844464	0.18719467565562825	0.0685109486896004
TSs294	0	0.3178891011742334	0.3853902876613331	1	0.13367540074680107	0.0726679623210918	0.01864192892933354	0.02627986821479776	0.007150162032470883	0.204141425290035	0.11850302756285742	0.9991783210145023	0.910500193790936	0.368456442446306	0.1352063812114629	0.13214442028213924	0.8574121194920709	0.06431333544339536	0.010535612852074574	0.05477412581845928	0.19244303966371631	0.9939595607959133	0.9958701648413691	0.1415004471123568	0.054103484369379694
TSs378	0	0.65845598541506	0.3824724167245993	1	0.9127207995003759	0.09574500656503913	0.8891769575038505	0.9749048049175894	0.9898085682204693	0.9603325204072894	0.00046792905890572726	0.9954200600152749	0.967806346416861	0.3531558939258113	0.28511884683807504	0.9911915802441482	0.5502223195382878	0.997478818357015	0.020924272833547926	0.651546364210286	0.20492663469808048	0.9362646414969013	0.960793259343339	0.9999445253508065	0.34389035835961884
TSs111	0	0.19510456412117624	0.3206408676462515	1	0.041654832907679115	0.8709673474219451	0.017719851393607784	0.0044067274082597386	0.12035712468582939	0.026058852698579504	0.8915999141330139	0.019566238625674148	0.02489076016406366	0.001372001330099251	0.13561456075308742	0.0009003684592210137	0.05029980712463981	0.03300985869071843	0.1279168579331072	0.07466167197980504	0.0960043069897125	0.00024934727232778903	0.008950050412741098	0.45912031931945785	0.9384253156276341
TSs56	0	0.7908645450203645	0.3330640330043715	1	0.9792322412886376	0.9992925473330597	0.9711683389308277	0.995223185484282	0.9198434347454227	0.9872961436464476	0.598868950558683	0.9135338698477546	0.9878103806063611	0.07218581554180882	0.318920311502199	0.9053673837344487	0.9999470732755511	0.9916686578712255	0.9996839605080717	0.11091197536790372	0.18390287497393776	0.9997934049342878	0.991077354422538	0.8728284363538317	0.9979668007686479
TSs3A	0	0.9340881714558786	0.08878423294890614	1	0.9935985389301776	0.694840093419829	0.8770580536303675	0.9995417209224061	0.9975172147871585	0.9998068783687811	0.9899847874905506	0.9998745437850161	0.8189919443024687	0.9998238760104795	0.8410015701857353	0.804821166009131	0.9986627777440443	0.882835332787299	0.9999085680296375	0.9646169334364714	0.9972122903698045	0.9999006927382698	0.9218095641329194	0.8947862269418431	0.9987691940253645
TSs95	0	0.28348666557506125	0.34788955328778237	1	0.09278646067957891	0.29822141558624143	0.08730604271472851	0.05012621735301206	0.019562914701755297	0.08029454701048624	0.9543875156688179	0.712097632147506	0.005791717296666099	0.1325364917406373	0.0024022740724607204	0.0022955004998563458	0.09826687864442932	0.48676136289434807	0.7830845874306369	0.0387619137336855	0.15800866771344177	0.7669325049328628	0.9432154072571846	0.02414138326530498	0.02553833683716226
TSs2	1	0.7059742078041128	0.39234658997498795	1	0.9311964300946043	0.9999235172381068	0.999998866333976	0.8924143290018427	0.9658270001085428	0.0052101616373119	0.9999169468693856	0.3164482493324289	0.0019806541355221136	0.5185631994457087	0.8965658600806659	0.5259935330497161	0.14878791119182685	0.009955122429527596	0.9996310622106958	0.9999387341096087	0.999996423502384	0.9781995002815371	0.984856347786715	0.8752933722923777	0.9999833650443758
TSs44C	0	0.33604653246220845	0.32175264771819634	1	0.2819866658286453	0.2742860979019745	0.00759998663541658	0.289687233755316	0.44765009188183585	0.01208274054694648	0.4579021232297401	0.5215654391475478	0.9475113807057977	0.014444881512259694	0.013990389740269844	0.4798882275542094	0.996380259560039	0.013367969342816883	0.007411712621577301	0.18735464062499493	0.21395718705017927	0.5812195302870096	0.013576726817194799	0.8123545296224344	0.4286995007066086
TSs201	1	0.5976655240944184	0.36244039251406707	1	0.7009878829906009	0.010095528091429199	0.41985136249994726	0.5199369044623102	0.39249311561884087	0.4948959615610414	0.9015331719469801	0.9475082539533631	0.7057100906545968	0.6962656753266049	0.023964677163546225	0.3231709221950966	0.8593779966744889	0.8348121450544322	0.03152407142403335	0.019110894447132026	0.9504288859906246	0.9901061062513221	0.9245183864917172	0.9702865055120623	0.9377198265688004
TSs217	1	0.2619536307297402	0.3530446145333738	1	0.07090285594211265	0.006004269694034262	0.0069049749573411945	0.22431842851609538	0.9947704700075165	0.0241026247371125	0.47020207492788574	0.02351006922938124	0.6091404241913653	0.06413700282376922	0.9990168353605404	0.0008010635683519834	0.07766870906045609	0.011127364424321636	0.9510294894115653	0.005166226124549551	0.001211987144956691	0.23552474996654552	0.007209135025657678	0.2605397704448562	0.2666869449785029
TSs168	0	0.3213186497823345	0.3244380282454701	1	0.19658019075245475	0.6931691767916496	0.2290770582607399	0.0006123543289199696	0.757624330795505	0.1640833232441696	0.8169326713519737	0.4508338216454794	0.2878204080319879	0.04623619753473594	0.6792898188824651	0.6566105889217749	0.0014951932921784454	0.01372933472728582	0.07346189535999491	0.33084810448928087	0.06268541071939428	0.07243503504308217	0.00012212446326407747	0.1172906532679511	0.9720154944948571
TSs98	1	0.5660987530286196	0.40527505112777745	1	0.7262051371891736	0.36864092553305094	0.11836037847358621	0.08986113824327732	0.10176790888638979	0.9915709120871374	0.8487109634845241	0.9848830084370205	0.9840833650063747	0.7375914255307702	0.9448417867508109	0.06104746824474782	0.9805809452614027	0.9303341041521815	0.7148188488475771	0.3386561287646034	0.10084363288750577	0.9857518962718725	0.911621528397978	0.11624918902266516	0.011759506288916269
TSs116	1	0.10262175844254995	0.1443059761818998	1	0.04679487767873822	0.001666584256904622	0.004224273315897621	0.04334745227864483	0.4160846309067061	0.005230881242219654	0.08678655025666296	0.19758747851953942	0.002798617350303887	0.07162715408512015	0.002064169544606872	0.3863100929348424	0.011328749843485206	0.06627453897127152	0.05024230307883161	0.42812637133974824	0.004181566486159986	0.18113849844322824	6.147144462164578e-05	0.009547454693269602	0.08380632985893398
TSs53	1	0.6220182760437523	0.4275548207974886	1	0.8821697878971477	0.9984528940641386	0.3198706680659137	0.6458382624151435	0.0007037408110501805	0.9407225194782508	0.9248104210190737	0.9633718685962755	0.9975585400922834	0.9998404414110273	0.11182417849220053	0.013034994293085246	0.9989275870870176	0.9440092240513484	0.8908244335992491	0.05514716365762122	0.7570542013987466	0.9987242615202794	0.005914226976625523	0.8735151421950463	0.0002207516506714501
TSs63A	0	0.6525075759649365	0.36979083888892633	1	0.8169491829264459	0.9995095711906833	0.9864510147266669	0.7040682307988608	0.39651964855579724	0.9972578633300181	0.027570150920738265	0.8458863143189045	0.9962810559763557	0.7880120515339872	0.9234089925058352	0.9486101066656681	0.37739368440761745	0.9469189547198991	0.1473607748781798	0.6322794191811921	0.30702529952962465	0.0763730674430017	0.9228231574302523	0.999267945128686	0.027134216056758895
TSs158	0	0.28128137503348427	0.3664265794091406	1	0.07335601815917515	0.42263707279324797	0.06294282740474022	0.0019782431767893047	0.860574105757731	0.999130197966373	0.22726391373828683	0.6446955042277066	0.9658402483125811	0.0011649889010747732	0.04337330778284305	0.009961287575063529	0.8427882013558105	0.014324702576967547	0.004678924427266009	0.00409577905701102	0.2717514205610951	0.13431708519481395	0.011039059094174485	0.08376920891361009	0.019301421852497978
TSs269	0	0.535325249114607	0.36377128320801805	1	0.5784391011900483	0.9137639455721777	0.8953388448434312	0.2822297481054143	0.5439385740968768	0.03157154973893317	0.6129396282832196	0.9448829789115379	0.00022279835584599757	0.005909855487019035	0.25818660221884704	0.9498525101107264	0.9502023536292966	0.31363988776380064	0.884112422432298	0.6502531662872278	0.06862362350412476	0.23789580162185697	0.9909027748756802	0.75839549165985	0.41364242479397595
TSs317	0	0.41107635322197444	0.3185835953777157	1	0.33945135919273584	0.06686500187805919	0.7678775574092603	0.3094412695333065	0.104151966043307	0.850700516318856	0.33702968130274935	0.924541113924646	0.2757402180631035	0.07547098479425948	0.0004010809141202521	0.010690683658554323	0.9215410593449526	0.7990171333942664	0.34187303708272226	0.43798810041554503	0.4190135276649693	0.7484299284823306	0.43921603317796315	0.06962745371128452	0.3219107173252318
TSs49A	1	0.3502400909760094	0.3527203819340194	1	0.16656976297477671	0.9647942195188949	0.5564820040399326	0.29597309913110303	0.048969759649578906	0.06150372791135452	0.8306465500514991	0.21409985655375102	0.09955232295970251	0.853881875542144	0.01620969726469989	0.11903966939580239	0.0277790406673919	0.0569228332773742	0.08358266553507057	0.8813101807212277	0.718502204682954	0.06845190727729197	0.0428825555126057	0.2903677973118571	0.7738498525159513
TSs417	0	0.35950240262304345	0.37101996269520715	1	0.18747224893894857	0.02181518716075282	0.6713302010119935	0.030098510077534855	0.11233720275468281	0.12671641093854633	0.03479066914186892	0.5653487770293504	0.9579228091120258	0.6251095491890043	0.90033683002371	0.8975380494489351	0.9216399072659566	0.2482280869393508	0.2956130026926119	0.005104000662997283	0.008077702731010307	0.018606326896218123	0.06006797366298946	0.6867983590541659	0.002568496667165061
TSs195	0	0.6692550884503	0.32530529492339944	1	0.7071094456354123	0.503545607746037	0.6743740219856396	0.5076911759355622	0.9505135092230363	0.38026049322495586	0.5974462758810765	0.9871180222591954	0.9572343027885156	0.996361607169064	0.036961128988330635	0.02877353193959464	0.739844869285185	0.9392148935795537	0.9985369438243574	0.8504636853029949	0.6066636606463877	0.1302284757030915	0.5880652530030346	0.9124201488911844	0.9993841616292038
TSs371	0	0.28272196507430836	0.31283708649390485	1	0.16971420107859514	0.0017971732463334408	0.8304425098296045	0.0021961528249652765	0.5261709823696621	0.17665992194831648	0.264777829411349	0.3834053706625439	0.0660704151690346	0.05981753761810711	0.011033619409815398	0.001191746641222631	0.5256035959338534	0.7760109072694619	0.1627684802088738	0.5839138489519032	0.00020853054259529255	0.29593185999051275	0.014760946926240167	0.9492250668356806	0.022452805696092683
TSs23	0	0.4852291588511085	0.34064859487759847	1	0.4846221275215581	0.4492800834193144	0.9245598395257194	0.05742609105942826	0.019466153929937585	0.9486185269979277	0.3397171703125756	0.6149703919682739	0.5628702072244464	0.34371651690642174	0.5038231892576528	0.021252550521304328	0.8309106082847482	0.9497708230851093	0.7770067703742812	0.18204824548469192	0.1385450952608756	0.9740241357024165	0.5972938730556839	0.4654210657854634	0.003861838865899716
TSs51	0	0.628419499947502	0.382877558907897	1	0.8054620112281952	0.0008957378122108853	0.9882571807678877	0.9409266644821545	0.951663296100171	0.38574732673703405	0.9125886074575955	0.9996456565963202	0.9532100646739005	0.9800452195619792	0.11005617123508861	0.05010501658624909	0.9693558731183456	0.6652102032116017	0.036625022549291966	0.9544342383765583	0.777615715808188	0.8333083066482023	0.570693308797354	0.3244512692980683	0.1635551191318398
TSs59B	0	0.8774659527211238	0.23390090853652998	1	0.9871753459608146	0.9999819952706851	0.9802138469217309	0.9995913581471715	0.9833651567875379	0.8305385779506288	0.643782339163351	0.9867255239483904	0.999901342858595	0.9982350203713405	0.8614795429761517	0.9976345190002373	0.9999891666064642	0.9584906355197148	0.17717302176276006	0.32397438139886964	0.9876251679732387	0.9975249599821515	0.8323474465985327	0.9997388631593892	0.9910061880255345
TSs365	0	0.15381140546795405	0.24489485350067589	1	0.03167937538420836	0.02822960483240179	0.13167846582471313	0.15734325243489966	0.12689122662888186	0.005981547299022095	0.2996808818656956	0.010482673375116061	0.4477670178411176	0.00018934901177498613	0.0008727705535673786	0.0015947174795070025	0.11637538653005186	0.22774710821473437	0.0027200109864936243	0.4502533625568902	0.034603505613308175	0.02875524515510855	0.0050157698939590325	0.003553162607960061	0.9964930506538777
TSs224	0	0.04789748199697039	0.0792326421913945	0	0.01822329836556271	0.21741210804190658	0.023223008180187854	0.0003072429240271195	0.00019885136336613227	0.07226868523037952	0.011333334948863034	0.1349855954423567	0.2969307005602575	0.05174682098508298	0.008682062664314578	0.02948764739360597	0.020681556656022386	0.018007200484437453	1.1186575054939626e-05	0.003104122163830055	0.015476319221716729	0.0001413356403861494	0.018439396246687972	0.02090262974001519	0.01460983547690888
TSs325	0	0.348428920043364	0.3921612586176531	1	0.09379617191928658	0.32028651312703305	0.022447824339326846	0.02300605874129028	0.0084153139954153	0.9503225888797039	0.0003528601624641438	0.9090578101705854	0.9992309241783873	0.06895188612888181	0.5454295612943779	0.41540439667094525	0.8379743725604007	0.10273958264621276	0.005542610572330376	0.00434298338983258	0.04157973042546922	0.0848527611923604	0.8590963167179944	0.7640705231989517	0.005473782475316415
TSs119A	0	0.5396645762518485	0.38656528843476795	1	0.5965380931917856	0.7062045243966466	0.9847022241136693	0.04309719523565083	0.20483268530765988	0.9761468170776976	0.3294766837871404	0.994254708561607	0.9561162425256899	0.9800729825696368	0.7366654378741375	0.6563573512768317	0.9872400689601456	0.19391081153610973	0.01535340514584613	0.3420452321739303	0.11765419433143877	0.5367188351067395	0.0571783961648834	0.9020204869956661	0.07324324189584422
TSs166	0	0.31000482710337385	0.3387294780616148	1	0.202676905013589	2.3202179516992376e-05	0.37853773309931804	0.009494214603711774	0.28047143815232645	0.44275120553127295	0.47705125533362563	0.8571720969272016	0.0024846360431959925	0.10077013968737751	0.0008559406135595399	0.004296464488284183	0.4309016010577108	0.9694024336734073	0.6948177958693587	0.47760591751602577	0.016145688394189027	0.92699426440257	0.005344521074123111	9.362154585175357e-05	0.12488237187485156
TSs297	1	0.6283064136710219	0.36287020349875404	1	0.8111450424529185	0.0781029301302705	0.9978344848636742	0.9143169306645287	0.8984515589637121	0.015956616451560036	0.9157893620716288	0.7902291741132899	0.0455426587424728	0.04154573026288262	0.4586480114819618	0.39023097623917286	0.9806496612909464	0.28392138866663613	0.9576225534495505	0.8350663786967202	0.6886696475280414	0.8977213127213819	0.5464469911334078	0.8320609107925472	0.997320995156053
TSs338	0	0.37467353358780453	0.306231137623458	1	0.23511457400458508	0.4167523526370667	0.538481792404844	0.7225908337673881	0.2389221434943105	0.11703625402191223	0.12850617225299607	0.777784078588062	0.9925812931904777	0.8784205543059502	0.005970487608279847	0.17127692191153632	0.23130700451485964	0.4999614074438965	0.0034098401773936726	0.7088746174181189	0.4387105851250434	0.20142439089909536	0.008287334221108125	0.22526514680135598	0.18790746097239602
TSs293	1	0.2954647622214237	0.3168924596872865	1	0.17956792156372425	0.5696135389112663	0.1934084406742833	0.8437946291258622	0.058631711347198495	0.006881834007338941	0.05626220320322833	0.8517878081131923	0.42601719150707235	0.06633582882311066	0.015942711666357794	0.9380884981824759	0.16572740245316522	0.029559986083185857	0.3497783364814884	1.6507035031060043e-05	4.6364803629319244e-05	0.27942981538066414	0.4855805824313297	0.5631528667256577	0.009238987472935828
TSs24	0	0.1850929996706862	0.2669604500639368	1	0.012416854632754295	0.00032985463312181976	0.006397149575318818	0.5081363542409036	0.0014583580174150016	0.002643755832270254	0.6685522083006323	0.8808490293430212	0.014183379544139459	0.4164215468738565	0.006129457076579828	0.010650329721369131	0.06962074116763221	0.009867496011492574	0.4574681179440117	0.35786124572080175	0.0003531059155963399	0.0077588799022806154	0.17350958309960077	0.10934859230460567	0.00032080818907506925
TSs334	1	0.5574974531805645	0.35141206036294836	1	0.6427378873576381	0.9161490223841662	0.6294627063283014	0.7864294881522792	0.8655211873850398	0.7920512950816165	0.01940029064590688	0.8815618779051461	0.999965062949166	0.25304416176859035	0.6487159330927689	0.45253122794474493	0.6088874828728326	0.01091902751994649	0.12000963105187375	0.6367598416225074	0.06774244371366582	0.6526857964737549	0.9916635384508656	0.81243801605123	0.004011032216888625
TSs1A	0	0.9773353708941425	0.09210947774757981	1	0.9998800967673207	0.9998244144195056	0.999993020374387	0.9999935361347062	0.9998303327015333	0.9999899210143912	0.9819287486660803	0.9999842794810984	0.9995378364144036	0.9999787472883175	0.99790901947642	0.9999901239030247	0.5864580674108291	0.9999831872498351	0.9990708850450288	0.9906823593001307	0.9999299400904186	0.9999298608331081	0.9969859671474819	0.9999746955206907	0.9947324754114556
TSs266	0	0.5591447164052691	0.3893370339887452	1	0.6149972836985178	0.962590739253562	0.43801754129449544	0.9801969392320999	0.01600305466599813	0.37657427589965387	0.09013312599122639	0.9787287691966071	0.999304654854191	0.9943362236006642	0.7260943218022754	0.3412931243674566	0.9998353004107623	0.12022356404270422	0.002393231022508603	0.0007095416153649021	0.20166776982397958	0.5039002455947601	0.7964866937760655	0.7886583365572092	0.8657468751037991
TSs277	0	0.023838088032948356	0.04405063807923165	0	0.0042556199946360024	0.002038613392611205	0.004727664646992869	0.040650170342442664	0.0003115665431915539	0.003961050214236294	0.01756006189239526	0.05180473661010217	0.05257673583944578	0.0006638153764443253	0.0001342557412944086	7.51723893517806e-05	0.00455018977503571	0.013479473432864387	0.0003302867505922187	0.19126116236389354	0.038462669339098456	0.002989672957847448	0.000707834386755144	0.00037762802080337446	0.05009900064356849
TSs60B	0	0.6380863880624523	0.3665941291489253	1	0.8096848625437024	0.9984727273685523	0.9753857451044977	0.7745820445830057	0.13487092040144322	0.36599570832028455	0.06989573318158905	0.8682842156559046	0.9095890918533887	0.12657701874676552	0.003300509160543355	0.22666275275524325	0.8619183495671416	0.8576652781398297	0.9885107956963933	0.25937785284511605	0.7800440207577702	0.8393257043296346	0.9976641597212171	0.7479859942328944	0.975619138827829
TSs303	0	0.5202629469765371	0.42993723231019504	1	0.594934523160382	0.00022766769772690831	0.049868933229271245	0.8823181846272264	0.7915495190109352	0.015130316896395792	0.9528160650778186	0.9633694879957694	0.06838097448644392	0.9652313220459207	0.0004981148342830749	0.37197379847583967	0.8250678723185894	0.945857293870653	0.9696055965592899	0.9954953728670841	0.062009221270620425	0.9486294371835896	0.003463772244078922	0.39831952730982884	0.1954464615293769
TSs120	0	0.22833566914574038	0.26829066736756435	1	0.09766923068785871	0.028262434835411424	0.010272873811360892	0.007431189557075359	0.22314174147614718	0.41267433826785177	0.006682392416678045	0.5180926695198192	0.07815988019477031	0.10015653763536135	0.6215207765306717	0.09518192374035607	0.4900900636475522	0.023058583597063968	0.001960627919481187	0.04198787236940755	0.14552388646771777	0.6455204609723336	0.2193290642351714	0.8835678529346038	0.014098212785973223
TSs132	0	0.6474742709724265	0.32887589023553326	1	0.6791907448241652	0.0019502840691914887	0.5460672009044266	0.4810391416192867	0.7222713384795272	0.3254131682181874	0.8690220439342864	0.5399163491596277	0.9886261393509399	0.06925793471930161	0.5798807985125208	0.4051358707276996	0.9746334295085205	0.9625209040434157	0.9927586320180718	0.9987577386079133	0.986817960197928	0.9656087115460447	0.6361101511688031	0.74715925652153	0.15653836614130834
TSs78	0	0.04524030438346637	0.12658661526600604	0	0.006899806764627668	0.000181408012250701	5.4416491163044666e-05	0.04384213871474745	0.028993495953146334	0.05242299664897055	0.00014355974211384482	0.014019485277033672	0.0014274926343687156	0.02483152732534449	0.006755136163140213	0.007044477366115122	0.002214442077149135	0.001765537136554521	0.0002465193002733437	0.0001229025888614252	0.07925417218680397	0.002675347014073118	0.5741228284492828	0.05431846092528033	0.01036974366265462
TSs61	1	0.10307891837169325	0.18542624364058866	1	0.004937859183198216	0.003861595314827225	0.014977139828580366	0.0045772877824765005	0.0035882490554504033	0.12131373184981396	0.001057090382929378	0.5960860780072498	0.5601260048504724	0.2797075004689393	0.005298430583919933	0.12710288537795805	0.0023906859825111528	0.001016451992140127	1.974988339130651e-05	0.0009350850175747968	0.0005714286916867467	0.0002053507201250918	0.29351865920895087	0.014677746678592422	0.030547215756274903
TSs60	1	0.982522738003429	0.048640888867362855	1	0.9991237674109994	0.9995542452150297	0.9699485565597076	0.9999775575914268	0.9965173973830455	0.9988859505147396	0.9999894829520423	0.9997473302941531	0.9998003154387671	0.9999954545743708	0.9993615843072591	0.9932390702150323	0.9999957266661986	0.9683964272234089	0.9997445785229216	0.9951223171854388	0.9864836125567936	0.9999597521122913	0.7819668179699426	0.9632154900339134	0.9985530927520954
TSs274	0	0.18522518007629019	0.3017444797054192	1	0.012203808194553176	0.0020764174312624295	0.0007512377212915383	0.19638760450629367	0.005524190287139286	0.40233510721747673	0.012742078939420158	0.6912062493343553	0.11130318675479989	0.15661528447093723	0.0005789583446494415	0.002622277954202825	0.010057738646964211	0.932173969586454	0.0016947921535142517	0.11552698110523621	0.011665537449686193	0.010488311852741107	0.0015501237476549191	0.89253842516531	0.14666512885641414
TSs10A	1	0.7688510136182891	0.2721735288737621	1	0.9304895012869685	0.998707588777304	0.7753521103867637	0.9996508304465221	0.9679276078264982	0.3785918259938209	0.5281832595880628	0.9419429908808432	0.9974514411998596	0.9983193086514087	0.3801889111451916	0.9824972693612496	0.9997168505854499	0.9842891318963883	0.5402017401753981	0.4786746750452196	0.3767818365494228	0.9190360116930937	0.2664456296704951	0.9639597798065216	0.8991014726862718
TSs96	0	0.40529741499814265	0.3873544983252776	1	0.23637349184602116	0.09080486455350897	0.5156903997730357	0.028777166088098882	0.6132455253350717	0.7906308614758022	0.28519188550122765	0.930228529267912	0.6220711396790799	0.03944104169850081	0.9827855645114771	0.12412974499258274	0.18755509819081467	0.021616423013313724	0.007143815592164084	0.019251603400475756	0.12033797916672308	0.9747839255203691	0.9597075065737809	0.7884794809440774	0.004075744684834693
TSs282	0	0.8560159138259387	0.2050854931252877	1	0.9913072621760859	0.999975745168809	0.2345343332322024	0.9996127816354798	0.9868802964573311	0.7785982415478426	0.9999904596984003	0.5884926439429293	0.9985192919550533	0.9997505141757369	0.6664695274341933	0.8589385513292588	0.9999820942863601	0.7226879196502459	0.9988722210735991	0.9969943355220294	0.7403803022296802	0.9999259442031738	0.6459188682855719	0.9080599767960387	0.9957342278948408
TSs56A	1	0.21905789157845573	0.3311065626650121	1	0.030943342071581822	0.030254332421332523	0.19908180148929544	0.048735579537487764	0.004725520020518752	0.8840799793461479	0.02817877271595932	0.03163235172183112	0.2564593386374913	0.033789342914146	0.985765620784698	0.022233521291553076	0.004000292759989256	0.38514534722616245	0.002167025724068312	0.005365081313237244	0.026016440173039553	0.005634631625027278	0.5872596366779581	0.826485301566364	0.014147913622807911
TSs296	1	0.8603690414147686	0.24321938737624915	1	0.9907206935858375	0.9978322523435801	0.9988753530223584	0.9561492557379598	0.8146299394629778	0.2386437507706571	0.9992633620321281	0.9197559116433353	0.6577706908852917	0.8133388971762107	0.8971475844344491	0.9848630918992706	0.18325213354421302	0.7517289496424244	0.9999966512273841	0.9991113851293786	0.9993945055548222	0.9993644162600409	0.9965782952724045	0.9998661893410647	0.9998182129154187
TSs33	0	0.6005226600456084	0.38293871160138154	1	0.6789494193105793	0.9958313962831232	0.9860582296932533	0.8598045990436347	0.3183185791178765	0.8136846341218085	0.009338560349294329	0.9217069969993592	0.7401791685148157	0.06232635459856563	0.6171086201236392	0.6177196701063429	0.00780588818785434	0.0447702526046648	0.05972353557650045	0.9832433891176761	0.9561307393546273	0.49615356758205637	0.9808256782603934	0.5599146526859928	0.9798086885906881
TSs311	0	0.5553570515389062	0.38189067875370003	1	0.6132203588653649	0.019537137883721648	0.5620437353942234	0.9394540456771892	0.6703934662320141	0.9645094408671446	0.6643969823365065	0.23753366530077674	0.020061506609938915	0.958232568929911	0.9477945593468469	0.3609270432379157	0.9456664345135931	0.9804785020400383	0.9309946386794622	0.4059588216755797	0.27080697644120627	0.08194003364421511	0.08720019366168923	0.9655000132850796	0.09371126502107419
TSs68	0	0.984410711770909	0.031868989550854376	1	0.9982049637307862	0.999915964896703	0.8640289344930481	0.9997194524992872	0.9983650328112478	0.995845813287933	0.9981940008782412	0.9527748898544147	0.998793864385642	0.9796617291880515	0.9528670655129251	0.9825893565407878	0.9999024234399201	0.9990892119532105	0.9995383780864067	0.9933893547927777	0.997256219894735	0.9986270160861096	0.9795350588160588	0.998215926583331	0.9999045414173503
TSs104	0	0.5087520720012705	0.37843654850799757	1	0.5986681436165382	0.752945492689673	0.2327360436785836	0.6595162877516009	0.3739859970512943	0.12099878812640386	0.012139257631383333	0.9912847636789597	0.931331253092025	0.9620719363698166	0.07818827122435017	0.5378199994814755	0.7420526821336263	0.032584924446509754	0.9627078969291638	0.6677780195908986	0.18257070585973004	0.8475289677637065	0.12235868094717325	0.9617231239772139	0.002718347601825217
TSs58	0	0.24340650974383005	0.3353522287639486	1	0.04491347793644879	0.05406566198743867	0.03576129388545891	0.07135129586518721	0.004657284616022328	0.008068087093354014	0.03410115275396242	0.7349438442618658	0.9832838679298028	0.2578896765112613	0.5458968501325042	0.001909141792364296	0.9563836914236109	0.1829123432195431	0.0004231775214185867	0.00017765083492734762	0.017846301700752104	0.5822359253851855	0.005809943344608951	0.39009168082008605	0.0003213237972459211
TSs358	0	0.22514443176927879	0.3704220536437688	1	0.0008392348179906382	0.8287198100297857	0.00021845445882459925	1.997855976320813e-08	2.7913544677226397e-08	0.7759056415804138	0.9865256644159909	1.012385616491059e-08	1.8216304122948738e-08	1.9911747407357307e-08	0.00021463869205538608	0.004356476206274667	0.0001026761873026041	0.4835537536951872	0.0008997657492526908	0.3544713408373839	0.03304709095400134	0.03528771609392242	0.0003246157119082996	0.0007787038867285856	0.9984821907425317
TSs82	0	0.34674560690115647	0.3534643046519636	1	0.2449698306078491	0.07147208205429123	0.5280949436981186	0.00019322045667511642	0.1932358977017802	0.6641475287606322	0.028183142613177975	0.9735732105303464	0.8441785407353581	0.19120994976830408	0.9345943393406435	0.36066394112874905	0.005741558185843109	0.29670376351391803	0.0036859391179811726	0.003468899110113783	0.0021975465978505814	0.3586552735625689	0.814365249112557	0.6593358883215608	0.0012112237126595583
TSs15	1	0.4110730719404477	0.4060953322577279	1	0.20002836645143907	0.036559930640685155	0.14473732469367243	0.25012170429978287	0.0022176284863118377	0.6707053593223448	0.9978153208300952	0.8998457547651573	0.9828028283478213	0.9917136667017337	0.973344651646011	0.13701325175435328	0.4079761685089279	0.01989883141457114	0.2908855702988698	0.01872622786387139	0.972575793559376	0.13720945027671233	0.14993502860309527	0.0019827372839406943	0.13539420951161876
TSs3	1	0.9841760985161375	0.05818406733843137	1	0.9991934795212092	0.9993344794826484	0.9685601412638243	0.9991019635907061	0.7387590467520231	0.9981147794613792	0.9999962398240073	0.9999763874382315	0.9999256112349433	0.9999938396182544	0.9990149301350186	0.9997298453096802	0.998702727059308	0.9998572821590447	0.9990889894397451	0.9992849954517123	0.9931375182424035	0.9999673452606808	0.996672134071905	0.9995658066081026	0.9947379079191352
TSs4	0	0.4948104030038312	0.3800858095293949	1	0.5475474096686617	0.9824846057885893	0.6762085331238077	0.6455257338155236	0.03920089603153084	0.18638175962827289	0.5738984465759586	0.3627158759112929	0.9944956620746187	0.008927677338977305	0.12083209944545231	0.0009747485050743088	0.9906177409347429	0.3733772992735481	0.01626430222825622	0.6208717754219647	0.7701606785862158	0.9924589096561584	0.04861707713972023	0.5211963727613647	0.9709978658355543
TSs331	0	0.3235050944133756	0.365512302742721	1	0.2075931227161268	0.0003366406592255913	0.0009279550017602035	0.2877111514144122	0.00062199695083494	0.09963750073621971	0.9020744891131713	0.9873415680150375	0.12262051131001257	0.9913340313827504	0.0009206937312968998	0.01804508060190788	0.2699993731012315	0.9562209282243381	0.1451868723310221	0.31275406187895144	0.6387315824728463	0.30363391176707094	0.004134583133450313	0.049274816107566545	0.37859414033440375
TSs314B	0	0.8263968043710243	0.3069487605691749	1	0.9857873814354621	0.9539417913918485	0.9994516445997301	0.9846059342123467	0.028571721484203113	0.6939345807476207	0.9338135799646319	0.9869688286585774	0.9997175301955712	0.9995126448022077	0.9998985909305975	0.9996920476621904	0.9999493063497449	0.01231189160642498	0.993100766772192	0.6116709653706502	0.7659759707618286	0.9994342738161535	0.9798312141477661	0.9942755354905988	0.5912772684556022
TSs333	0	0.6626109960067765	0.387706898912794	1	0.8642563554653366	0.8818190244168029	0.9961458323437833	0.5499947908820209	0.0047850555286450885	0.5790124178495097	0.10785659717956947	0.9557044395226645	0.9985088466241074	0.053724428217192345	0.9658101638832568	0.8466936865138703	0.6252634062513749	0.14068339097462565	0.9972434387799146	0.012312979159937856	0.972610425873573	0.9937401929947305	0.999784626122626	0.9890777504046382	0.5814484266126884
TSs7	0	0.8498083039921687	0.2880424527495885	1	0.9901650309728155	0.9920837088619415	0.9997142320229648	0.9994945751926055	0.9652114698004048	0.8338725634974562	0.9988268248277152	0.99772754038259	0.6941726028413862	0.3002970825059136	0.9979872746376331	0.02319386916312143	0.9630058145553854	0.9644510332928712	0.9556141929344388	0.9989498237103127	0.9997833065451862	0.32423190238630994	0.9882463530836895	0.9999116409448306	0.9993902686566167
TSs38	0	0.7621820602983203	0.319379264356523	1	0.9278136602096002	0.9727906589880108	0.9746534067850496	0.9978262987347115	0.9278735697339365	0.959678552854152	0.9935110205432038	0.9699289620343589	0.8414142813750025	0.744343689931279	0.01280747174276893	0.9785884003742006	0.9891005230277005	0.9997923344728908	0.9277537506852639	0.6031437216772656	0.051452110926422524	0.515211365867066	0.2320990169118184	0.8339750516209902	0.7176970176803126
TSs10	0	0.4960475991872603	0.36537871117912185	1	0.5090731617660473	0.20148178219226195	0.7502012827559223	0.13659098221939409	0.16285865154465923	0.9344958985952696	0.43832419282395574	0.7547423298098417	0.15484259777232168	0.04403339706440926	0.20342018090358832	0.17310197721032045	0.9923215756731036	0.6556481370163513	0.0048168524342596265	0.5798221307081389	0.9995961354956376	0.8971745349449423	0.9303445149591909	0.10355580077655996	0.8035790288450785
TSs48	0	0.4057043478258714	0.3773060435897194	1	0.35942832134288966	0.000491983774854879	0.004474780993994942	0.9590192283291228	0.014699844029655318	0.4142375302458249	0.6460568895489167	0.49939367587953354	0.13171689977939413	0.6959834453093169	0.9042073036402937	0.0058723527512439195	0.23664357007537407	0.44582533475436575	0.8912544317894657	0.9701978314313203	0.9129737431255379	0.30461911243995443	0.010663637443147116	0.039631080049283826	0.026124281126826406
