ID	ID	Class	Mean	stdev	Predicted_0.16	Median	score_0	score_1	score_2	score_3	score_4	score_5	score_6	score_7	score_8	score_9	score_10	score_11	score_12	score_13	score_14	score_15	score_16	score_17	score_18	score_19
TSs156A	1	0.9315759793309247	0.22095964607897775	1	0.9995001658931708	0.9998807480195239	0.9999356057551897	0.9999995079708629	0.9993682880925909	0.9464514805868002	0.9999984850473513	0.9999992123698425	0.9982474007325358	0.896249387483894	0.9996320436937508	0.7993244503710568	0.9980632077589369	0.9886316432059689	0.9904274541755158	0.9999874283548529	0.998893530201813	0.9999539048324607	0.016564552413212266	0.9999222557728615	0.9999889997794754
TSs361	0	0.9499888971237709	0.223306640572122	1	0.9999999791850277	0.9999999813550461	0.9999999763969284	0.9991187812882838	0.9999999306495536	0.9997196851022829	0.9999999885276044	0.9996752657172451	0.9999999857053192	0.9999999783662394	0.9999999693718296	0.9999999762261701	0.9999999770718254	0.9999999849910244	0.9999999861109363	0.9999999850488945	0.9999999903768982	0.9999999859980042	0.0012645463431060174	0.999999980003816	0.9999999878244107
TSs368	0	0.274410127132218	0.34945980520102904	1	0.044420558212195975	0.012017382279168001	0.8039766717154371	0.061202511022343795	0.003839203771347575	0.9236738626891116	0.0035900636044726786	0.7669730250532716	0.23796138922181326	0.0007494324809496895	0.8221748348916386	0.010647707275112897	0.025014230049000098	0.018366101004388444	0.3169725896464684	0.009590615017323669	0.5226198548767376	0.1424646364889363	0.7785838165942389	0.027638605402048155	0.00014600956055201274
TSs49	0	0.01751120888669166	0.05869047050922538	0	0.0007325712159462917	0.0180727983253422	0.0001119036288776575	0.0029939804929818964	0.0007298329344454206	0.0005168678888139667	0.003460718107454129	0.0007353094974471626	0.017051444884177796	3.055979349356457e-05	0.0037174699009250873	0.26476223228610757	0.009127631580737245	0.00030512353385501187	3.0113549553764913e-05	0.0009705447155162043	0.0001797175178082989	3.154430764452159e-05	0.02725387707705375	0.00012425105249991343	1.8256659097967264e-05
TSs138B	0	0.6190826028421722	0.43140743008329135	1	0.9356863366453547	0.6020161155694835	0.9954424692324471	0.9998135780292003	0.041458478350751844	0.4464017134250416	0.9508496238829399	0.9582413318693142	0.9992448400469409	0.98573653491154	0.007994942636752456	0.008306241291644749	0.09646939030916193	0.2924756492585435	0.9205230494077695	0.9809049292780645	0.999949950113568	0.9995978327206456	0.0007660781241020265	0.1286161178634636	0.9668431905220707
TSs22B	0	0.1105228484410444	0.15101369532672032	0	0.08432590646172182	0.2405318707620444	0.00043555339771384426	0.0005456102461788208	2.4854957022262656e-05	0.11148739514796072	0.026463222535617597	0.0003925017739499763	0.08934497250657741	0.09137687287700254	0.0009720535400270913	0.38552746522922293	0.019831509308809524	0.5562482149729464	0.31224263450444695	0.07945842300483848	0.10739974956879272	0.006770841229891826	0.09220908139640485	0.08919338991860516	7.519428347020643e-07
TSs287	0	0.38382711572941397	0.37812034487764357	1	0.2831511332713819	0.36045423914816827	0.6045565407902722	0.0009711966412743577	0.9492748263334417	0.8057478587259362	0.013947691081350994	0.0025551841768969834	0.22287614144955428	0.9517431344556416	0.9340977038888648	0.7498912034745933	0.010888762783942657	0.03617072717854048	0.18102874024599086	0.007816281086341595	0.8298622783012867	0.03804465251870678	0.013385136093063852	0.619803891121203	0.3434261250932095
TSs383	0	0.9689186091123896	0.06059493913563777	1	0.9957051360277449	0.9981688594444466	0.9841926519811702	0.9702775571486426	0.9999690523628095	0.9844489217256017	0.9912384423782576	0.9997590403491504	0.9998523214825535	0.9990320540145085	0.9998962857841955	0.9873144806210664	0.8185748283848702	0.786872831838206	0.9184095334666779	0.9998949176916784	0.9507216071218934	0.9971438790978665	0.9942663929576233	0.9998667008183777	0.9984718235781979
TSs314A	0	0.18460128415126978	0.267870236547706	1	0.03250385069822721	0.009560011994228287	0.12257510861660814	0.0029764003111927674	0.289872162639674	0.016946748119881647	0.004022338370194874	0.015479151009289666	0.012647080553245003	0.9385038802796551	0.1737055716234478	0.4064396797762161	0.007550084337262545	0.04806095327657278	0.289122564952378	0.4553769488722968	0.001420304405861868	0.00011391125408625838	0.7432622271639081	0.15200016215466147	0.002390393314733585
TSs30	1	0.31412771018181135	0.32152656768712445	1	0.18897467633005435	0.02345173412956998	0.7682861164317889	0.027478984692719925	0.09762192689796456	0.20601829050831127	0.0005735808375162602	0.03159952703523525	0.41737195643596103	0.6862462578537646	0.07972240261584097	0.19501410515369225	0.9290582124630008	0.06455912760177179	0.24659273005358417	0.7575627084343534	0.0009975945889008529	0.11917733086683767	0.7751759284179929	0.6731104411110044	0.18293524750641646
TSs291	1	0.9186441560367298	0.20452450756804322	1	0.9947666795906921	0.6430944172059229	0.9951070575395606	0.9354726245000313	0.9956915110976319	0.9981510095112119	0.9989158248255359	0.9964591740608398	0.9992248323932796	0.9984569739828928	0.9841714254861091	0.9483198269188323	0.9944263016418236	0.12057896712910297	0.9436251519274365	0.8843095840670585	0.9924716627820032	0.9996166062929213	0.9492751996927927	0.9995736603385602	0.9959413093410528
TSs157A	0	0.7123416226960473	0.3402417582871667	1	0.8542246510797874	0.7245102501572106	0.41908081207830683	0.11290340449808631	0.9377432293393745	0.9814358522385208	0.9971459678716079	0.9994820631573365	0.9244136048119324	0.5500873787436695	0.9932013696313781	0.40599946267643616	0.9909232510575168	0.7935525858705628	0.05924028233321799	0.9978726546370934	0.8383050582744871	0.652012617055369	0.8701442438850877	0.997315508601877	0.0014628570018734369
TSs27	0	0.18349046211449296	0.20942178571575173	1	0.1148407089669495	0.13982257641065252	0.5237626674084173	0.11000963129699565	0.20420428580949357	0.11967178663690338	0.07077938995549907	0.0423958620610577	0.4068927542066352	0.04877408259612001	0.005329327799142927	0.15716203254576888	0.0017026295283969234	0.26575464876067917	0.1620674911882012	0.05654316780462179	0.0016905285770550322	0.4303791428214787	0.08631989485744627	0.029356421847868814	0.8071909201774246
TSs363	0	0.9207172870255921	0.239890704239069	1	0.9989418395900449	0.9985497151277601	0.999912956735301	0.9987826371774073	0.9966213383274622	0.9982030545111352	0.9917397198465543	0.9997547869981013	0.9999598332113521	0.9999996805473091	0.0014571210157893495	0.9032207348559576	0.9983819480859232	0.9999803754299648	0.989901387396785	0.9999989006373442	0.9999852458742959	0.9997447624296398	0.5390528135867209	0.9991010420026823	0.9999976867143545
TSs9	0	0.6846441045855242	0.29429855266783245	1	0.7354140956423811	0.980124303426399	0.8909541908133056	0.6713872843070509	0.12719701547960485	0.6671339874026263	0.2953178016907794	0.9563695780667154	0.44977512614891196	0.7994409069777115	0.6545644782953581	0.9914484042777327	0.3526929567786588	0.9966261926452328	0.9787844961575095	0.3858455572341119	0.9863722388086152	0.2772927381255993	0.9779504767097152	0.8301681971966336	0.4234361611682142
TSs151B	0	0.9325220188202137	0.22943979142332407	1	0.9999999689627247	0.9898373747090827	0.9999999264517071	0.9999999839017617	0.9999999690887212	0.9999999692280442	0.9874407803426616	0.9999999824992704	0.9999999147695989	0.9999999735709066	0.9999999601704677	0.6911428505120042	0.9860413373593029	0.9999999729688517	0.9936691249284832	0.9999999816898625	0.9999999823770519	0.9999999688367281	0.0023093551715446512	0.9999999800038144	0.9999999878244105
TSs133	1	0.9629548602076307	0.07072400344225113	1	0.9995556450356051	0.778430185196322	0.9979735604464018	0.999649027887289	0.9717145873242922	0.8967661548313053	0.9994622621839212	0.9999980686773836	0.9999902798542633	0.9999982121294008	0.7831404286919088	0.9922965816653231	0.8873904210920972	0.9997969404395971	0.9998816563976007	0.9999586922642931	0.9999911917402422	0.9999947984002981	0.9535400242062377	0.999138043147872	0.9999860875765619
TSs155	0	0.9132738568373509	0.23823913749268558	1	0.9976619189507298	0.9974249737560658	0.9981106528680028	0.9955825278542003	0.9996304450018754	0.9959229208113011	0.9998919715313864	0.9877437915950222	0.9992929910582385	0.999982773630873	0.009519906120599761	0.9922270569103668	0.6147015387656871	0.9951925171889475	0.9997019666643816	0.9977725777731935	0.999992570899353	0.9999565667695446	0.6853083675009248	0.997551260128266	0.9999697599187886
TSs209	0	0.7343617429028195	0.32552807230249775	1	0.919211838474185	0.9251770456577892	0.9309566392925038	0.9787286677285398	0.9132466312905806	0.6959725155899097	0.9752687653275707	0.322643701032769	0.988457604788696	0.9761436972870796	0.999292324486257	0.3507208974871225	0.028936639740594478	0.6068608235479404	0.15793466162985464	0.8324061340978527	0.845976256030718	0.2445136316528692	0.9843244872699725	0.9521147850239734	0.9775589490937958
TSs136	0	0.1518866832767124	0.2384254742059121	0	0.05411457531674707	0.008187569724210192	0.6445072328785526	0.0003192161955676315	0.07220070883665358	0.7150377843573683	1.5309294341274182e-05	0.22892450402072922	0.10465452409189134	0.00034345574911949544	0.0012790516376798	0.008741150982776329	0.06591088252324426	0.00740643208818775	0.0008194824913309921	0.11747503973589253	0.05419857893050837	0.2922746887013706	0.660765481894797	0.054030571702985766	0.000641999697040929
TSs22A	0	0.13739040057276306	0.28621234985657695	0	0.005904528473009943	0.10958533526489439	0.004508219659165062	0.0028269752253446325	0.0004317567245733909	0.0009584429511838291	0.0028296947168426315	0.007300837286854825	0.00029449962612282756	0.8938185915012921	0.041137513243905334	0.9960538442354415	0.057058504326698394	0.21710505638212124	0.016352051346844455	0.00032814391171729886	3.4820389656593682e-06	0.0007843687547724119	0.19616092436439467	0.19997634934395805	0.000293420550168688
TSs357	0	0.7305300091830107	0.3562658761291324	1	0.9695540066934185	0.6981294911986939	0.999996037836159	0.45473970894974647	0.9984793513219792	0.3432326769573441	0.9691052838919488	0.9984221193492843	0.9999137895984325	0.999942413844909	0.6547839179966551	0.2421009099131029	0.09076934679765275	0.9939972612989548	0.9357222037998424	0.99781589408326	0.999858227697048	0.995538283280582	0.03935688965590625	0.22869364669382122	0.9700027294948883
TSs161	0	0.8713559644337174	0.2274707308777315	1	0.9813627314165225	0.9058288710597786	0.99858487577062	0.9827956863846993	0.997730975875538	0.9486765087467638	0.825010667736601	0.9257865425415256	0.7684763488977736	0.9989141788646543	0.9977248058073392	0.9982463073292835	0.9833745507221189	0.10022281700079902	0.9999503924114002	0.9799297764483457	0.9948817570935488	0.7192918505042266	0.44659140830238647	0.8696967097298798	0.9854042574470661
TSs11	0	0.2366219327691485	0.29446855542851486	1	0.10815201797460096	0.17991115628300144	0.09075048230950569	0.004147127876486866	0.12555355363969622	0.5866464913415765	0.013989112716802907	0.002667659844917746	0.4941453777296826	0.08110597478221188	0.9575359675391923	0.018885085544452444	0.7172913740105563	0.13682475798649232	0.020194263856248812	0.025867906471906822	0.604675454985537	0.0008032982471446221	0.007479502032129341	0.5296844954058084	0.1342796127796196
TSs5A	0	0.2996211387866546	0.3204619252177839	1	0.21753019821385045	0.25553361643860595	0.14416170798729414	0.14559354257941523	0.00020362140987731082	0.3690776881971375	0.9043510601761732	0.01594322982256268	0.0071136129327680165	0.8295730161373543	0.23670162435405248	0.005597634954707031	0.19835877207364838	0.9354609437545219	0.44106467465889965	0.7889176763580491	0.005562050253880025	0.06946151964417221	0.014248404955384196	0.3788181183678983	0.2466802606766893
TSs131	0	0.9660214087715151	0.0592421195016085	1	0.9940059378801969	0.9587747873998831	0.7399955680696405	0.9479285064873708	0.9994103528515795	0.961852816008428	0.9942701912728367	0.9514638403748839	0.9988150674700822	0.9928514453550279	0.9938346007203412	0.9979659151676857	0.9982697745246211	0.9575835407867465	0.9972478699123911	0.9399930085935487	0.9974434022813978	0.9954616960333332	0.9942891890711613	0.9941772750400526	0.9087993280092924
TSs294	0	0.7971330592573735	0.2305885098694619	1	0.8930315904233467	0.9895004821412137	0.8679629735415638	0.6964441655666667	0.9536539632446538	0.5189917765878177	0.7988837806713397	0.9380479152110807	0.9940661462924442	0.41396202518615743	0.9569827549905698	0.7768710899120994	0.6742146694058616	0.9181002073051295	0.9927576538867273	0.8234034868860544	0.9346517222150312	0.14671028392601687	0.9843346684256142	0.9798175024756467	0.5833039172757806
TSs378	0	0.006741822257759382	0.014131457382532875	0	0.0009129105828302665	0.0313210120177147	0.0008830212725674296	0.001989270779853838	7.097727970473743e-05	0.0002279200633453615	0.0009427998930931034	3.959684112183544e-05	1.0171861520407498e-05	0.04559351252749725	0.0010648462013201768	0.0012942887671002561	0.039840067754255346	0.004241236929119996	0.00023011251666215765	2.709152883274827e-05	0.005160403645653411	6.884698266419671e-06	0.00176880070414141	4.963621740280125e-05	7.479365601425724e-05
TSs336	0	0.15781353735401232	0.2184700542022825	0	0.04604094962074806	0.03745532142090985	0.19364329653806445	0.05851920728688673	0.2761501302337705	0.5291023191184263	0.04633730183930476	0.372783731484922	0.04574459740219136	0.0027017203731829267	0.21533530450499325	0.0017461084537211328	0.14058375521289843	0.015245575323468062	0.8452363109074248	0.009548528405716874	0.0030645273890700865	0.2811845195356369	0.03542079003068338	0.04463282739536046	0.0018348742236140576
TSs111	0	0.6128278204736457	0.417056826958193	1	0.8155259664383885	0.9905831658230254	0.6491446237969081	0.5004052483991278	0.962754439141141	0.8009685682258286	0.8966352661275008	0.23223069887988176	0.9999685515038838	0.23194186204152453	0.021235900537088518	0.006391776880155311	0.0029081855850074884	0.9995928138083585	0.13918560854874537	0.9946268635181729	0.9999444380215033	0.8300833646509483	0.0052015448277262745	0.9980319904786187	0.9947214986777702
TSs56	0	0.49218453964610653	0.406068357428703	1	0.5116420152111918	0.0253603989827855	0.9062450701014695	0.003429312642588102	0.4843142049317799	0.5389698254906036	0.35953866422054187	0.9937137736235822	0.8012228145935705	0.5393274439372752	0.033469778101851005	0.9092994628550112	0.9992154948937729	0.01632495075457132	0.027699782082399257	0.849388650658637	0.24226090260609487	0.0654423195527768	0.9872368811275823	0.9952188956548155	0.0660121661104223
TSs3A	0	0.18885739718307287	0.32378473643614153	1	0.016264436968653304	0.1704755573093402	0.0001840056594277863	0.013749558068742531	0.0003550130481307153	0.034660153460236154	0.018779315868564076	0.983694368647945	0.0006147585172428246	0.0005666586775037415	0.035898797145844784	0.0035129036615030563	0.3682220678588658	0.00016911809389305176	0.05423937207137275	0.0002255750253518083	2.362296860648831e-05	0.7946674572622756	0.8714350429272546	0.41953887351682456	0.00613572387253221
TSs95	0	0.5636040904273811	0.3847404692444465	1	0.6400949912936492	0.9937187878441144	0.3692096434849418	0.023756877626332967	0.8013513192463987	0.6679391839691631	0.12171804357068772	0.7450876506145452	0.9840273447110899	0.10084337252545059	0.5512089758442652	0.05680744338944547	0.9608796827584482	0.6122507986181354	0.03071169066393058	0.9962909657119321	0.9975280997404784	0.3223099542703974	0.980030755344631	0.8582392725381123	0.09817194607512386
TSs2	0	0.2652769123833046	0.30306166139599744	1	0.1942851186634073	0.6527810428157566	0.166396762314531	0.2221734750122836	0.033704575599289584	0.25997390308865825	0.33361274824266846	0.27328502058614007	0.0003959461881335602	0.11562981742031526	0.06195724622483988	0.9907194718968589	0.5235399225394067	0.2714490979468246	0.48452125217171227	0.0015034305759896126	0.00012506755375820913	0.011075661306379962	0.9017992092806809	0.0008791425511789863	1.5454350685599945e-05
TSs44C	0	0.48280434692830304	0.4024834160724884	1	0.3641336767817024	0.9137483646041243	0.19506780327221782	0.40276283225578763	0.000793790741553434	0.8872688897748934	0.8922624576879917	0.9622515157524661	0.04106819995652883	0.9860062770128772	0.1772300106685788	0.32550452130761715	0.08440557850191141	0.9116462020587428	0.9762598174646447	0.03543126094961062	0.7345871302797766	0.2576248134227345	0.0005416514620101633	0.04486648256050999	0.8267593388314826
TSs201	0	0.4098100695414783	0.3603804793812576	1	0.3102051715320696	0.4688626294418419	0.6016188364915638	0.014902950712321677	0.9450407740935755	0.7964347544931534	0.012450467340377408	0.0161785503933482	0.1701237717956209	0.0694840431867747	0.890416492874295	0.9101911954411597	0.16215302727893505	0.7417384137253521	0.8803733647136315	0.016658435879313118	0.69607768158446	0.01147363947772083	0.2699431627395476	0.3504671803245916	0.17161201884198335
TSs217	0	0.8235572217569944	0.2614623085917428	1	0.9881283928490158	0.6656557079542763	0.99963332155106	0.8366774028490114	0.854628947662689	0.9989687671198361	0.9998883990786621	0.9999602588095613	0.8873242039148861	0.6359195050831872	0.5628189851742806	0.5811531768783801	0.9901205159087834	0.4767534299152599	0.012091850256710645	0.9983608179537315	0.9953078783876635	0.9925231880257842	0.9992764740985477	0.9979453347283288	0.9861362697892482
TSs168	0	0.3923518140230792	0.3536471425472532	1	0.41426376932866626	0.1686604058951026	0.051957781355159674	0.004186313846099827	0.049913209399679075	0.8735708595026161	0.5921911224990501	0.5534979939455857	0.9364874147682447	0.5003632414367217	0.01799876022315797	0.00537053445494194	0.6495822890026697	0.0033938130697784585	0.7728003567207211	0.3281642972206108	0.7670061573219463	0.6844361348720417	0.8293038008974731	0.01433047187845876	0.04382132215152418
TSs98	1	0.9034377291894581	0.25886400582638536	1	0.9956383197661247	0.99222145348432	0.9996536833178122	0.9228847159399853	0.999995486847415	0.9922790877221641	0.8876829328423024	0.9934443297051411	0.9998597189066666	0.25820151171922656	0.999833459741488	0.05643463867280255	0.9998506304063359	0.9998096321739488	0.99354259040594	0.9996476782029978	0.9994334530515917	0.9946430456635471	0.9966335938687023	0.9999762219140083	0.9827267192027671
TSs116	0	0.6475121432004791	0.3912345009801826	1	0.8307855436164134	0.8088782708339447	0.06303201178925869	0.46368836182094425	0.023552006309743526	0.23513145559692755	0.9924871992394573	0.9830355622988861	0.9021259331267327	0.10810833258148482	0.9833624455183207	0.9967058288211419	0.9997840801674047	0.1216175074476476	0.9991864835007892	0.9953870082735085	0.47375358035970105	0.8500690010356212	0.9993184099850703	0.13951729910579244	0.8115020861972057
TSs53	1	0.1454966223015255	0.222172318277369	0	0.055612304317948766	0.0007576980022332403	0.2819447847903741	0.003088638179651315	0.1560000922613716	0.3556865579290626	0.012778517967535735	0.20482707094558936	0.0003669261343630053	0.038128492636483415	0.0062439663035163545	0.001209890333421912	0.10339680479289826	0.14121256716743696	0.07309611599941412	0.002471919103832565	0.12401377562378234	1.884272656165673e-05	0.5032264451186454	0.8845268260507987	0.016936513963537986
TSs63A	0	0.0709949580257617	0.14856828492317115	0	0.020366248061128425	0.023880070351252017	0.03264379989336887	2.7921927970075354e-05	0.09683664277055418	0.0008994712725757787	0.0013405425574388138	0.0006128610889786218	0.0630535239684483	0.3032076396862662	0.03608637384086126	0.029121472941909143	0.0003936024787805111	0.630786998759069	0.003661325148632673	0.005277198887873874	0.06901598992944695	0.00418432318490811	0.012899079938613117	0.01685242577100483	0.08911789611728178
TSs158	1	0.8887928074474811	0.25258320255540395	1	0.9789696703674304	0.9892506296243972	0.9361586465138058	0.9017123824642251	0.9972024453735027	0.9944823917814073	0.9921120052242258	0.9430868270566642	0.9972060053117033	0.9984906027232695	0.9932696880283673	0.9418066893957335	0.9717575582396505	0.9316280686131314	0.20136052381319539	0.9939164062136465	0.9861817824952105	0.9954093520586258	0.11101623937894428	0.9469811255816574	0.952826779058258
TSs269	0	0.18320116911908618	0.21730813395561746	1	0.07474305927876707	0.550057408044693	0.20212933865687527	0.6026467786579992	0.00032829147008973356	0.015333988521913991	0.13514752815257194	5.075363287655633e-06	0.014029314369466007	0.02117750634588102	0.6406378334033088	0.02044238530832233	0.09283060024936862	0.32799982148447926	0.46645668753539654	0.056383601191496886	0.023131499734441365	0.2043503539028008	0.012272163417620132	0.05665551830816551	0.22200768826354633
TSs317	0	0.09725433730563207	0.12860619684366206	0	0.03362554700890524	0.0008916371273743728	0.41097049707320826	0.003754025605495598	0.3237708384213045	0.32948757070740775	0.009063898174940008	0.17497750177620264	0.01483178374946476	0.00032177738453963584	0.005311305278857824	0.052419310268345724	0.055006956625253	0.0030120491428468565	0.20095063508774702	0.1419413143095907	0.07961507177395957	0.0014984409793978506	0.13231029693606702	0.003033487358400768	0.0019183483322375151
TSs49A	0	0.5676400944202186	0.3705943569324026	1	0.7561455637206802	0.5048854141728167	0.9741444887848434	0.8238578503884894	0.16519902836829933	0.0025689066824230613	0.7599081347423882	0.9983314911688391	0.7555669453791785	0.9523404327301124	0.6531476412591243	0.09687647630331353	0.00967033519141739	0.8338654041659421	0.45350422088232567	0.7567241820621818	0.018410021079021673	0.8127278190866876	0.04766097145908223	0.775333398677836	0.95807872582005
TSs417	1	0.2961698464585895	0.3532208939683283	1	0.06471680684431576	0.5941277810970229	0.683940238230783	0.2848571956114726	0.9723741762101037	0.025059727468902997	0.33145197263384674	0.00019631070891434026	0.0005350320354128605	0.9783664538161128	0.0011117843764845551	0.8017354665175795	0.6649854036078264	0.028726359663494364	0.06260216130057839	0.008449699905207265	0.06683145238805313	0.0036869794834272942	0.022904569632044427	0.057281002412853256	0.33417316207167047
TSs195	0	0.1444546743221083	0.23904412728271396	0	0.034326663201175195	0.5067690649156882	0.0032826672143531203	0.0018415769431366807	0.00793799714641533	0.0336960276851619	0.16376191627062348	0.03495729871718848	0.29351024671979176	0.11333030740963124	0.08392415477243254	0.0034013653517203364	0.0010403559497267386	0.9089503655450605	0.5117435059019781	0.0630135645584011	0.0035079387630998528	0.010484188100953001	0.006891904371439941	0.00024706327554996544	0.13680197682981338
TSs371	1	0.6447968871863204	0.3629828774825906	1	0.7998369302066839	0.6591358213297626	0.696146316023048	0.47131311413915067	0.9165018310447131	0.2753308044492795	0.8821849354724421	0.40269749876722954	0.013056771232478405	0.7420624839294949	0.9360552303834122	0.9379636012755259	0.9823186708286622	0.13079406783061404	0.0019088734731230825	0.9473473822494813	0.09954533575795	0.8576113764838728	0.9874188538876355	0.9933556053423552	0.9631891698261756
TSs23	0	0.26328783530913846	0.34863638070072855	1	0.11683578725940796	0.061583346149944256	0.012122865965471649	0.060309614663084744	0.12000312708037646	0.1974180749169873	0.32019321283761826	0.013063195148340674	0.2686367469195814	0.00519676054582962	0.03683358932538292	0.11366844743843946	0.032250264079474456	0.19155581296562285	0.9805117242689959	0.13026421337906738	0.8777211496119606	0.014719540211221132	0.014987498341255115	0.8294101706507654	0.9853073516833506
TSs51	0	0.13855030832251175	0.2733170038602	0	0.006349678087473131	0.001383957827728832	0.0020315085971636757	0.006225328305694659	0.0019113557430198696	0.031332527766759266	0.0006573133845022115	0.04214827357019875	0.0164178608734927	0.00038911543714608104	0.6966731848161029	0.006474027869251603	0.00996877867344749	6.412938768346561e-05	0.002538712089424742	0.001295050298738351	0.08021182709009476	0.0013260929382581965	0.675910356417196	0.8601974647345099	0.3338493006298212
TSs59B	0	0.3110214259605023	0.323544649336613	1	0.15623456372139427	0.6657712538628224	0.1623920518073893	0.4720117223985838	0.0005782736573627145	0.514609808687558	0.02111128668847553	0.11596375372294285	0.008346437836640007	0.013020019235873337	0.15007707563539924	0.6550600813224504	0.010765659331689643	0.5388592406830656	0.643004259480447	0.8187177658142091	0.9921477363258145	0.00069173482954698	0.06630494291856406	0.37099234391332503	3.0710578861417662e-06
TSs365	0	0.954764356123593	0.13226951827860076	1	0.9963861650762829	0.9969386902269514	0.9924010390928486	0.9750135305233781	0.41438000138696424	0.9600301101161128	0.9999655121462935	0.9998477718818721	0.9996221292868928	0.9958336399256142	0.9897766023318452	0.8403806363061075	0.9912779547208803	0.9993614267046875	0.998310850657595	0.9911188014476253	0.999720717807388	0.9996765569229081	0.951668229819676	0.9999894337865463	0.9999734873796693
TSs224	0	0.2594527098355814	0.3266841481477442	1	0.11413430069940572	0.7224203580146827	0.008651162358554568	0.0005763280727072094	0.26062582853207544	0.08641390637772449	0.08760778395917701	0.21454602634434686	0.04530607851599666	0.5774372537920901	0.01875003708055417	0.14066081743963443	0.002477040690261444	0.979021146623303	0.29617429101829157	0.0059116592389976295	0.9860206146727576	0.17428664939184949	0.002295417575760073	0.01573881814958846	0.5641329788632757
TSs325	0	0.09754778751961868	0.18357597334985953	0	0.015896381517528074	0.00018853669771253407	0.008973977930663896	0.0007628275207546691	0.022607199320553686	0.19690296981545843	0.011364330214050204	0.0006575598969771599	0.0021594093212431273	0.09710946573457147	0.036977730205227	0.1981466293742878	0.0004034373991927737	0.056373667599525015	0.002259019278056717	0.020428432821005944	0.005235715024306522	0.005060138589890298	0.24226141700063472	0.2620213815270985	0.7810619051211631
TSs119A	0	0.11091265858344963	0.1994538973937954	0	0.015673033119227534	0.002446618754910616	0.04290979944313113	0.00016127549011362688	0.6699713795341633	0.06507004414165529	0.00015214387094696031	9.200500457252831e-05	0.007687350889505742	0.1578855588846334	0.01203952523477799	0.4802762355723846	0.018346011726915693	0.5217996389755586	0.10212230529496169	0.08521136951308542	0.023759144123036417	0.0006313124118491285	0.005890808511495856	0.008800589779755168	0.013000054511539374
TSs166	1	0.5337384546160204	0.3853045965904091	1	0.5714798939281567	0.31018981574574583	0.6201294845622449	0.36665944383659693	0.6070137335381176	0.02113529645918447	0.9467098067582344	0.9950188250492714	0.5359460543181958	0.0075072753554764685	0.25655359310103315	0.005172669042854199	0.8505029811857232	0.009002889308079607	0.4911735685478628	0.9986068684175474	0.029471442869577938	0.9997099879188395	0.9859914618208063	0.7233950985782898	0.9148787959067249
TSs297	0	0.7909879489259362	0.3094942541986545	1	0.939484691445357	0.6503683192036844	0.9398356278972921	0.9196697674423304	0.7881366363187489	0.7356269406904415	0.9933643250875459	0.9981514688400822	0.01334601921991133	0.07151620375258883	0.9391337549934217	0.9935285185610263	0.9977294159880145	0.4798204733015593	0.9798937192260402	0.9939922173406197	0.9307887700420842	0.9733544000821035	0.9992130533932952	0.9973295748764999	0.42495977226143206
TSs338	0	0.3461583728862004	0.2883645486872244	1	0.2758647809427519	0.98635245978784	0.26779284613737125	0.36949200440995533	0.6747636880265304	0.04851700746473896	0.06919393280830231	0.2839367157481326	0.024285161768938596	0.07675281530073429	0.3229363338259264	0.2391491706538547	0.1357364923985547	0.8514824075593298	0.5252103683724216	0.13785779945488258	0.08229682984166425	0.20795933340881292	0.8185276071948168	0.34928341535796564	0.45164106820323385
TSs293	0	0.13991961893466492	0.2747190759029148	0	0.012414872704856444	0.008766633138804384	0.012152965770207025	0.0016553820837976584	0.02334568851565121	0.001875618158626454	0.01613631626402832	0.2258502802727002	0.012676779639505864	0.002469680061037707	0.18791926237909234	0.8403984012415164	0.0009638512557394177	0.0029798432480599916	0.8270177366717965	0.016872724346059548	0.005673257403907182	0.0014807606169550014	0.5892054970198285	0.006832978171336231	0.014118722434648448
TSs24	0	0.6948111349444609	0.3521749862258529	1	0.8376964697077302	0.8424770941892875	0.9796188373622912	0.9454531746422123	0.8329158452261728	0.9159250764866051	0.37154006435245307	0.6197101629094083	0.740185928531328	0.09500122738038437	0.9987580672305985	0.9784489090720132	0.8322274329724717	0.09549533340497122	0.9896699626782042	0.6687216535751901	0.01857907808357031	0.9762538855454023	0.9863851680262792	0.10548572941442622	0.9033700678059491
TSs334	0	0.20072143966864484	0.2830337968120932	1	0.05250652207496094	0.014769546479781324	0.3520971417810928	0.12158036250752814	0.1234421442184331	0.829250239185668	0.005487403804158591	0.001009620452077807	0.026041578498538075	0.15712761943279413	0.6559125335082958	0.011440526259258885	0.002553036377380126	0.1830782722362959	0.057443190599155584	0.011033936728371323	0.6023173638588779	0.004441733765699092	0.7924445558596073	0.047569853550766296	0.015388134269117035
TSs1A	0	0.08273715196084341	0.19140795899475976	0	0.0022968326263031035	0.021003067292343493	9.745053609162138e-05	0.000531554402340327	0.0001835970181825511	0.04491147383721357	0.0777058781174198	0.01243817962057661	1.0114569612551073e-05	0.00490185305251672	0.0006052487402137883	0.48661129204693415	0.0011926215144238072	0.014095410332422216	0.7182392388583262	0.003065166390593964	1.2567209052491255e-05	0.0015284988620122425	0.267331284201557	6.631171171998619e-05	0.00021223090331517743
TSs266	0	0.544282473962723	0.3933333149556195	1	0.5813997948283819	0.029420229034212958	0.9204420424633776	0.23464781593342754	0.9921795330849003	0.16002224103989118	0.9818256967414533	0.6239288276075438	0.9232038146220499	0.07349942685256104	0.7506561516518403	0.01581666835259666	0.8719605979323182	0.53887076204922	0.11320723197560503	0.939363371612862	0.9872804045656285	0.04297160964070757	0.49286620403681014	0.9833270385176562	0.21015981153979782
TSs277	0	0.1712422562573916	0.2774537385778431	1	0.04130158919072101	0.03873455528746529	0.00018980954181568863	0.005785907780596638	0.002115982188118702	0.001187135831064386	0.04386862309397673	0.48332804845652955	0.7246452571855042	0.09430822921470716	0.0238298153660831	0.011557995534646492	0.0009042153921868074	0.017066016153382237	0.11184244303134626	0.07875515336408463	0.7261764278058149	0.8408113037365021	0.12058663840640015	0.0017373632361019225	0.09741420454150486
TSs60B	0	0.0950507553862244	0.11308270803218105	0	0.04258481390065283	0.046491685761536054	0.0025213608405712544	0.3989738399225384	0.007964482289418701	0.0636589974757332	0.0007382733242290885	0.22344400238960274	0.032742597502987456	0.09744599476759461	0.007075402327122808	0.16198065217621369	0.024264421566715627	0.14106221216817763	0.038677942039769604	0.3234481663403131	0.08302935689230796	0.018356168322460956	0.1920596776991637	0.0200842362069263	0.016995637711105356
TSs303	0	0.5235708240631293	0.4073550388750209	1	0.6243673738563376	0.7585912068728451	0.8937623437446913	0.634407587003323	0.31850826819824424	0.01204458992162822	0.6768026442557811	0.22071840984178612	0.9892669435443078	0.015306636394918496	0.9739629668947983	0.988480882556411	0.9723752015147852	0.0008378375458798712	0.33692650441132566	0.05589287330815811	0.6143271607093522	0.9520681704798846	0.9989854724909079	0.02784647108064356	0.030304310492912014
TSs120	0	0.44522111600455083	0.314269528569726	1	0.3740753466618135	0.7944151465094875	0.008221118160479804	0.14539288146458376	0.12492813399186346	0.8330489351790233	0.5592014628807388	0.0011890163165010526	0.8831091823120263	0.3059948178302974	0.9999529929059214	0.13249896240077372	0.34040378825375056	0.646596722814605	0.5888560524820682	0.40774690506987654	0.7754527892098151	0.6751204826403887	0.12683806287470556	0.2556416179965356	0.29981324879757537
TSs132	1	0.10234183383970923	0.13113885873475029	0	0.05418390957714299	0.2822262395741331	0.0007330525934091178	0.0008620366171435335	0.07807522474962296	0.048935191616834475	0.07067737853616363	0.054637283234197864	0.08208834727216352	0.0035131087916375633	0.0558889458897751	0.16193346140510093	0.05001419067169661	0.0024883267126911217	0.0014078878137902804	0.053730535920088106	0.0034171599717142138	0.01807954446854864	0.4427561994064793	0.3316434940596588	0.30372906748933537
TSs78	1	0.8505838356445198	0.3164173253394047	1	0.9803390436619588	0.8978489326733649	0.9912222867396547	0.9887679923036409	0.9986333376022611	0.3829341241340657	0.9716574532597421	0.9641780041961581	0.9953089249115037	0.9972563820894926	0.995489971660808	0.9990017856693272	0.9993149107515963	0.00034678533623634785	0.9638781892150187	0.9253027634258004	0.027061136547348645	0.9911148428387815	0.9728279519749112	0.9616808022116747	0.9878501353490065
TSs61	0	0.17897951273028853	0.2796077215364526	1	0.04382534956176619	0.056320767242026476	0.03302052654258125	0.0018797216862384068	0.04313790358072301	0.11814738703405711	0.9223561572991593	0.004214504638863007	0.2412919899891693	0.5245443136871656	0.001089041042601427	0.00016049155872745682	0.04451279554280936	0.007899743795941922	0.09156318971348071	0.008881437063202564	0.5256984323497007	0.005039080946726163	0.16419919408210684	0.005889002745787206	0.7797445740647031
TSs60	0	0.7885202472949093	0.30687519914965267	1	0.9570366249070003	0.5193030962041527	0.9541575615678054	0.39303970129688665	0.29386337888410224	0.9932247908926375	0.6055116407288879	0.9960246447503162	0.9989409383289145	0.3583360156758498	0.9884576441485186	0.867161812272743	0.9374830910100808	0.9992137326814438	0.9940601580972713	0.9599156882461951	0.9915329429619196	0.9151252269728253	0.9995003511320047	0.9982876014161767	0.0072649286294543805
TSs274	1	0.631694412795677	0.3563880345239386	1	0.8202525361612315	0.9848715460271118	0.8594114888583951	0.38500923576209434	0.5268715602695389	0.16701551202962428	0.7810935834640679	0.1185846416499192	0.8968230056665054	0.31729277274371925	0.9944576526781306	0.004847525705068106	0.4299183322075236	0.8838671865572288	0.9988199206715116	0.027013873481294595	0.9838257711092686	0.8938781655769619	0.5483427404598882	0.9581950973910216	0.8737486436046679
TSs10A	0	0.41617884428819985	0.33582514746324715	1	0.36669303846221346	0.02773326086168746	0.16176735026224037	0.4107888233896368	0.018961157544427044	0.7277305701304513	0.06971099962552885	0.4025961428955387	0.2025989472089867	0.49374662350474113	0.33078993402888823	0.27368892442815757	0.5813474018382311	0.9573159576080946	0.10149888580140069	0.8376351113850533	0.5004625200761197	0.2333422942220844	0.9940461464010342	0.9928403928959224	0.00497544165577212
TSs96	0	0.12423268285584821	0.190591429523839	0	0.05265539768765136	0.011304573272327027	0.7427432574345381	0.06584995859475347	0.00154707288620261	0.07024974370596151	0.06403142406334437	0.4952947988537567	0.2858913701567302	0.01942353088635831	0.008167584532796092	0.0369025672930156	0.06275260594415634	0.04255818943114638	0.00412914162106165	0.0028726915138515157	0.2015614605655026	0.010861637837170297	0.18369085940545193	0.15554067754932052	0.019280511569518478
TSs282	0	0.9631615295253242	0.12605465692282783	1	0.999133559013272	0.9914076125518195	0.9998096177616376	0.9896622445422277	0.4337589560244031	0.9996771088229505	0.9985900092035936	0.9999996514550986	0.9999423915574701	0.9836601224348225	0.9822199039751344	0.9732125372784158	0.9968134526052002	0.9997861878999661	0.9998206537950493	0.9999185120042197	0.9983069752194078	0.9998832996958502	0.9999783939953989	0.9999794207588479	0.9168035389249739
TSs56A	0	0.8034538665816868	0.3188479209864099	1	0.9394196790202485	0.16278081832236732	0.99832753962294	0.12210762470996768	0.9980142796606848	0.9912842841819762	0.03499895139375801	0.9989097595941623	0.9713322597431489	0.9967516377775627	0.8306825991171155	0.9505959177709741	0.9122457973089388	0.8160082561250749	0.9164561613995496	0.982521363782363	0.9271912856546934	0.9895597739291068	0.5418060913064983	0.928243440269523	0.9992594899633309
TSs296	0	0.13449848976711595	0.2408062533956675	0	0.01781961360322494	0.41064218459955487	0.05672851987703094	0.18286046157122765	2.97227237492212e-05	0.03634882022276165	0.24332112864138297	0.12281706251687502	2.083482360427536e-05	0.10909249298254506	0.004745249589381552	0.9320223123510712	0.00473579002619497	0.009812503371049407	0.5488991711547526	4.9784527057407e-05	9.695081436532161e-05	0.0018465849607589855	0.025826723835400474	6.70929808729886e-05	6.403772683202769e-06
TSs33	0	0.3127366755021764	0.321015934080596	1	0.16503955148389243	0.267118430403815	0.5953608818203653	0.06093950619037632	0.254057047384753	0.9382854233308452	0.1583596558308964	0.03825675102918893	0.010730188383181674	0.4001040559440364	0.9807414902099191	0.12734458386892247	0.17171944713688844	0.5641958705333648	0.028561695739028836	0.1474404333935469	0.6921248833820605	0.0017570778141044142	0.7194079597511832	0.08804703109229033	0.010181096804759602
TSs311	1	0.7979708667272228	0.32222140711864133	1	0.9529340358823626	0.8311120383182177	0.8850262385881822	0.9732550417240105	0.924509850340892	0.9994435192147338	0.8260817227567748	0.9984343018553854	0.9326130300407146	0.9878269127855881	0.9997952808321883	0.9825558192704554	0.9953037598257787	0.2919576363405538	0.9968629486471847	0.19886921614669162	0.019674583336565694	0.8912846513543485	0.23216660404132344	0.9975294693832103	0.9951147097416585
TSs68	1	0.201009996172761	0.2766154523763656	1	0.022578096813159337	0.02196166175774039	0.005686409748573854	0.5757845339670076	5.659954793400273e-05	0.3135648380203329	0.008174375398929833	0.15998361869325142	0.00011593839821001756	0.44346590266815544	0.05234993779155697	0.9271504572081153	0.004564864453876108	0.46415463846011945	0.4309271379602153	0.023194531868578283	0.000295762638321737	0.0009886079663711208	0.5875127979184223	0.00022835826928987215	3.895072021702858e-05
TSs104	0	0.6485870374899257	0.3657544367000818	1	0.8280592605322739	0.08286688281663254	0.017066904874432968	0.03416625671851025	0.8565888186470808	0.9206662743109164	0.5631898159468824	0.25861867547966816	0.9947455916617493	0.8764939150618045	0.9990891893317076	0.7995297024174668	0.45829554144860657	0.9940536804033688	0.3347812365978923	0.9865554805349862	0.9896609426973336	0.5950042223616304	0.2605653483282788	0.9878904495479393	0.9619118206116256
TSs58	0	0.2532229291333294	0.2725733671732199	1	0.19393449502397528	0.0964204279852877	0.3499912018943414	0.010400597990502133	0.7705705141377617	0.3334631376710489	0.08754735400061534	0.47351423584507896	0.973627786884783	0.027870460377212594	0.015158124338847952	0.0015938714019019483	0.2971348047906245	0.02481657400426196	0.28870992890440605	0.15223576669703556	0.235633223350915	0.055800710082069035	0.014189903176982559	0.2607106776044298	0.595069281528481
TSs358	1	0.3487803737551719	0.4558120610865613	1	0.018521131430392967	5.307520916192386e-08	0.12076297110374574	9.75261695170532e-08	0.03585323199747367	3.471824025560093e-08	5.472382726853936e-08	2.1678645282920808e-08	0.9974857446154077	0.9982495157637866	1.3038470632171693e-08	1.3402795103236561e-08	3.263781660213139e-08	0.9997947583263059	2.4690010034800145e-08	0.2754801240353756	0.9999856607695302	0.9985521916618016	0.001189030863312265	0.5482610061694966	0.9999928943060187
TSs82	0	0.3141240058286992	0.38340273897024113	1	0.10655238054792714	0.00741956815140796	0.49584029143666797	0.27118212255770013	0.9429102575908516	0.5199337090543712	0.00895320052449663	0.0037007653524047074	0.624546341733646	0.1543489550231497	0.990849800672383	0.0011022056143062066	0.15932532841723304	0.017849443469485853	0.9292248608559175	0.01890401328337069	0.008242402539647255	0.9978077138324516	0.018642876044875006	0.05875580607270458	0.05294045434691357
TSs15	1	0.6140525403126703	0.3858722490550131	1	0.7692901679341874	0.7699510703276918	0.061524312050522105	0.13321652392676955	0.9996504366502381	0.9983802561153102	0.27020294656624605	0.2591709576208896	0.9216137988103486	0.9695659279003657	0.9711096628168118	0.7772121310650265	0.9665956727810879	0.0012850533377699615	0.9937536274547061	0.9754111590048173	0.4134212722282385	0.7686292655406829	0.0036790395934301083	0.7593886829483654	0.26728900951408596
TSs3	0	0.22547436205091867	0.2861181092665983	1	0.12452251974105527	0.5033864364732078	0.1698842492876622	0.30557543103202917	0.010643074430857734	0.4166694291894809	0.003073244000956702	0.2515534793920234	0.002457175685934183	0.003402344508723357	0.8274651129630117	0.8394729179386933	0.18806152160462322	0.010207157790994471	0.18640793211000684	0.0011254387000797284	0.0035532520906695238	0.0015198986150070312	0.702557972794415	0.07916079019444834	0.00331038221554778
TSs4	0	0.0447970929328362	0.09286207315473977	0	0.007168976134782751	0.001045061095750651	2.2269323048237093e-05	0.0013170505665385866	0.0009662769004591828	0.0006675003838915496	0.00012670384661661284	0.18567025611317847	0.03417889111279071	0.05993961692487045	0.0064600302626743895	0.008894471149906396	0.0001028790015163067	0.16979542160631256	0.00819282694071882	0.02992013724648333	0.011479619686525295	0.007877922006891112	0.0012823484258928186	0.0010821997959827097	0.3669203762666759
TSs331	0	0.7964356788442833	0.2772210028766988	1	0.9098394993262557	0.806876444586017	0.2559008212036068	0.6396236367483602	0.5997049229032687	0.7126436967328699	0.3392373560669344	0.9778946099863441	0.8981698670522295	0.9936679724252033	0.921509131600282	0.998222595770575	0.9756583549454753	0.8893812257620739	0.9913073931195187	0.88192847995317	0.0813263327824354	0.9977433826581543	0.9994261159770631	0.9718424139103422	0.9966488227017427
TSs314B	0	0.5659243657932697	0.39301435926240746	1	0.6363635159367308	0.6947124905642986	0.27571963673560546	0.1506822794512798	0.9167525965685052	0.9846428143561641	0.5777505251954588	0.38055011916064074	0.041269578953542656	0.9376933638884197	0.9981046378443307	0.9911620121972128	0.0035357076716591115	0.7016646134612555	0.956463973660346	0.9193724124153476	0.9919797459443578	0.19946878913512697	0.578014541309163	0.017743618449058456	0.0012038589036204007
TSs333	0	0.09379042274076274	0.17756218061349602	0	0.018415759662304743	0.024863474591335925	0.1817410906885089	0.0035671521816839965	0.017980118657865883	0.7536006871975249	0.0024647395333926006	0.06446135178998455	0.0014653931547208955	0.0688516156478499	0.3300930596653735	0.10008478354380079	0.001366402492421353	0.0011448010388737373	0.0026914903892243237	0.006112994216532549	0.1748676981555611	0.0013404895689363213	0.11918821470626656	0.018851400666743602	0.0010714969286538339
TSs7	0	0.022413543080175295	0.07240464279237178	0	0.001707718775525965	0.0005249190471170804	0.00015356755541370525	0.0007128246298323068	0.0063207754198716035	0.0035556381400413226	0.0004203206023284319	0.002185808127744495	0.0009751281116420276	0.001246498982418017	0.06917388111857141	0.016626375648181257	0.0021689385686339134	0.3231039709783059	0.0072247242020578705	0.005949869998161242	0.006456375366137543	0.0005596765290648947	2.8630372707886227e-05	1.5978376001850954e-05	0.0008669598292730809
TSs38	0	0.9815761993444152	0.03380076623664528	1	0.9997526416478535	0.9977189934449157	0.9999806142621969	0.9998788117033611	0.9904012479558058	0.9503632543962743	0.9996800720249264	0.9999962963745427	0.9999766285309742	0.8854314346252012	0.9086897610242624	0.9952685860220357	0.9999370499313529	0.9998699541242952	0.9394436755762893	0.9922133504357568	0.9731463632041101	0.9998491099861739	0.9998252112707807	0.9998820599966145	0.9999715119984344
TSs10	1	0.24487610528554776	0.2259648300836332	1	0.20662972331140167	0.20189856015679303	0.09084283970267434	0.7223712465346906	0.07177061665923325	0.00834620298407366	0.32035386858464987	0.29437055883313035	0.07401036180141364	0.3779461068054886	0.06934756596223654	0.39457716690069095	0.00421094885671416	0.6805546057933408	0.21136088646601034	0.04336405075654921	0.0010776040663049338	0.46272679780213927	0.2786184645553697	0.5397153171635374	0.05005833532591351
TSs48	0	0.21946213761196276	0.2490528411328161	1	0.12092902473999975	0.037415323611954064	0.21582525564851116	0.0030121130082120737	0.0012802793630434725	0.312268956573406	0.7998387349579322	0.7468163794339203	0.012100255781762966	0.08194915629542096	0.002788839519445306	0.30912185945870924	0.0017995082131096224	0.32487920292285144	0.3909050463839973	0.0030204872253617996	0.1011303347434003	0.1407277147365992	0.457716512781079	0.0011327663082056519	0.4455140252723335
