ID	ID	Class	Mean	stdev	Predicted_0.06	Median	score_0	score_1	score_2	score_3	score_4	score_5	score_6	score_7	score_8	score_9	score_10	score_11	score_12	score_13	score_14	score_15	score_16	score_17	score_18	score_19
TSs156A	0	0.24034181414632144	0.35262815302810635	1	0.05386741670673501	0.0010430275132744405	0.11419627801549623	0.9643141420188672	0.000261358925196503	0.9444125337038162	0.19599134071221105	0.03692853419070327	2.2106117972671823e-07	0.004075771485244111	0.3022486834143104	0.00013321181382056185	0.0014477961175331862	0.006224781333037486	0.13174328037133387	0.5353724766637605	0.4948189324271905	0.9989843579666102	0.07080629922276675	0.0001510681153063367	0.003682187854770393
TSs361	0	0.47036600563260167	0.49789795393926894	1	0.19635991496680974	0.9999999564668628	0.00016670544568268494	0.9999999704890856	0.0012907812947264346	0.9999999722811216	0.9999999193784438	0.0262977262670085	0.9999997879985637	0.9999998808991697	5.498224451514889e-08	0.9999999576323617	0.002314598938913733	8.041803337578113e-07	0.9999999271916871	0.007656360958660221	0.366422103666611	0.9999999673132418	0.0001457244345842194	0.00029125999236764567	0.0027346528403598305
TSs368	1	0.3898285746752821	0.40084661577814756	1	0.1424165414401644	0.8453791283153121	0.15629062999685986	0.128542452883469	0.2874689483826056	0.9718486687309156	0.014253186761371016	0.880580431447421	0.10951474718534854	0.8199123445982576	0.00010451225682007801	0.0728047983470834	0.025500050452459087	0.00573412031787713	0.967945593357071	0.007408957442410514	0.8831900912861594	0.5459206720978518	0.1010624959715183	0.0712877355223922	0.9018219281524377
TSs49	0	0.7185468062979549	0.3250332058835881	1	0.830210043783141	0.9998053943785727	0.8629019026608039	0.11685573720429436	0.5687365401226365	0.0002805445016601437	0.5125111943306919	0.9988341931150025	0.9998632886787173	0.9497576669182644	0.999962598502893	0.5860118961237349	0.43742565321419513	0.9825794296651246	0.7975181849054782	0.9729728529707996	0.15756255874901112	0.7678476190209784	0.7340223695745439	0.9737104695967671	0.9517760317249263
TSs138B	0	0.3835118146154388	0.41921324939524524	1	0.24420782138152902	0.6457637292090933	0.010114621755943576	0.9975009489244903	0.0005655318719190109	0.9996697979980634	0.3735638504818974	0.3126156299367559	0.004987450522255005	0.8928259258057292	0.8604691089341526	0.06026380017242347	0.28986320410371247	0.0016931048679426275	0.0002529029901895154	0.1985524386593456	0.984113461911638	0.9990655606509197	0.007473699545865261	0.006803081731072398	0.024078442235369927
TSs22B	0	0.2510174131083155	0.36737315493790884	1	0.01479058784308522	0.00013082511070691255	0.23281828515240563	0.0032622564287614056	0.008344454579416178	0.0006109165997231414	0.000499421751323492	0.9000612345722443	0.9666140242725111	0.802235384357821	0.4994308567388022	0.03769693500378473	0.0005657308867869304	0.8198733892093609	0.007408665728896803	0.005877126720938062	1.4650289884721076e-05	0.037453995810577935	0.6761542395260618	5.9148319549521416e-05	0.021236721106754262
TSs287	0	0.3702442794933633	0.32562204564454383	1	0.370914867285993	0.07331845892460717	0.15426938559398384	0.0055153599141683635	0.3859802548087469	0.355849479763239	0.7465388943370697	0.13466178776510088	0.613855670937103	0.5691275836430909	0.6111778305884216	0.056611956886357964	0.005684343856652813	0.5228312409230391	0.5539710628442397	0.7975418519688561	0.03245348990472707	0.0022277568396383883	0.005117730623054163	0.8817723223238311	0.8963791274213387
TSs383	1	0.6524770623056584	0.3950694158307145	1	0.8229769448664651	0.9428943888459248	0.10731209057903816	0.9608057373148111	0.9844951815667184	0.7392745864781858	0.04564214926841984	0.9996156727982186	0.9144121288955539	0.9581269852896435	0.7430025847030827	0.10607498910588872	0.7280573593411025	0.6951342793309342	0.04964016402028091	0.9991466295530144	0.9029513050298476	0.1834020311646067	0.010375689298495756	0.9974079634094779	0.9817693301199236
TSs314A	0	0.5486233967321195	0.4078541111922215	1	0.555640174834355	0.04447218958675418	0.9155456059033369	0.008715216517163518	0.25695551967046465	0.44085042349554765	0.9391653582768639	0.9751185351161299	0.920927706512432	0.1573007190784625	0.9977338308579524	0.5621475942400398	0.9215439868785373	0.5491327554286702	0.36827305692424483	0.0022650895978574507	0.02236434424974615	0.9245767893377839	0.966743146692945	0.005637639458081553	0.9929984268193761
TSs30	0	0.6727436705625913	0.3462021333951297	1	0.7900168081112857	0.7908051463040934	0.9965904552579297	0.04648506520161935	0.7892284699184782	0.38136072124314185	0.8882961885681552	0.030396474813381102	0.9995208322708156	0.9911540704810259	0.5317664468257971	0.7393352342252433	0.9821258284673658	0.9394865475871137	0.8904380066110686	0.9968172073578323	0.9045416572785623	0.5421287633862842	0.7317734331818203	0.046904872274960874	0.235717989997137
TSs291	0	0.694895787886809	0.3280964403182948	1	0.8384770045118226	0.9757644263996179	0.9764713081214522	0.6228116793991723	0.919909983132169	0.587864679979753	0.8491004539870122	0.9838597200841835	0.3896758255805241	0.9417123184838354	0.9667017545672391	0.9421755638194249	0.13063847654918934	0.9843120223149503	0.6330482647303167	0.5236396150476642	0.8278535550366332	0.916982616613453	0.005782651966912438	0.6927545435319978	0.026856298390680343
TSs157A	0	0.6767348619879061	0.36513955698077694	1	0.8741500146721344	0.9958392882084887	0.9624471669585064	0.0038243763534948857	0.14550532483956666	0.9995506492466266	0.9208578923683184	0.8556857956410525	0.6803406802582931	0.8933879018401094	0.3771994346794845	0.9962258705557581	0.07736150156922524	0.7775327118955073	0.8926142337032164	0.9813735601163468	0.18045650686744827	0.19991249429710095	0.9879818037568248	0.9887458358637174	0.6178542107390342
TSs27	0	0.6861821289088135	0.28724896860674254	1	0.6791887130188448	0.9250741988175816	0.8945127862114329	0.6874848041299829	0.3463928683088141	0.9477539383454736	0.6708926219077066	0.9902372097880392	0.4235116024086809	0.9764429149031295	0.6557092985101727	0.033741091229393796	0.27370797118400864	0.5700908874540003	0.9742988751008004	0.9416360658990175	0.614053964042553	0.6049513738070087	0.3138881674768113	0.9460882293303524	0.9331737093213117
TSs363	0	0.3259336535491374	0.3961891876383846	1	0.08297702466347495	0.0944626996619961	0.009219229010216351	0.9795792244433085	4.978596775105923e-05	0.9161153116568559	0.3305638049555265	0.45911970748274256	0.0002159010528954398	0.4770389094598396	0.2919241779331621	0.022867424192924275	0.047673612138238876	0.0002632257574445831	0.07149134966495381	0.8496366571624534	0.9901072304236069	0.9778572044652732	0.0002536385503849367	8.252186320969974e-05	0.00015145513996459302
TSs9	0	0.3283165192826191	0.37693580639207075	1	0.12026761139342439	0.011434099348002057	0.38312723639292573	0.017281786155058723	0.1541418497092651	0.8875085425818022	0.08639337307758369	0.7272938775985804	0.42514194455899373	0.9547998449694061	0.005190893329310353	0.01246640825481726	0.0005981730725178581	0.08421552975165048	0.05536305544668879	0.0003044692922172635	0.46500962078516916	0.3252529895080762	0.9884664001818844	0.0033254336995901137	0.979014857938844
TSs151B	1	0.05437059438708504	0.22057370914702604	0	9.084367011338238e-06	4.4182067402319116e-05	0.00016669223912981363	0.0006578432601670412	1.3171798492069024e-08	0.9873074297940997	1.5821158174229966e-05	4.1213812919195873e-08	9.541239542726693e-08	0.00012188035845790034	4.9228947968852084e-08	2.3475758484465107e-06	2.084615830817558e-08	6.58292071297356e-07	0.002757696605558992	4.232436616601645e-08	2.7112808023183908e-08	0.09345667375618079	0.00014570326223261706	1.7004659287747888e-08	0.002734653057430939
TSs133	0	0.26904194428660905	0.3512673168991869	1	0.03653377476244021	0.20026891226876234	0.026775100469107856	0.8133162773944365	0.0009945464627573342	0.9235628400587681	0.009031697194590037	0.020183376599667298	0.009317054101788512	0.3355027063869262	0.6098723646054628	0.24805462448720994	0.007674193063394303	0.0016089364228293976	0.04629244905577257	0.38147061371907426	0.7366585263947335	0.9998508066486281	0.0006342211858413419	0.008552827947188516	0.0012168112652400928
TSs155	0	0.22098198185248147	0.3231349122530532	1	0.02764683710929265	0.2539913508747277	0.053597231398095545	0.01116248842300997	0.0004152516695442849	0.7919343795467109	2.939997696945619e-05	0.0007028889024111022	0.0025433853529444224	0.031339713024857656	0.7279880609288455	0.0004580735610734741	0.6902561136381757	0.02395396119372764	0.050921989660964534	0.5769778870173662	0.27080700721474754	0.9214186744355496	0.001949755742941455	0.008076635100951884	0.0011153893860149588
TSs209	0	0.9838930776956503	0.039234893429867274	1	0.9967232936535786	0.9954278749563565	0.9997994393482725	0.9991389403202268	0.9999373364855286	0.999244252048019	0.9998099732714707	0.9891700337433936	0.8276190641956545	0.9878216720579768	0.9993378439367888	0.9975274114959346	0.9923598036832263	0.9812590827452788	0.9980179157488052	0.9987519490920024	0.9386756399248009	0.9959191758112226	0.98760860971011	0.9994300086963734	0.9910055266415609
TSs136	0	0.3064027397918856	0.34199733378928154	1	0.14598891734432845	0.0036676213223764864	0.01768064228222781	0.17913731606621192	0.437236392046496	0.33668220630332174	0.05495512640995025	0.08958525785439661	0.036170696883557465	0.797933648029063	0.009823714185088895	9.283952034218149e-05	0.975357164533514	0.34067844335088376	0.9675029830307723	0.01898671337302133	0.3801143929165763	0.522593737649264	0.8241267147736264	0.022888666684576644	0.11284051862244499
TSs22A	0	0.31143972774047307	0.32990366389135073	1	0.16106926715890924	0.07162552008240565	0.00010543045331601467	0.01188994198185903	0.30781236570907583	5.778970953213172e-05	0.019379015689559916	0.13958007462935973	0.6808238291040828	0.18180365493510317	0.504377018092641	0.7486713774948295	0.07502350828752567	0.1403348793827153	0.8350448906457304	0.09358786370085248	0.006564551266612483	0.9588752033561936	0.8587532537645407	0.2217420708122031	0.3727423157113221
TSs357	0	0.5106244246587639	0.4425096458235494	1	0.646968720651953	0.7126154641080671	0.016959962595553085	0.9974885771957198	0.055075215420807434	0.9999306100974478	0.7731490663824266	0.11428885540912406	0.9857223206397663	0.9999264002801738	0.5813219771958388	0.9709267178714843	0.19576631917153983	0.0026069625624032446	0.8159600585480978	0.00014858456857275696	0.9277232311157277	0.9994684412137009	0.04849869532483169	0.0007097979382995167	0.014201235535695795
TSs161	0	0.44664947403180283	0.36963129990284255	1	0.3904364451594312	0.4401774944989429	0.4154499242808826	0.5853512667677053	0.9212074572963959	0.36542296603797975	0.7517417757738011	0.9447325841453593	0.06255148873909155	0.08476966593265177	0.9490243798638328	0.15750052151801805	0.6390360450716205	0.9772834967535351	0.9955624451240567	0.14595094284748333	0.012071946800005184	0.02793467362418432	0.0875082686613038	0.33924895139693845	0.030463185502269872
TSs11	0	0.5058027322024089	0.34986035181659814	1	0.5300712704008094	0.8622776935485712	0.08111603216039921	0.23491105235178786	0.37828320733929016	0.4978078256977675	0.7903327273955734	0.6037465015746409	0.12962706248103534	0.24880775596783297	0.9359207964365917	0.5623347151038512	0.6428236570895556	0.8637243182341112	0.37994133746098957	0.934827633374839	0.9930690519912071	0.026305204893233444	0.0007145881939451406	0.04403061948577323	0.9054528632671832
TSs5A	0	0.9847049273323192	0.031804298246164917	1	0.9982666122394677	0.9979493918614477	0.9998893007327543	0.9955811425501655	0.9960396961375643	0.9999676176512613	0.9983719104986145	0.8859387467190483	0.9981613139803207	0.9909926474132084	0.9960772171762404	0.9999564387150621	0.9998764462643474	0.9365457643482243	0.9201685059331228	0.9814683364890568	0.99909052964732	0.9987314977227317	0.9997225209639484	0.9999190563832376	0.9996504654587086
TSs131	0	0.2563267696824617	0.33368550936572217	1	0.07853611812706772	0.09172681396516777	0.09757429393278652	0.0003979062582312025	0.009481651561904648	0.619508527147796	0.11347694233975987	0.7561053889590779	0.0431571618793689	0.9089124906207389	0.33289269466446275	0.06534542228896767	0.048872601648083706	0.06409005308771477	0.2979574572516144	0.0010195409571037712	0.6991478820701875	0.0007153530761796076	0.9569443142933097	0.01887419157425898	0.0003347060725202966
TSs294	0	0.580938122130785	0.35886397625438504	1	0.6913322977573517	0.9948748768946576	0.9527144619446153	0.9883207460923126	0.9885392441297802	0.7062678328393018	0.985665231859891	0.20525736989558244	0.20007317086038018	0.12702871876045202	0.25135492764507833	0.12139418654297242	0.863847682366877	0.13859931485975643	0.5381126998375788	0.6763967626754016	0.9513666136494574	0.23089100036006924	0.7976707895827951	0.7552495605891913	0.14513725122954899
TSs378	1	0.5412265598112176	0.3649218070283723	1	0.6071178504949437	0.9988334812101768	0.013422374378846424	0.9652509620824344	0.553356803316939	0.057864141352702965	0.4334650277916582	0.3109483672044706	0.9996903851264404	0.9771805589520594	0.6074709903435629	0.9615775527753716	0.6444822752486172	0.04724896370775723	0.030736107696555066	0.6419402506987056	0.6067647106463244	0.6849848046413315	0.9168759895732175	0.04639265579129908	0.3260447936858816
TSs336	0	0.5186878457223013	0.3596178677510001	1	0.5156678661155838	0.9204933301589111	0.034784920977759516	0.4818779816707141	0.04947752140207747	0.9932758811676222	0.43238948337641	0.10926490223170657	0.8002187599113998	0.6878564416331099	0.672400320296968	0.7776648417864319	0.08303505425568766	0.5494577505604534	0.9574533418813886	0.1673599308051636	0.26446478802181617	0.2854396146026467	0.9998235503945782	0.11674143178912821	0.9902770675220508
TSs111	0	0.21727236470004171	0.3592713432635695	1	0.026550538253593194	0.003020864500184398	0.0013759825518878854	0.9917764062208613	0.0008038654214484337	0.9957200698947489	0.07501176763596586	0.011518848132267867	0.0006258224712283622	0.04158222837491852	0.5624928224450596	0.007369384576927024	0.07827493737623022	0.0004408179087899195	0.0050507603468154345	0.16937151870859019	0.3169698303186542	0.9761257026557861	0.004165415289265468	0.0967396677374882	0.00701058143371766
TSs56	0	0.5958966839480724	0.4027716353629877	1	0.7899237569849396	0.003528322571197555	0.9389541702807868	0.04351220122203312	0.9035817447674396	0.9440322149933144	0.5052067709644356	0.9937663415790257	0.888676836342174	0.977518321136952	0.019430172956705443	0.007486391157018395	0.02817522757878573	0.8007056051459605	0.8566378345440651	0.7791419088239188	0.030968187184996446	0.9166311746201552	0.9041625295168252	0.7786675309700652	0.5971501926055952
TSs3A	0	0.7127081902334451	0.34147913323463663	1	0.8714561394190101	0.34804063595985035	0.9857836494767344	0.9155854528541472	0.07011340813184144	0.925113803723292	0.014465215848732534	0.9474324473256364	0.9927390596930118	0.9493085389007613	0.5420089593062185	0.6461859452520179	0.7604240394280237	0.9949936190358105	0.9435293145282468	0.7539532344893278	0.019187606848376094	0.9948793258764839	0.9959218191786258	0.827326825983873	0.6271709028278899
TSs95	0	0.7150776294845067	0.35380636937726556	1	0.8905086293439679	0.9869829710725203	0.999648672123711	0.31656193521141746	0.9504978497341716	0.9968627214931661	0.9077530240861341	0.2726255236582471	0.04000085777444325	0.6853308117908348	0.9940843384479935	0.8479498464973314	0.8732642346018018	0.999694985798108	0.4858189942871257	0.0939314325513569	0.9630299599801866	0.10386823705406927	0.9966209155127767	0.9994168199721392	0.7876084580426003
TSs2	0	0.2026857038564714	0.3436754202481874	1	0.0039343105836567105	0.00010194535842616941	6.701788394552199e-05	0.8403026672073602	7.27608493916404e-05	1.0868780236791058e-06	3.25154854058275e-05	0.9137986948475647	0.5257199179430097	0.008646841506754497	0.010138203881905623	0.3687707723146822	4.332869457906241e-05	0.0023523294349874243	0.021655647107788164	0.0016051295762490201	0.0013891949397783865	0.36299451890496753	0.989853821916894	0.0006513906653886557	0.005516291732325997
TSs44C	1	0.43821180865013315	0.38802868984205213	1	0.3715344292051173	0.021317629472811864	0.0009862995707904916	0.4610022462525575	0.10147734877170508	0.9616166525859635	0.03208972635411586	0.05954180363480046	0.6220185895785727	0.9554313039106401	0.7045045118890644	0.27360113675536774	0.38285980316708934	0.3602090552431453	0.04812368007213122	0.03569134463124423	0.9453700783553638	0.9932793407802326	0.9922794176072143	0.08811586067228307	0.724720343697569
TSs201	0	0.821824379683421	0.2963333502500053	1	0.9806787162173046	0.9774634002119529	0.5850016938980123	0.7971169700487044	0.9590097719159902	0.003920568171055296	0.9894265605863687	0.9378380670126925	0.9997152476102216	0.989181297393989	0.9979900752479	0.9006557034985619	0.7780859096928125	0.9905752613934268	0.9838940322226564	0.995878386649887	0.9977145125690197	0.27445660332371	0.9898719532771869	0.28898616482656675	0.999705414117709
TSs217	1	0.7639988373087132	0.31817273313412925	1	0.9581915694363542	0.9781312032627582	0.9975548203434184	0.9845463844284674	0.7006229560193202	0.26930268917346534	0.9086372901543868	0.13744874006301597	0.4536528039855196	0.9938389087192127	0.9261066182345888	0.983222090999604	0.19966893640878516	0.9697821836582033	0.23683665629522158	0.9783328765902979	0.946600955214505	0.9989226290114994	0.9760826931493822	0.9994808825494376	0.641204427913176
TSs168	0	0.4541974778120643	0.3921080608543252	1	0.4265182659089112	0.9370484142517324	0.009178174899930691	0.1700143850132077	0.11475045549717286	0.8369590090168233	0.2983379671091609	0.0010949595197989452	0.011441932423985612	0.0006561081606125884	0.6402558229875694	0.9915608484889463	0.633190461007596	0.6845133155205473	0.19303054769806308	0.9031766997975619	0.16074986946785086	0.5546985647086615	0.9702828829347256	0.9729850789025618	2.4058834777687963e-05
TSs98	1	0.6935186370292844	0.406833797149478	1	0.9358453707630779	0.9986847795061072	0.9838492736536355	0.38307148138563857	0.7244503130098705	0.9981395270234786	0.9922576747663387	0.0353824266513715	0.030932606442654546	0.8670952866178067	0.9921687528496588	0.08767253827203945	0.9291509217051667	0.9973800526145751	0.9933761498706855	0.8579389941186584	0.9998164632187144	0.06480599952436242	0.029266987785544388	0.9425398198209892	0.9623926917483927
TSs116	0	0.2681663293122273	0.3256841371368135	1	0.08239165276544505	0.8234111047642475	0.24962394562727505	0.0182082802305915	0.0007817776037800459	0.6739402025571963	0.0006531622801651269	0.016406799868268145	0.08517928257223827	0.027598950502741925	0.836383658707259	0.30158774038137015	0.19852119283430164	0.07960402295865185	0.06907526485156126	0.05570302797161132	0.04307802939385385	0.9197734683086591	0.6995682326925626	0.2628941636415914	0.0013342784966207026
TSs53	0	0.27727902207826605	0.318829764738076	1	0.1568897199576602	0.32132277647444146	0.30641582443720944	0.006758298263047835	0.2761164254471034	0.7714734425398264	0.9933870581098233	0.24644360598840867	0.03194334478819103	0.008742794633629244	0.0020438761406405266	0.06273403528935032	0.0008434696240400292	0.30207237994391395	0.7779772746845585	0.003053261001611105	0.676988316566247	0.00798308518620969	0.6202054363872773	0.06173990213288054	0.06733583392691177
TSs63A	1	0.9059755366663982	0.17076241434604503	1	0.9901534643947579	0.9934935955483234	0.7278521067433773	0.9965815837284154	0.9884186981634394	0.9345966959241855	0.9978444179253664	0.7628601972080826	0.997515123770675	0.951981211378321	0.9451387639582565	0.7332481244783919	0.9987815753931623	0.9993969975981631	0.8262257273193488	0.9765286056974212	0.9974180836639254	0.9991981764995526	0.30087460383998954	0.999668213863491	0.9918882306260765
TSs158	0	0.45465434616858147	0.37440700492198303	1	0.37188120679375963	0.8651006429862381	0.7666777059065288	0.7889705259688627	0.4520507938356835	0.8564253396953546	0.2965489021887097	0.12288180449306091	0.1314349354636752	0.020595730589259596	0.9934994444238833	0.11694851817445975	0.9480106998429382	0.44721351139880955	0.051427629656986835	0.19817109605490915	0.9949741126699099	0.21606622706805972	0.022315450942338853	0.02847114213814727	0.7753027098738137
TSs269	0	0.6699926175009364	0.3912553907475338	1	0.9434472897812349	0.5109065456858655	0.9405280727561147	0.9508635256505369	0.9962418516030572	0.946366506806355	0.6009130013039143	0.996921221028271	0.9906378716865446	0.006224202177622765	0.9979311346321772	0.29303368668089075	0.9848369109387362	0.5396635924692441	0.029737706871434785	0.9905275961162878	0.5514607456882175	0.9940280163428337	0.995222917757595	0.01917813519269321	0.06462910863033917
TSs317	1	0.6299273685787351	0.3781807307551838	1	0.7609093015158679	0.9628651853056936	0.9621647410553535	0.9535923962542485	0.7489067543073316	0.503021485461413	0.05511439756787507	0.34286328712833264	0.7677728512067639	0.010564919213836524	0.9987369028810436	0.0064381154507969825	0.9519200519711727	0.9962600809063619	0.9616322189545368	0.5566657055615836	0.029668178391497883	0.25975571974872397	0.7540457518249719	0.7847236514759672	0.991834976907197
TSs49A	0	0.7351024084728095	0.3015727005649754	1	0.8555002337148774	0.2951996359469206	0.5857086386555619	0.9406203124035718	0.9863541074543624	0.9983592402212157	0.586783959902962	0.9510808467870681	0.24071626649815378	0.2746378438370675	0.9925130569898959	0.10221527842371987	0.7622391596932232	0.770380155026183	0.9980417761737551	0.9970480967672298	0.568763253527483	0.9932454451902347	0.9541122514545475	0.7174137201670591	0.9866151243359759
TSs417	1	0.6378306542900892	0.34342665650067644	1	0.7666051190068011	0.06192694477365804	0.30921771000203957	0.32609310414932285	0.744708914022974	0.25856801542681424	0.999654218905959	0.788501323990628	0.994218097317863	0.2169572152921098	0.9989427071152551	0.9540467417290394	0.9427711642327063	0.07278797212124301	0.9969961503153182	0.9431997861612132	0.3363469198325707	0.9229839538474147	0.8187150241531127	0.5401122345666585	0.5298648878458856
TSs195	1	0.6459841934369621	0.3690319053098203	1	0.7594164242627894	0.1986411186839751	0.04931737632709456	0.8556506380848004	0.0003702190991307347	0.9741149961896256	0.915538820075925	0.6153884875681174	0.10977527643813802	0.9430842457810904	0.751641063893308	0.9508074432658197	0.767191784632271	0.6973949820329707	0.013424200644212573	0.4792465180257351	0.9992569298267816	0.9469519289968953	0.9975416539996039	0.6545976389247331	0.9997485462490127
TSs371	1	0.670020222611337	0.3595873887149313	1	0.887606573286274	0.1340188534533531	0.7740351563949693	0.9667772978857362	0.9610878647495005	0.43057269993153724	0.9997385608653198	0.1812462529770982	0.8869716010496577	0.9603126192758192	0.1592106296426661	0.9853794662299854	0.8882415455228904	0.23106437633967586	0.9988878068338525	0.5351254554828169	0.9989882124112697	0.9581181298850998	0.03523483868023514	0.4046526688165873	0.91074041579867
TSs23	0	0.2463659769645563	0.3421190262109024	1	0.07571729811478731	0.9197201569877872	0.3488879805566555	0.0035240381864975203	0.008762254792464359	0.05358444919449849	0.1555104289734833	0.18185510227865573	0.8361528236551673	0.007493175704202257	0.06481280025727049	0.001863580458268369	0.2762241500096779	0.12526309979821665	0.819132273572106	0.035012453685883106	0.08662179597230413	0.001139114147743072	0.020931373717368907	0.014282583500656839	0.9665459038422191
TSs51	0	0.6668978146601204	0.3539406394280408	1	0.8020134651978055	0.6100752585824779	0.5232607985750858	0.034075284813132274	0.9557660265836512	0.9893402188914067	0.9894276899625344	0.12299783113866866	0.9993827715034664	0.7740115248979988	0.9310531036799019	0.8300154054976122	0.5626659186367953	0.9983054482781015	0.9261196472833405	0.5545422489365696	0.2950835900665161	0.001538031829372684	0.9906151746555805	0.9856822722911751	0.26399804709902297
TSs59B	0	0.21470726107961163	0.32290509070928686	1	0.05045624538033344	0.003056792420665001	1.1633923829348157e-06	0.04723914396233416	0.7709049499034379	0.05367334679833273	0.00019678133422191857	0.6619310038195884	0.884036888195648	0.10465854858996065	0.07009284362675246	0.0008655993125140317	0.00043582424774018424	0.0005916896883294571	0.008709490496092645	0.0014796795637062746	0.20888455355406765	0.17819873178274584	0.9239074131483578	0.002404978554852182	0.37287579920050185
TSs365	0	0.5411270657249403	0.3930803467770364	1	0.6764489842531487	0.7563518342902741	0.2596667020259505	0.9375674251564685	0.023542163072770423	0.9998213812208417	0.8597352670030167	0.005226508174279332	0.9450000000247155	0.6521066080336179	0.7174038688080051	0.9979708684967384	0.06586290524497472	0.016324888848157207	0.5806057095864923	0.7007913604726795	0.4404263944043521	0.9986397935667385	0.04089298895662261	0.8243646789380575	0.00023996817405463723
TSs224	0	0.8039028697354856	0.28554977077219723	1	0.9214756743269713	0.9001164434573682	0.9959887897007424	0.7914332902098851	0.8626462868032306	0.9987765612062098	0.9953313341592835	0.7713438369336235	0.1789113846655265	0.8670509336054569	0.9982853572879697	0.99682375002092	0.4342813792732637	0.5319672411156822	0.9428349051965744	0.04714759667825482	0.9948592426432341	0.9985652762089645	0.7731573284209088	0.9986924504268855	0.9998440066957309
TSs325	0	0.9547441858615358	0.08827423429204098	1	0.9812343049746461	0.9919183644697795	0.9996974548437227	0.9963018998990909	0.9999571474570254	0.974559293759817	0.9870043834322687	0.9694481513016588	0.9965121920468141	0.9567666586997134	0.9348884696388788	0.6058126421145523	0.9754642265170236	0.9445980715078695	0.9945087672802109	0.8696567306024776	0.997482873641618	0.9700921092966719	0.9362666694447108	0.9946086447529732	0.9993389665238424
TSs119A	1	0.7685785748144173	0.30835485855709205	1	0.9020962119811341	0.8929292355257935	0.9441817706769872	0.8894756868631437	0.9994766510477764	0.9112631884364747	0.9518472951274064	0.6129844892547631	0.9578344516440601	0.09147705829463446	0.6788064441399072	0.9996726021113372	0.9982563891111702	0.9999368797516854	0.7970979315255704	0.0007504268300058707	0.655937478428867	0.7464122513295718	0.2666486090754462	0.9962302622225875	0.9803523948911576
TSs166	0	0.7608131210725875	0.3261761000440696	1	0.9387529149867238	0.9983858875782928	0.903448898565109	0.022649989065845942	0.9527291200719095	0.9988726332880365	0.9886590333042803	0.3175290886513955	0.24708624109956998	0.9247767099015382	0.992619090928003	0.7777098122868534	0.6501255258277746	0.9963478273735148	0.17313161401071236	0.9899850577045461	0.999457548394842	0.9912794663720257	0.8659398464834306	0.959407516095193	0.46612151444887456
TSs297	1	0.1510109804133148	0.2696256852204339	1	0.042501793819808356	0.02571928205927208	0.23952387264800887	0.1514122101566359	0.024509248459215316	0.0004342133059548222	0.0002013078523296936	0.06078538950997395	0.02804301441698095	0.05696057322263576	0.005214140405129199	0.006497548926889716	0.07061133388425482	0.08136099634617774	0.007064564636565917	0.20914191918324498	0.24476034167859725	0.8887603584800555	0.9180383603625687	0.0006967817486453526	0.0004841509831589166
TSs338	0	0.3805748636839175	0.33508800379250037	1	0.3142623732853293	0.2447223773922801	0.7404754329314047	0.15832215584433426	0.01349020042702331	0.9941463834464067	0.3838023691783785	0.13521951884659394	0.00824720984714091	0.41466630039913643	0.013141710560031468	0.8646027960240544	0.1448363564454322	0.8560493569267568	0.41829027198330954	0.0038816245295406125	0.5915909022948245	0.44377167139812407	0.07312360195286954	0.8914163264654595	0.21770070678524883
TSs293	1	0.4574415314890703	0.37980672609362437	1	0.321799102803901	0.4521989512869623	0.2044497278537984	0.4306845673296158	0.9213159180563029	0.03163811780940075	0.08025406585806964	0.789542696960898	0.9537057453239227	0.15982783599871567	0.9783876911720879	0.9249994467376065	0.38376098114497703	0.9816558473684149	0.9911453322248458	0.03150228564954002	0.16949979229203327	0.1427181425162738	0.23415478871539327	0.25983722446282503	0.027551471019721517
TSs24	0	0.28938836773754606	0.3743705553714761	1	0.08663354309656252	0.07630134285670283	0.28250528783909296	0.0009680661966688553	0.25395137568704973	0.8067129055237757	0.047867314863334794	0.011195990971706392	0.08604630818578751	0.019519254463800418	0.9065616891835346	0.08722077800733753	0.0010785708672598658	0.057025734803883496	0.9990051284533099	0.9677634289805582	0.8248156152723168	0.0005971179844088242	0.09260812615686793	0.2655658463562646	0.0004574720972601973
TSs334	1	0.5691398153762683	0.40610706414237274	1	0.6639172597581753	0.5875213959921531	0.9925191907370607	0.9397343276025473	0.1049185650493712	0.7403131235241973	0.7754524825080651	0.008269230720497765	0.48729489038839163	0.9916584212447338	0.5101792324242024	0.9926374199827396	0.08624139807643327	0.1262183697924756	0.9994599031353617	0.04460587772298694	0.911514524810391	0.007964491714557143	0.12742706592855285	0.9985463542163372	0.9503200419543134
TSs1A	0	0.07611519199839548	0.13930575386312186	1	0.007505320831946415	0.0004027727212174655	0.00015345386982745855	0.1632666560520398	0.00883057000461616	2.226950483656473e-06	2.2051208506185753e-05	0.4622228753383521	0.2580544553991234	0.03203123420067857	0.04467186627784886	0.0002091840905405616	0.002189180464759014	0.0003284001040588775	0.00990882068993622	0.04033411691598426	0.0005017831201230541	0.4066873928889804	0.08617028422868664	0.0001364437828700841	0.00618007165927667
TSs266	1	0.4885171791544021	0.43748787667385125	1	0.38485953835345055	0.12585785859294818	0.8183563266931814	0.019505155561931158	0.9886141300292149	0.9722532090262478	0.9043852405603957	0.08284920280829985	0.9308134561260075	0.9967947404847536	0.00011338809925031168	0.48420502578567115	0.00016656543756629266	0.12493824255062028	0.9733809672617889	0.013114307470649086	0.14197204871533178	0.0013300615407957266	0.9519050345769035	0.9542745708452539	0.28551405092122994
TSs277	0	0.15007017079498533	0.27034761413801367	1	0.009396408950876654	0.04097058830860307	0.0022884540553367583	0.18618856573784562	0.00030684680520882957	0.6190853000851462	0.018568550606675747	0.008735821097187093	0.004087176691419353	0.005870402670041458	0.2367705929497644	0.006833449229091194	0.010056996804566214	0.008132008349933982	0.061130598898661306	0.9245793912197049	0.1655511233802379	0.6904095352046785	0.0049540586556071275	0.006753752244767997	0.00013020290522890545
TSs60B	0	0.5517558214352791	0.38552294925509834	1	0.6721105795674563	0.008770578457966013	0.004849547554491941	0.00602146170777939	0.6548426508804135	0.7303758662144915	0.7746837610123005	0.9665818697462817	0.9970477401224457	0.8902950946162717	0.018401425759771717	0.001314003067521251	0.9936083764272844	0.6505497355820191	0.6893785082544992	0.5945926594222501	0.02640838795054655	0.9184396220367033	0.8810787074797641	0.5270290119216233	0.7008474204911584
TSs303	1	0.2907794320528302	0.3638243642729168	1	0.045432736404641544	0.017325059051531616	0.024016719714121802	0.00047969992520442505	0.48022781452124785	0.9792051026091027	0.0038746656988227334	0.01014384242028818	0.022012742635766632	0.008209646223618855	0.008833866694760651	0.26232393660820236	0.06684875309516128	0.9255606839845235	0.757801277530837	0.7647663352342906	0.0190246048738636	0.25357592991430006	0.32369776533460326	0.8695492076684068	0.018110987317950283
TSs120	0	0.928061937106946	0.1652020916182025	1	0.9969913969422293	0.9993371533680215	0.9996090661129129	0.9998530478126284	0.9169883266821635	0.7541114829414483	0.9991559775203717	0.29089495096799683	0.7987903056890074	0.9194967713075105	0.9998487514346462	0.9935197244737591	0.9999404206387071	0.9951652120373086	0.9996771516203538	0.9663007659863289	0.9905893057013833	0.9997366412334069	0.9399700485899305	0.9994360561738879	0.9988175818471501
TSs132	0	0.9388064086322331	0.13239064348203486	1	0.9904874759329118	0.9919532393361187	0.9868866898531812	0.8650645416985563	0.9985298916243316	0.8971202368809157	0.9956647503122767	0.9002351608662316	0.9954131183319304	0.997475825537497	0.9404855439492895	0.9955019622922865	0.9998576810448858	0.973939046789718	0.9977562022488001	0.9890217125297048	0.9946977502512064	0.4106517506382203	0.8703214566158931	0.9922336091795471	0.9833180026640697
TSs78	0	0.5820703431226751	0.35226166987067903	1	0.49970955871102085	0.3530747028296536	0.9264301023431502	0.8885575465264549	0.44029476263569023	0.0945818099200149	0.006949715716679349	0.4100140437084879	0.3601189490209575	0.9912786249641667	0.4246532579930203	0.9108041515283949	0.8878073580200629	0.9419259883960359	0.9086197148573459	0.9972600222102953	0.2377345462457706	0.954478725430326	0.5591243547863515	0.0473794988685228	0.300318986452123
TSs61	0	0.9254295125552753	0.18296113197344743	1	0.9957441236244622	0.9996228909162773	0.9992384297926512	0.9715159083504836	0.9772237208600218	0.9981248455214181	0.9997856797629407	0.9892022907169317	0.9715109360829253	0.8302872585166273	0.9899021962063398	0.9928813425337408	0.400920609107868	0.9982810181286336	0.9944886299786609	0.9999359542024528	0.9969996172702635	0.4024440048102679	0.9978321194970712	0.9986391156633636	0.9997536831865688
TSs60	0	0.37186709656229044	0.3477893056990966	1	0.2978215816382669	0.001476286302370278	0.192993842167442	0.008212556274711536	0.30747601155439797	0.7440060198626874	0.0034442676669620494	0.7951775670539536	0.007669102069575727	0.8813926941631524	0.005727082268807958	9.826191739241552e-05	0.0005056548159575045	0.6496335547728878	0.44094408470439245	0.7177809403136477	0.8536787405000608	0.7376925013420839	0.28816715172213575	0.11730407005728584	0.6839615417159046
TSs274	0	0.646155683418475	0.32418341407689233	1	0.7232866416239537	0.5266613627821531	0.9981208864910358	0.2729698003675985	0.3400493721421598	0.9730273309577672	0.6438948415813054	0.437556702261623	0.8413597359557964	0.16464942785105505	0.22361182865598372	0.5137761707796543	0.9577426580619307	0.9357791359903187	0.8167337191715938	0.5177189867378823	0.987278729285834	0.0025805848240618664	0.8026784416666021	0.9914016057429537	0.9755223470621909
TSs10A	0	0.2543730962315732	0.2998016980780467	1	0.16754871185206321	0.21212507996151955	0.47968230380715376	0.008338531594528003	0.6487008163303104	0.1541359661036445	0.06367020276997154	0.9205864255108975	0.8692922124043926	0.4595867786361864	0.005042335738603832	0.0031418672212163773	0.011105486092261231	0.20869864163296428	0.5850063621634332	0.05340385546377411	0.0030651554388811987	0.009966987239043466	0.20496135239193378	0.005990106530264992	0.1809614576004819
TSs96	0	0.5983599520368414	0.36236247087098117	1	0.7326779914803853	0.33752552731386953	0.9719162544069132	0.8616484833480217	0.38331751849668017	0.01947662705977568	0.9974441033435734	0.29521366509029945	0.9744197210662362	0.20295285941772123	0.5981576988712635	0.9981185842574787	0.7042020395367515	0.9706697823570006	0.7902286445599305	0.1683194270095874	0.15804951967053046	0.007461115163984276	0.761153943424019	0.7735370324528271	0.9933864938903666
TSs282	0	0.15859129694075844	0.2655583330106924	1	0.001360484897856252	3.7393304116355694e-05	0.0005743324832038353	4.853296686596779e-05	0.019437303837243285	0.599700528252235	0.0013659967582461757	0.7652954495683725	0.0003078256684110169	0.57338649651537	4.1050005436249346e-05	1.7697571572601807e-06	9.641484223708647e-06	0.10850308723719751	0.5544419034423881	0.0013549730374663284	0.04628213406552084	0.49711996814885784	0.0010955917544849126	0.0006245890925052639	0.0021973714358669598
TSs56A	0	0.7851703986217531	0.2791102800354793	1	0.927340179963377	0.675244251903764	0.9996396850042515	0.5117981935614626	0.8978908497514271	0.031894817158125706	0.998725987924983	0.995403479959812	0.9680958117435148	0.6076818507963252	0.9691145159744148	0.9797344130498618	0.9958802489581865	0.9996711344408262	0.8689233114444688	0.98638004630588	0.8811502263232532	0.49115949292212346	0.5942693096230957	0.956789510175327	0.29396083541395845
TSs296	0	0.2807916869604843	0.3387660762239421	1	0.09478217216282472	0.06574735374857758	0.0001438771230742396	0.39469717557016865	0.01035953557916904	0.000556894808331701	0.5740084397809315	0.8376534037933313	0.8226809288785002	0.025611467387582097	0.1773723426143193	0.12381699057707188	0.007922035012784762	0.00028285047862249625	0.833307237242535	0.23312505740715952	0.011637123718989074	0.9178662180987348	0.49694476509186175	0.04141237723805042	0.040687665059890174
TSs33	0	0.14124243724043306	0.15890813222529077	1	0.08959055853385155	0.19292214851784595	0.0031300610760294544	0.046714630947874036	0.08902060691579539	0.0014075744460092516	0.11073524934737695	0.5441213189681942	0.23041853556324077	0.001099424185351963	0.4859739176619993	0.09016051015190771	0.09664479052328424	0.2305388110411004	0.02373429753839447	0.033771979334967804	0.0021620518408478106	0.27789180641949485	0.2831697220440563	0.060691371060383144	0.02053993722450667
TSs311	0	0.6648749858930045	0.3824327545949962	1	0.8995604085372286	0.9936685866101583	0.5462659481923966	0.9464781552148844	0.9716815287491171	0.667284238620061	0.9697536272481709	0.6168543903906775	0.9966041604715549	0.9870424563021432	0.01531244339565501	0.9261874540496601	0.16985198393940837	0.1129790324477693	0.9990106808088904	0.9801366972010143	0.9322044692030906	0.5170803605200893	0.016619042091672406	0.05955109937888002	0.8729333630247972
TSs68	0	0.1477131733437043	0.3150556691583044	1	0.0010260441444814123	5.918787698724578e-05	4.6468783341964567e-05	0.0008126361834370384	0.0003337533903961146	0.0014786209840277598	5.832839752882727e-05	0.29946778837024046	0.9315979592554101	0.8442336605538902	3.363552498006448e-05	8.09356193146694e-05	1.4488961507078876e-05	0.02231502722157685	0.0014031740143913014	0.009383351214013819	0.0012394521055257865	0.8063648989763124	0.0003313797356105835	5.286315061571279e-05	0.034955856554977974
TSs104	0	0.6758095561108337	0.37624367187028546	1	0.9149892253859657	0.9724370524521185	0.2707276112262652	0.1735919942802366	0.9750598506879254	0.9971925140670799	0.9445398631365067	0.9567554293526016	0.9979866403736104	0.8854385876354247	0.9906320014340009	0.6047938401754697	0.9983268545480021	0.7990630370858838	0.9908991628416298	0.04895093724155087	0.17761920570368137	0.000644290945484831	0.9610863277085236	0.27637877919178466	0.49406714212889313
TSs58	0	0.8738372131590328	0.24615233494938918	1	0.9879159198816259	0.9885820943518354	0.9946127438941098	0.9872497454114163	0.9911429740507613	0.9994954352572682	0.9997916379397361	0.636429702202715	0.7611819648995869	0.9564066187202336	0.9942387295110939	0.941173438889003	0.9939606213570464	0.9337189221391403	0.9990861029231661	0.9275278628122432	0.9929293108901307	0.08149633347063008	0.35324350818336	0.9463527961501079	0.9981237201270738
TSs358	0	0.7537568653452035	0.437753126178032	1	0.9999999004929573	0.9999999514626928	0.0021874722257674843	0.9999999758451567	0.9999999456985914	0.9999999722896294	0.9999999015283675	0.9999997835346148	0.9999997498947174	0.9999995058263718	0.06210529767820964	0.9999999576323617	0.9999999808721672	0.005226249610226261	0.9999998994575471	0.9999999688995836	0.9999999228483794	0.9999999512111665	9.487171849872911e-05	0.9999998976413362	0.005525051028686322
TSs82	0	0.4803939435829755	0.3792872165805871	1	0.4625341039058347	0.05484331805614409	0.6228838947500519	0.6823193588710967	0.2737085700222408	0.018995222237828596	0.9929138397791007	0.30218431306161747	0.24787328820039148	0.03618962422164527	0.7030979408747544	0.9145848617187945	0.8181278477927157	0.8310428713517978	0.7542591915154959	0.07489919414427841	0.03870270649108004	0.07479840876139938	0.18041806844389766	0.9941852563039579	0.9918510950612208
TSs15	0	0.8287306411493495	0.31851159356460557	1	0.9837840600923603	0.9990885325342764	0.9994882687304953	0.9992376419359272	0.95156889812531	0.986707000448441	0.9938298321688557	0.9809835587408093	0.9938218564340162	0.9594168497037768	0.6097366084662242	0.994951215758624	0.9773140434351573	0.9226225125450545	0.9998965965313944	0.0067421941198892756	0.99748509745951	0.15474214637364408	0.2076077297834747	0.8527876782481978	0.9865845614439113
TSs3	0	0.4081694916509956	0.4340598886328834	1	0.19248935706430503	0.008530473609074283	0.008134853595826235	0.009086829245084787	0.0003489587688341503	0.1328064620697347	0.18395670605671113	0.9674704547773485	0.9844137516914115	0.9978250644848118	0.0008892209070733788	0.20102200807189896	0.0005131555529542613	0.9912331597306901	0.7361895092786229	0.03266693716829267	0.010597600990256523	0.5752784551677398	0.3543666831484415	0.9916468927692166	0.976412655935886
TSs4	0	0.31280293151233723	0.35038519715727556	1	0.14870638723920176	0.00016809097550023652	0.04869032772350215	0.1342306371161408	0.00493820382079274	0.841623757590442	0.000570549297645531	0.9172302216669673	0.16318213736226275	0.5514846567745564	0.028083916943327375	0.01769634959555251	0.007717746586823679	0.2918535272229869	0.9692912464462915	0.058516598749007304	0.13222549423123153	0.4056214282331673	0.9357283520996835	0.2671295528462722	0.48007583496459033
TSs331	0	0.8823065926071999	0.2525137777423763	1	0.9878635443296324	0.9863321788023764	0.9943872229894823	0.6511495894397417	0.9986212761700514	0.8562159752258551	0.9775305627897636	0.10892374162863991	0.9997217121370771	0.9812177983460203	0.2624436597689728	0.9939737304654217	0.9927929917421835	0.93661096705762	0.9988773101260605	0.9893949098568885	0.9966001984069317	0.9601442663981209	0.9968742777369176	0.9996890828484047	0.9646304002074664
TSs314B	0	0.37910018690981084	0.39851874819557376	1	0.19650565909157858	0.03407097655682848	0.0002705390254279733	0.15727402266399265	0.39595547778574086	0.26176658961395044	0.5887274523747481	0.8828929508918041	0.9943441592435309	0.23573729551916453	0.9070670258356277	0.06579440080522056	0.004648126860602965	0.98718329272534	0.9986799138541981	0.011593658277555246	0.0005576790844676296	0.0021477113088125403	0.7989018178095959	0.1433284490189085	0.11106219894069956
TSs333	0	0.8784115981540215	0.21161692972134347	1	0.9881396780937122	0.9668363949318748	0.9979968743141834	0.9878239085013532	0.9580156862566945	0.8598103579816424	0.9884554476860713	0.304549657503042	0.998947262188784	0.9965422009380505	0.995060560343339	0.9995458995750621	0.9967116728210537	0.9105018589907371	0.9999849937593129	0.8643138574824116	0.7956923722206412	0.36536257148534895	0.5888352822653437	0.9934167522356311	0.9998283515998505
TSs7	0	0.13017222107357967	0.26578540194766337	1	0.00866594123200591	0.007056983773763659	0.0005080582256013064	0.039398680666333855	0.12232732331582943	0.0004907649522271264	0.0005751798073249538	0.7306124705433983	0.8616823073117584	0.0005291294124701933	0.6106188016941784	0.0009211461739469896	0.00621812536762132	0.001442633645716599	0.0007689381894315604	0.06490686318749497	0.004681639622618402	0.01786711957304163	0.1010668360146479	0.01027489869024816	0.02149652130393965
TSs38	0	0.8009109688236338	0.30293994014688425	1	0.9436851118797912	0.9977953446020319	0.988335604964225	0.9475194339639337	0.9930541626393926	0.9462773653251869	0.5535102389982763	0.853857047948515	0.020122459294098064	0.9909076828658915	0.9410928584343955	0.36907059600145437	0.6240249766195695	0.9024544033007409	0.995428222469186	0.9692209171208852	0.9926683028475909	0.9958306706919476	0.9030074787219169	0.9171622087757823	0.11687940088765005
TSs10	0	0.6519765856690315	0.31107455015659574	1	0.7575751150202747	0.6063365945562631	0.9927871256337855	0.6255088946049625	0.07332587100874717	0.6203628735056715	0.2288513900437501	0.8605011251438465	0.06347967473357136	0.73050643249877	0.7864822909112682	0.9188058866050505	0.9951410488297832	0.7846437975417794	0.31313247210090317	0.546893391439799	0.8883294524233872	0.24732687893701966	0.7907112993219871	0.9857597994607	0.9806454140795833
TSs48	0	0.4478430967631083	0.4167897765112493	1	0.43914676630016614	0.032260740059996275	0.8403812292991676	0.003098535838120789	0.7009968857934472	0.9959301923926918	0.10625936060313718	0.3658727351572689	0.01692473778069444	0.0005076249478182848	0.5124207974430633	0.0068826326065577785	0.03699665252830925	0.9703996054102946	0.9796204298206114	0.6109717203625962	0.10665462934636938	0.6906664817135062	0.9976270991079584	0.9764860255406671	0.005903819509890045
