ID	ID	Class	Mean	stdev	Predicted_0.01	Median	score_0	score_1	score_2	score_3	score_4	score_5	score_6	score_7	score_8	score_9	score_10	score_11	score_12	score_13	score_14	score_15	score_16	score_17	score_18	score_19
TSs156A	0	0.49081319854915184	0.015621283687106599	1	0.5	0.5	0.4893044587814023	0.4847881273246004	0.5	0.4845909666608629	0.5059786561672472	0.5	0.44496693262756215	0.5	0.5	0.47797917259968115	0.45805842425140014	0.5	0.5	0.5	0.5	0.5	0.48478812732460036	0.48580910524567955	0.5
TSs361	0	0.5058594906101035	0.024319932270444825	1	0.5	0.5275853841572485	0.5202435072936785	0.5	0.5	0.46013299977536953	0.5284528642670256	0.5	0.44496693262756215	0.5330702277508629	0.5104786873476891	0.5415771704287529	0.4895215053824855	0.5	0.5315250209920086	0.5275853841572485	0.5	0.5	0.48478812732460036	0.5172620006975375	0.5
TSs368	1	0.4960673031313002	0.013845531218973988	1	0.5	0.5	0.4893044587814023	0.5	0.5	0.4845909666608629	0.5059786561672472	0.5	0.44496693262756215	0.5	0.5104786873476891	0.5106957504130752	0.4895215053824855	0.5	0.5	0.5	0.5	0.5	0.5	0.48580910524567955	0.5
TSs49	0	0.4956581873753203	0.015040748038836111	1	0.5	0.5220245763602924	0.5	0.4847881273246004	0.5	0.4845909666608629	0.5059786561672472	0.5	0.44496693262756215	0.5	0.5	0.5106957504130752	0.4895215053824855	0.5	0.5	0.5	0.5	0.5	0.48478812732460036	0.48580910524567955	0.5
TSs138B	0	0.4952022814247372	0.016189649895320492	1	0.5	0.5	0.4893044587814023	0.5	0.5	0.46013299977536953	0.5	0.51313618892148	0.44496693262756215	0.5	0.5104786873476891	0.5106957504130752	0.4895215053824855	0.5	0.5	0.5	0.5	0.5	0.5	0.48580910524567955	0.5
TSs22B	1	0.4961538687778749	0.01521546478427068	1	0.5	0.5220245763602924	0.5	0.4847881273246004	0.5	0.46013299977536953	0.5	0.51313618892148	0.5	0.5	0.5	0.5106957504130752	0.45805842425140014	0.5	0.5	0.5	0.5	0.5	0.48478812732460036	0.4894531811866786	0.5
TSs287	0	0.49759605815564745	0.010660601887377271	1	0.5	0.5	0.4893044587814023	0.5	0.5	0.46013299977536953	0.5059786561672472	0.5	0.5	0.5	0.5104786873476891	0.5106957504130752	0.4895215053824855	0.5	0.5	0.5	0.5	0.5	0.5	0.48580910524567955	0.5
TSs383	0	0.4961198482007279	0.014702358757368857	1	0.5	0.5220245763602924	0.5	0.4847881273246004	0.5	0.4845909666608629	0.5	0.5	0.44496693262756215	0.5	0.5	0.5106957504130752	0.4895215053824855	0.5	0.5	0.5	0.5	0.5	0.5	0.48580910524567955	0.5
TSs314A	1	0.49451803988720516	0.015328047116852782	1	0.5	0.5220245763602924	0.5	0.4847881273246004	0.5	0.46013299977536953	0.5	0.51313618892148	0.5	0.5	0.5	0.47797917259968115	0.45805842425140014	0.5	0.5	0.5	0.5	0.5	0.48478812732460036	0.4894531811866786	0.5
TSs30	0	0.4954293201630878	0.017313163385317427	1	0.5	0.5220245763602924	0.4893044587814023	0.5	0.5	0.4845909666608629	0.5	0.51313618892148	0.44496693262756215	0.5	0.5	0.5106957504130752	0.45805842425140014	0.5	0.5	0.5	0.5	0.5	0.5	0.48580910524567955	0.5
TSs291	0	0.4921490494542236	0.015622122413658715	1	0.5	0.5	0.4893044587814023	0.5	0.5	0.46013299977536953	0.5	0.5	0.44496693262756215	0.5	0.5104786873476891	0.47797917259968115	0.4895215053824855	0.5	0.5	0.5	0.5	0.5	0.48478812732460036	0.48580910524567955	0.5
TSs157A	0	0.4971831276092525	0.007728218661636051	1	0.5	0.5	0.4893044587814023	0.5	0.5	0.4845909666608629	0.5059786561672472	0.5	0.5	0.5	0.5104786873476891	0.47797917259968115	0.4895215053824855	0.5	0.5	0.5	0.5	0.5	0.5	0.48580910524567955	0.5
TSs27	0	0.49484440478702557	0.015847852605090574	1	0.5	0.5	0.4893044587814023	0.5	0.5	0.46013299977536953	0.5059786561672472	0.5	0.44496693262756215	0.5	0.5104786873476891	0.5106957504130752	0.4895215053824855	0.5	0.5	0.5	0.5	0.5	0.5	0.48580910524567955	0.5
TSs363	0	0.4950882836867046	0.014531591958699196	1	0.5	0.5	0.4893044587814023	0.5	0.5	0.4845909666608629	0.5059786561672472	0.51313618892148	0.44496693262756215	0.5	0.5104786873476891	0.47797917259968115	0.4895215053824855	0.5	0.5	0.5	0.5	0.5	0.5	0.48580910524567955	0.5
TSs9	0	0.49537918184795543	0.01583152026117141	1	0.5	0.5	0.5	0.5	0.5	0.46013299977536953	0.5059786561672472	0.5	0.44496693262756215	0.5	0.5104786873476891	0.5106957504130752	0.4895215053824855	0.5	0.5	0.5	0.5	0.5	0.5	0.48580910524567955	0.5
TSs133	0	0.49664459758193036	0.014692824279350734	1	0.5	0.5220245763602924	0.4893044587814023	0.5	0.5	0.4845909666608629	0.5059786561672472	0.5	0.44496693262756215	0.5	0.5	0.5106957504130752	0.4895215053824855	0.5	0.5	0.5	0.5	0.5	0.5	0.48580910524567955	0.5
TSs155	1	0.49451803988720516	0.015328047116852782	1	0.5	0.5220245763602924	0.5	0.4847881273246004	0.5	0.46013299977536953	0.5	0.51313618892148	0.5	0.5	0.5	0.47797917259968115	0.45805842425140014	0.5	0.5	0.5	0.5	0.5	0.48478812732460036	0.4894531811866786	0.5
TSs209	0	0.4960673031313002	0.013845531218973988	1	0.5	0.5	0.4893044587814023	0.5	0.5	0.4845909666608629	0.5059786561672472	0.5	0.44496693262756215	0.5	0.5104786873476891	0.5106957504130752	0.4895215053824855	0.5	0.5	0.5	0.5	0.5	0.5	0.48580910524567955	0.5
TSs136	0	0.4927473163630869	0.01745822546479758	1	0.5	0.5	0.4893044587814023	0.5	0.5	0.46013299977536953	0.5059786561672472	0.5	0.44496693262756215	0.5	0.5	0.5106957504130752	0.45805842425140014	0.5	0.5	0.5	0.5	0.5	0.5	0.48580910524567955	0.5
TSs22A	1	0.4932907311127431	0.017115197000171063	1	0.5	0.5220245763602924	0.5	0.4847881273246004	0.5	0.46013299977536953	0.5	0.51313618892148	0.44496693262756215	0.5	0.5	0.47797917259968115	0.4895215053824855	0.5	0.5	0.5	0.5	0.5	0.48478812732460036	0.48847699193878974	0.5
TSs357	0	0.49497727986571516	0.015996281922544455	1	0.5	0.5	0.4893044587814023	0.5	0.5	0.46013299977536953	0.5059786561672472	0.51313618892148	0.44496693262756215	0.5	0.5	0.5106957504130752	0.4895215053824855	0.5	0.5	0.5	0.5	0.5	0.5	0.48580910524567955	0.5
TSs161	0	0.49824056666320204	0.007263109377971253	1	0.5	0.5	0.4893044587814023	0.4847881273246004	0.5	0.4845909666608629	0.5059786561672472	0.5	0.5	0.5	0.5104786873476891	0.5106957504130752	0.4895215053824855	0.5	0.5	0.5	0.5	0.5	0.5	0.4894531811866786	0.5
TSs11	0	0.49502892613567584	0.01620959571360824	1	0.5	0.5	0.5	0.5	0.5	0.4845909666608629	0.5059786561672472	0.5	0.44496693262756215	0.5	0.5104786873476891	0.5106957504130752	0.45805842425140014	0.5	0.5	0.5	0.5	0.5	0.5	0.48580910524567955	0.5
TSs5A	0	0.4960673031313002	0.013845531218973988	1	0.5	0.5	0.4893044587814023	0.5	0.5	0.4845909666608629	0.5059786561672472	0.5	0.44496693262756215	0.5	0.5104786873476891	0.5106957504130752	0.4895215053824855	0.5	0.5	0.5	0.5	0.5	0.5	0.48580910524567955	0.5
TSs131	0	0.4960673031313002	0.013845531218973988	1	0.5	0.5	0.4893044587814023	0.5	0.5	0.4845909666608629	0.5059786561672472	0.5	0.44496693262756215	0.5	0.5104786873476891	0.5106957504130752	0.4895215053824855	0.5	0.5	0.5	0.5	0.5	0.5	0.48580910524567955	0.5
TSs294	0	0.4941325414322682	0.013760794968709543	1	0.5	0.5	0.4893044587814023	0.5	0.5	0.4845909666608629	0.5	0.5	0.44496693262756215	0.5	0.5104786873476891	0.47797917259968115	0.4895215053824855	0.5	0.5	0.5	0.5	0.5	0.5	0.48580910524567955	0.5
TSs378	0	0.49759605815564745	0.010660601887377271	1	0.5	0.5	0.4893044587814023	0.5	0.5	0.46013299977536953	0.5059786561672472	0.5	0.5	0.5	0.5104786873476891	0.5106957504130752	0.4895215053824855	0.5	0.5	0.5	0.5	0.5	0.5	0.48580910524567955	0.5
TSs111	0	0.49345345452752126	0.017778673088809163	1	0.5	0.5	0.4893044587814023	0.5	0.5	0.46013299977536953	0.5059786561672472	0.5	0.44496693262756215	0.5	0.5104786873476891	0.5106957504130752	0.45805842425140014	0.5	0.5	0.5	0.5	0.5	0.5	0.4894531811866786	0.5
TSs56	0	0.4969427153764747	0.015160104672595565	1	0.5	0.5220245763602924	0.5	0.4847881273246004	0.5	0.4845909666608629	0.5059786561672472	0.5	0.44496693262756215	0.5	0.5104786873476891	0.5106957504130752	0.4895215053824855	0.5	0.5	0.5	0.5	0.5	0.5	0.48580910524567955	0.5
TSs3A	0	0.49537918184795543	0.01583152026117141	1	0.5	0.5	0.5	0.5	0.5	0.46013299977536953	0.5059786561672472	0.5	0.44496693262756215	0.5	0.5104786873476891	0.5106957504130752	0.4895215053824855	0.5	0.5	0.5	0.5	0.5	0.5	0.48580910524567955	0.5
TSs95	0	0.4979026118894419	0.011825118664719567	1	0.5	0.5	0.4893044587814023	0.5	0.5	0.4845909666608629	0.5059786561672472	0.51313618892148	0.5	0.5	0.5104786873476891	0.5106957504130752	0.45805842425140014	0.5	0.5	0.5	0.5	0.5	0.5	0.48580910524567955	0.5
TSs2	0	0.4978928243924452	0.0071126674599983645	1	0.5	0.5	0.4893044587814023	0.4847881273246004	0.5	0.4845909666608629	0.5	0.5	0.5	0.5	0.5104786873476891	0.5106957504130752	0.4895215053824855	0.5	0.5	0.5	0.5	0.5	0.5	0.48847699193878974	0.5
TSs44C	0	0.4969468696350055	0.011121529726108267	1	0.5	0.5	0.4893044587814023	0.5	0.5	0.4845909666608629	0.5	0.5	0.5	0.5	0.5104786873476891	0.5106957504130752	0.45805842425140014	0.5	0.5	0.5	0.5	0.5	0.5	0.48580910524567955	0.5
TSs201	1	0.49499316479219513	0.015719663371486472	1	0.5	0.5220245763602924	0.5	0.4847881273246004	0.5	0.46013299977536953	0.5	0.51313618892148	0.5	0.5	0.5104786873476891	0.47797917259968115	0.45805842425140014	0.5	0.5	0.5	0.5	0.5	0.48478812732460036	0.48847699193878974	0.5
TSs217	0	0.4929917145187318	0.0160926424110543	1	0.5	0.5	0.4893044587814023	0.5	0.5	0.4845909666608629	0.5059786561672472	0.5	0.44496693262756215	0.5	0.5104786873476891	0.47797917259968115	0.45805842425140014	0.5	0.5	0.5	0.5	0.5	0.5	0.48847699193878974	0.5
TSs168	0	0.49625324253538333	0.014615733516285652	1	0.5	0.5220245763602924	0.5	0.5	0.5	0.4845909666608629	0.5	0.5	0.44496693262756215	0.5	0.5	0.5106957504130752	0.4895215053824855	0.5	0.5	0.5	0.5	0.5	0.48478812732460036	0.48847699193878974	0.5
TSs98	1	0.4960673031313002	0.013845531218973988	1	0.5	0.5	0.4893044587814023	0.5	0.5	0.4845909666608629	0.5059786561672472	0.5	0.44496693262756215	0.5	0.5104786873476891	0.5106957504130752	0.4895215053824855	0.5	0.5	0.5	0.5	0.5	0.5	0.48580910524567955	0.5
TSs116	0	0.4960673031313002	0.013845531218973988	1	0.5	0.5	0.4893044587814023	0.5	0.5	0.4845909666608629	0.5059786561672472	0.5	0.44496693262756215	0.5	0.5104786873476891	0.5106957504130752	0.4895215053824855	0.5	0.5	0.5	0.5	0.5	0.5	0.48580910524567955	0.5
TSs53	1	0.49393445336388087	0.015330037736822894	1	0.5	0.5220245763602924	0.4893044587814023	0.4847881273246004	0.5	0.46013299977536953	0.5	0.51313618892148	0.5	0.5	0.5	0.47797917259968115	0.45805842425140014	0.5	0.5	0.5	0.5	0.5	0.48478812732460036	0.48847699193878974	0.5
TSs63A	0	0.49947576594599613	0.007574272872142117	1	0.5	0.5	0.4893044587814023	0.5	0.5	0.4845909666608629	0.5059786561672472	0.51313618892148	0.5	0.5	0.5104786873476891	0.5106957504130752	0.4895215053824855	0.5	0.5	0.5	0.5	0.5	0.5	0.48580910524567955	0.5
TSs158	0	0.4960673031313002	0.013845531218973988	1	0.5	0.5	0.4893044587814023	0.5	0.5	0.4845909666608629	0.5059786561672472	0.5	0.44496693262756215	0.5	0.5104786873476891	0.5106957504130752	0.4895215053824855	0.5	0.5	0.5	0.5	0.5	0.5	0.48580910524567955	0.5
TSs269	0	0.4954395845762198	0.014197494066488266	1	0.5	0.5	0.4893044587814023	0.5	0.5	0.4845909666608629	0.5059786561672472	0.51313618892148	0.44496693262756215	0.5	0.5	0.5106957504130752	0.4895215053824855	0.5	0.5	0.5	0.5	0.5	0.48478812732460036	0.48580910524567955	0.5
TSs317	1	0.4943358360901552	0.015412845504512742	1	0.5	0.5220245763602924	0.5	0.4847881273246004	0.5	0.46013299977536953	0.5	0.51313618892148	0.5	0.5	0.5	0.47797917259968115	0.45805842425140014	0.5	0.5	0.5	0.5	0.5	0.48478812732460036	0.48580910524567955	0.5
TSs49A	0	0.4971685319493148	0.015002343309256445	1	0.5	0.5220245763602924	0.4893044587814023	0.5	0.5	0.4845909666608629	0.5059786561672472	0.5	0.44496693262756215	0.5	0.5104786873476891	0.5106957504130752	0.4895215053824855	0.5	0.5	0.5	0.5	0.5	0.5	0.48580910524567955	0.5
TSs417	0	0.4969427153764747	0.015160104672595565	1	0.5	0.5220245763602924	0.5	0.4847881273246004	0.5	0.4845909666608629	0.5059786561672472	0.5	0.44496693262756215	0.5	0.5104786873476891	0.5106957504130752	0.4895215053824855	0.5	0.5	0.5	0.5	0.5	0.5	0.48580910524567955	0.5
TSs195	0	0.4980583628661521	0.007535744729306878	1	0.5	0.5	0.4893044587814023	0.4847881273246004	0.5	0.4845909666608629	0.5059786561672472	0.5	0.5	0.5	0.5104786873476891	0.5106957504130752	0.4895215053824855	0.5	0.5	0.5	0.5	0.5	0.5	0.48580910524567955	0.5
TSs371	0	0.4963335725446452	0.01391118262631455	1	0.5	0.5	0.4893044587814023	0.5	0.5	0.4845909666608629	0.5059786561672472	0.51313618892148	0.44496693262756215	0.5	0.5	0.5106957504130752	0.4895215053824855	0.5	0.5	0.5	0.5	0.5	0.5	0.48847699193878974	0.5
TSs23	1	0.49522982405858074	0.015217927379179083	1	0.5	0.5220245763602924	0.5	0.5	0.5	0.46013299977536953	0.5	0.51313618892148	0.5	0.5	0.5	0.47797917259968115	0.45805842425140014	0.5	0.5	0.5	0.5	0.5	0.48478812732460036	0.48847699193878974	0.5
TSs51	0	0.4960673031313002	0.013845531218973988	1	0.5	0.5	0.4893044587814023	0.5	0.5	0.4845909666608629	0.5059786561672472	0.5	0.44496693262756215	0.5	0.5104786873476891	0.5106957504130752	0.4895215053824855	0.5	0.5	0.5	0.5	0.5	0.5	0.48580910524567955	0.5
TSs59B	0	0.4960673031313002	0.013845531218973988	1	0.5	0.5	0.4893044587814023	0.5	0.5	0.4845909666608629	0.5059786561672472	0.5	0.44496693262756215	0.5	0.5104786873476891	0.5106957504130752	0.4895215053824855	0.5	0.5	0.5	0.5	0.5	0.5	0.48580910524567955	0.5
TSs365	1	0.49446923042481067	0.015346567178806997	1	0.5	0.5220245763602924	0.5	0.4847881273246004	0.5	0.46013299977536953	0.5	0.51313618892148	0.5	0.5	0.5	0.47797917259968115	0.45805842425140014	0.5	0.5	0.5	0.5	0.5	0.48478812732460036	0.48847699193878974	0.5
TSs224	0	0.4936708806068606	0.014053210609255665	1	0.5	0.5	0.4893044587814023	0.5	0.5	0.4845909666608629	0.5059786561672472	0.5	0.44496693262756215	0.5	0.5104786873476891	0.47797917259968115	0.4895215053824855	0.5	0.5	0.5	0.5	0.5	0.48478812732460036	0.48580910524567955	0.5
TSs325	0	0.4959456336050401	0.016951729733539707	1	0.5	0.5220245763602924	0.4893044587814023	0.5	0.5	0.46013299977536953	0.5059786561672472	0.5	0.44496693262756215	0.5	0.5104786873476891	0.5106957504130752	0.4895215053824855	0.5	0.5	0.5	0.5	0.5	0.5	0.48580910524567955	0.5
TSs119A	1	0.49366693441515846	0.014207339787391585	1	0.5	0.5	0.5	0.4847881273246004	0.5	0.46013299977536953	0.5059786561672472	0.51313618892148	0.5	0.5	0.5	0.47797917259968115	0.45805842425140014	0.5	0.5	0.5	0.5	0.5	0.48478812732460036	0.48847699193878974	0.5
TSs166	0	0.4961077559718051	0.014067072492605033	1	0.5	0.5	0.5	0.5	0.5	0.4845909666608629	0.5059786561672472	0.51313618892148	0.44496693262756215	0.5	0.5	0.5106957504130752	0.4895215053824855	0.5	0.5	0.5	0.5	0.5	0.48478812732460036	0.48847699193878974	0.5
TSs297	1	0.49381242097873673	0.014776103501239512	1	0.5	0.5220245763602924	0.5	0.4847881273246004	0.5	0.46013299977536953	0.5	0.5	0.5	0.5	0.5	0.47797917259968115	0.45805842425140014	0.5	0.5	0.5	0.5	0.5	0.48478812732460036	0.48847699193878974	0.5
TSs338	0	0.49620069746595563	0.013754046828678838	1	0.5	0.5	0.4893044587814023	0.5	0.5	0.4845909666608629	0.5059786561672472	0.5	0.44496693262756215	0.5	0.5104786873476891	0.5106957504130752	0.4895215053824855	0.5	0.5	0.5	0.5	0.5	0.5	0.48847699193878974	0.5
TSs293	1	0.49446923042481067	0.015346567178806997	1	0.5	0.5220245763602924	0.5	0.4847881273246004	0.5	0.46013299977536953	0.5	0.51313618892148	0.5	0.5	0.5	0.47797917259968115	0.45805842425140014	0.5	0.5	0.5	0.5	0.5	0.48478812732460036	0.48847699193878974	0.5
TSs24	0	0.49642517976901185	0.014203087857991552	1	0.5	0.5	0.4893044587814023	0.5	0.5	0.4845909666608629	0.5	0.51313618892148	0.44496693262756215	0.5	0.5104786873476891	0.5106957504130752	0.4895215053824855	0.5	0.5	0.5	0.5	0.5	0.5	0.48580910524567955	0.5
TSs334	0	0.49686959914095247	0.014876593230404432	1	0.5	0.5220245763602924	0.4893044587814023	0.5	0.5	0.4845909666608629	0.5	0.5	0.44496693262756215	0.5	0.5104786873476891	0.5106957504130752	0.4895215053824855	0.5	0.5	0.5	0.5	0.5	0.5	0.48580910524567955	0.5
TSs1A	1	0.49446923042481067	0.015346567178806997	1	0.5	0.5220245763602924	0.5	0.4847881273246004	0.5	0.46013299977536953	0.5	0.51313618892148	0.5	0.5	0.5	0.47797917259968115	0.45805842425140014	0.5	0.5	0.5	0.5	0.5	0.48478812732460036	0.48847699193878974	0.5
TSs266	0	0.4988189564999221	0.006863566181377765	1	0.5	0.5	0.4893044587814023	0.5	0.5	0.4845909666608629	0.5059786561672472	0.5	0.5	0.5	0.5104786873476891	0.5106957504130752	0.4895215053824855	0.5	0.5	0.5	0.5	0.5	0.5	0.48580910524567955	0.5
TSs277	0	0.49549159370506457	0.017893578570542586	1	0.5	0.5220245763602924	0.4893044587814023	0.4847881273246004	0.5	0.4845909666608629	0.5059786561672472	0.51313618892148	0.44496693262756215	0.5	0.5104786873476891	0.5106957504130752	0.45805842425140014	0.5	0.5	0.5	0.5	0.5	0.5	0.48580910524567955	0.5
TSs60B	0	0.49443147424063055	0.013958483994441115	1	0.5	0.5	0.4893044587814023	0.5	0.5	0.4845909666608629	0.5059786561672472	0.5	0.44496693262756215	0.5	0.5104786873476891	0.47797917259968115	0.4895215053824855	0.5	0.5	0.5	0.5	0.5	0.5	0.48580910524567955	0.5
TSs303	0	0.4920354530083295	0.015487151463768513	1	0.5	0.5	0.4893044587814023	0.5	0.5	0.4845909666608629	0.5	0.5	0.44496693262756215	0.5	0.5	0.47797917259968115	0.45805842425140014	0.5	0.5	0.5	0.5	0.5	0.5	0.48580910524567955	0.5
TSs120	0	0.4952029253098343	0.014737565930396846	1	0.5	0.5	0.4893044587814023	0.4847881273246004	0.5	0.4845909666608629	0.5059786561672472	0.51313618892148	0.44496693262756215	0.5	0.5104786873476891	0.5106957504130752	0.4895215053824855	0.5	0.5	0.5	0.5	0.5	0.48478812732460036	0.48580910524567955	0.5
TSs132	0	0.4960673031313002	0.013845531218973988	1	0.5	0.5	0.4893044587814023	0.5	0.5	0.4845909666608629	0.5059786561672472	0.5	0.44496693262756215	0.5	0.5104786873476891	0.5106957504130752	0.4895215053824855	0.5	0.5	0.5	0.5	0.5	0.5	0.48580910524567955	0.5
TSs78	0	0.49466731849319806	0.01377111210413592	1	0.5	0.5	0.5	0.5	0.5	0.4845909666608629	0.5	0.5	0.44496693262756215	0.5	0.5104786873476891	0.47797917259968115	0.4895215053824855	0.5	0.5	0.5	0.5	0.5	0.5	0.48580910524567955	0.5
TSs61	0	0.4968354645218775	0.011016767893794568	1	0.5	0.5	0.4893044587814023	0.5	0.5	0.46013299977536953	0.5059786561672472	0.5	0.5	0.5	0.5104786873476891	0.5106957504130752	0.4895215053824855	0.5	0.5	0.5	0.5	0.5	0.48478812732460036	0.48580910524567955	0.5
TSs60	0	0.4960673031313002	0.013845531218973988	1	0.5	0.5	0.4893044587814023	0.5	0.5	0.4845909666608629	0.5059786561672472	0.5	0.44496693262756215	0.5	0.5104786873476891	0.5106957504130752	0.4895215053824855	0.5	0.5	0.5	0.5	0.5	0.5	0.48580910524567955	0.5
TSs274	0	0.4960673031313002	0.013845531218973988	1	0.5	0.5	0.4893044587814023	0.5	0.5	0.4845909666608629	0.5059786561672472	0.5	0.44496693262756215	0.5	0.5104786873476891	0.5106957504130752	0.4895215053824855	0.5	0.5	0.5	0.5	0.5	0.5	0.48580910524567955	0.5
TSs10A	0	0.4960673031313002	0.013845531218973988	1	0.5	0.5	0.4893044587814023	0.5	0.5	0.4845909666608629	0.5059786561672472	0.5	0.44496693262756215	0.5	0.5104786873476891	0.5106957504130752	0.4895215053824855	0.5	0.5	0.5	0.5	0.5	0.5	0.48580910524567955	0.5
TSs96	0	0.4964449244891485	0.010450696557237899	1	0.5	0.5	0.4893044587814023	0.5	0.5	0.46013299977536953	0.5059786561672472	0.5	0.5	0.5	0.5	0.5106957504130752	0.4895215053824855	0.5	0.5	0.5	0.5	0.5	0.48478812732460036	0.48847699193878974	0.5
TSs282	0	0.4960673031313002	0.013845531218973988	1	0.5	0.5	0.4893044587814023	0.5	0.5	0.4845909666608629	0.5059786561672472	0.5	0.44496693262756215	0.5	0.5104786873476891	0.5106957504130752	0.4895215053824855	0.5	0.5	0.5	0.5	0.5	0.5	0.48580910524567955	0.5
TSs56A	1	0.4960673031313002	0.013845531218973988	1	0.5	0.5	0.4893044587814023	0.5	0.5	0.4845909666608629	0.5059786561672472	0.5	0.44496693262756215	0.5	0.5104786873476891	0.5106957504130752	0.4895215053824855	0.5	0.5	0.5	0.5	0.5	0.5	0.48580910524567955	0.5
TSs296	0	0.49373355544097597	0.016298094015284658	1	0.5	0.5	0.4893044587814023	0.5	0.5	0.4845909666608629	0.5059786561672472	0.5	0.44496693262756215	0.5	0.5104786873476891	0.5106957504130752	0.45805842425140014	0.5	0.5	0.5	0.5	0.5	0.48478812732460036	0.48580910524567955	0.5
TSs33	0	0.49618627600123555	0.011417953087724426	1	0.5	0.5	0.4893044587814023	0.4847881273246004	0.5	0.4845909666608629	0.5	0.5	0.5	0.5	0.5104786873476891	0.5106957504130752	0.45805842425140014	0.5	0.5	0.5	0.5	0.5	0.5	0.48580910524567955	0.5
TSs311	1	0.4957409382314798	0.013279064908527299	1	0.5	0.5220245763602924	0.5	0.4847881273246004	0.5	0.4845909666608629	0.5	0.51313618892148	0.5	0.5	0.5	0.47797917259968115	0.45805842425140014	0.5	0.5	0.5	0.5	0.5	0.48478812732460036	0.4894531811866786	0.5
TSs68	0	0.49655592831013784	0.0080100069200284	1	0.5	0.5	0.4893044587814023	0.4847881273246004	0.5	0.4845909666608629	0.5059786561672472	0.5	0.5	0.5	0.5104786873476891	0.47797917259968115	0.4895215053824855	0.5	0.5	0.5	0.5	0.5	0.5	0.48847699193878974	0.5
TSs104	0	0.49364113320279135	0.016338519227834525	1	0.5	0.5	0.5	0.4847881273246004	0.5	0.4845909666608629	0.5059786561672472	0.5	0.44496693262756215	0.5	0.5104786873476891	0.5106957504130752	0.45805842425140014	0.5	0.5	0.5	0.5	0.5	0.48478812732460036	0.48847699193878974	0.5
TSs58	0	0.49502892613567584	0.01620959571360824	1	0.5	0.5	0.5	0.5	0.5	0.4845909666608629	0.5059786561672472	0.5	0.44496693262756215	0.5	0.5104786873476891	0.5106957504130752	0.45805842425140014	0.5	0.5	0.5	0.5	0.5	0.5	0.48580910524567955	0.5
TSs358	0	0.5019884972740727	0.01845314341905147	1	0.5	0.5220245763602924	0.5	0.5	0.5	0.5214988220419341	0.5284528642670256	0.5	0.44496693262756215	0.5	0.5104786873476891	0.47797917259968115	0.4895215053824855	0.5	0.5	0.5	0.5	0.5	0.5275853841572485	0.5172620006975375	0.5
TSs82	0	0.4960674801195751	0.015189173646810716	1	0.5	0.5220245763602924	0.5	0.5	0.5	0.4845909666608629	0.5059786561672472	0.5	0.44496693262756215	0.5	0.5104786873476891	0.47797917259968115	0.4895215053824855	0.5	0.5	0.5	0.5	0.5	0.5	0.48580910524567955	0.5
TSs15	1	0.4952786335209751	0.015196679302435621	1	0.5	0.5220245763602924	0.5	0.4847881273246004	0.5	0.46013299977536953	0.5	0.51313618892148	0.5	0.5	0.5	0.47797917259968115	0.45805842425140014	0.5	0.5	0.5	0.5	0.5	0.5	0.4894531811866786	0.5
TSs3	0	0.49345345452752126	0.017778673088809163	1	0.5	0.5	0.4893044587814023	0.5	0.5	0.46013299977536953	0.5059786561672472	0.5	0.44496693262756215	0.5	0.5104786873476891	0.5106957504130752	0.45805842425140014	0.5	0.5	0.5	0.5	0.5	0.5	0.4894531811866786	0.5
TSs4	0	0.4960673031313002	0.013845531218973988	1	0.5	0.5	0.4893044587814023	0.5	0.5	0.4845909666608629	0.5059786561672472	0.5	0.44496693262756215	0.5	0.5104786873476891	0.5106957504130752	0.4895215053824855	0.5	0.5	0.5	0.5	0.5	0.5	0.48580910524567955	0.5
TSs331	0	0.4947283196608102	0.014083289491195751	1	0.5	0.5	0.4893044587814023	0.4847881273246004	0.5	0.4845909666608629	0.5059786561672472	0.5	0.44496693262756215	0.5	0.5104786873476891	0.5106957504130752	0.4895215053824855	0.5	0.5	0.5	0.5	0.5	0.48478812732460036	0.4894531811866786	0.5
TSs314B	0	0.49562306074763446	0.014504316469566922	1	0.5	0.5	0.5	0.5	0.5	0.4845909666608629	0.5059786561672472	0.51313618892148	0.44496693262756215	0.5	0.5104786873476891	0.47797917259968115	0.4895215053824855	0.5	0.5	0.5	0.5	0.5	0.5	0.48580910524567955	0.5
TSs333	0	0.49895183157861167	0.007122030235516839	1	0.5	0.5	0.4893044587814023	0.5	0.5	0.4845909666608629	0.5059786561672472	0.51313618892148	0.5	0.5	0.5	0.5106957504130752	0.4895215053824855	0.5	0.5	0.5	0.5	0.5	0.5	0.48580910524567955	0.5
TSs7	0	0.4971685319493148	0.015002343309256445	1	0.5	0.5220245763602924	0.4893044587814023	0.5	0.5	0.4845909666608629	0.5059786561672472	0.5	0.44496693262756215	0.5	0.5104786873476891	0.5106957504130752	0.4895215053824855	0.5	0.5	0.5	0.5	0.5	0.5	0.48580910524567955	0.5
TSs38	1	0.49451803988720516	0.015328047116852782	1	0.5	0.5220245763602924	0.5	0.4847881273246004	0.5	0.46013299977536953	0.5	0.51313618892148	0.5	0.5	0.5	0.47797917259968115	0.45805842425140014	0.5	0.5	0.5	0.5	0.5	0.48478812732460036	0.4894531811866786	0.5
TSs10	0	0.4960673031313002	0.013845531218973988	1	0.5	0.5	0.4893044587814023	0.5	0.5	0.4845909666608629	0.5059786561672472	0.5	0.44496693262756215	0.5	0.5104786873476891	0.5106957504130752	0.4895215053824855	0.5	0.5	0.5	0.5	0.5	0.5	0.48580910524567955	0.5
TSs48	0	0.4941443908697948	0.01563900879424732	1	0.5	0.5220245763602924	0.4893044587814023	0.4847881273246004	0.5	0.4845909666608629	0.5059786561672472	0.51313618892148	0.44496693262756215	0.5	0.5	0.47797917259968115	0.4895215053824855	0.5	0.5	0.5	0.5	0.5	0.48478812732460036	0.48580910524567955	0.5
