ID	ID	Class	Mean	stdev	Predicted_0.07	Median	score_0	score_1	score_2	score_3	score_4	score_5	score_6	score_7	score_8	score_9	score_10	score_11	score_12	score_13	score_14	score_15	score_16	score_17	score_18	score_19
TSs156A	0	0.3563039847912774	0.34328055790698714	1	0.1831061427833159	0.8294787071810494	0.16533126629483755	0.11748701252616962	0.8657470713237277	0.30150345541636636	0.047319375140507186	0.008664213834562404	0.1324259830425812	0.12512130581952857	0.04152867374265231	0.1751273866077004	0.9651075303977228	0.9734710947944997	0.42080250144420606	0.1910848989589314	0.08774672652504781	0.8849852387120146	0.37290477326015725	0.33181695224434005	0.08842552855894496
TSs361	0	0.3261407101555402	0.3330027613388549	1	0.286809244657546	0.3215026156920052	0.5079220729699263	0.13412939323752487	0.36181150247019334	0.25211587362308674	0.008896185392123737	0.005984025923320984	0.3808850233334883	0.08771819516281416	0.007736558621579055	0.6937307994519685	0.9970428124203017	0.9724530897136782	0.3436230081684908	0.006225331111739118	0.008547484605047909	0.8107051370390366	0.05732096589804908	0.5547025189376835	0.009761609338745108
TSs368	1	0.5754833451969543	0.22533935656423498	1	0.6245139610903787	0.8364153967502261	0.23304780530617292	0.8235907387100748	0.788642760800694	0.630401889191704	0.7314175511351156	0.6351044917534671	0.14019712813595644	0.4552755418663349	0.48253034152458635	0.9189394797477126	0.6371043894474959	0.18426021289146655	0.6186260329890535	0.45663705107163055	0.6824303047159986	0.6029035698808708	0.5431894319276422	0.3054073046410662	0.8035454814518143
TSs49	0	0.9378166076946728	0.09820159049794241	1	0.974868310235709	0.8882316218089515	0.9953270875485549	0.9729119237683276	0.9836864005359377	0.984094743975108	0.937405645127709	0.995445747139436	0.9990926545302303	0.9976867789649587	0.9751626031214335	0.7797849481229929	0.9745740173499843	0.9866049004275689	0.5859713413196886	0.9649296071271739	0.9419147701771016	0.8814017592426867	0.9766881407989643	0.9578177720967204	0.9775996907099291
TSs138B	0	0.5666309757595742	0.24501021461367067	1	0.645072977474541	0.7248580673993273	0.4732708202486291	0.4016096021338093	0.7279600935112007	0.3030319463333411	0.2527290098861367	0.27496857618709025	0.25271074735153665	0.4210675400630283	0.2916735419645382	0.850154268864688	0.9939861208292271	0.9622846555562539	0.6824785320354895	0.28412748328030846	0.6636163910517779	0.6729946066482151	0.6277030992449537	0.6624428557041282	0.8089515568978044
TSs22B	1	0.8255824250382172	0.16753298900983127	1	0.8929660283949423	0.9681766036361006	0.9898722119667535	0.9062230615027884	0.986866244595076	0.9396712842494741	0.8797089952870961	0.8035208698484047	0.6087552980509494	0.7345416376084095	0.9895560412180856	0.948778277449962	0.6769418542438475	0.5608913557747269	0.6759841616601175	0.8455497142385059	0.9861370066945119	0.9913388112212298	0.9087662395439188	0.650848122258006	0.45952070971637776
TSs287	0	0.6274830660561279	0.1637505877215436	1	0.6599539948308972	0.4766580345692035	0.4919225029444622	0.6890824365532193	0.4605242723216643	0.7625400508649947	0.8134608150852932	0.8970674216736144	0.47181478449802483	0.6540801739285256	0.7112155144279885	0.7681437490485664	0.665827815733269	0.2891353544152197	0.7590391005869177	0.8622124304867136	0.5377931952248214	0.4867925120513207	0.5541653946375178	0.4644527874755286	0.733732974595693
TSs383	0	0.6727415173163271	0.14964658712024173	1	0.683885620462153	0.8304411343580219	0.6714700724787949	0.6980755822095045	0.44810341292679706	0.48709720374378085	0.6004543679506565	0.696301168445511	0.8296845118779445	0.8474177490495104	0.44513357022441263	0.5853085155801768	0.7373871391412549	0.413235334564921	0.6536819770662646	0.8133216353826657	0.9053368686292647	0.6645966845915425	0.5410457574307526	0.8281163971228735	0.7586212635518903
TSs314A	1	0.652750131474485	0.2784309437998404	1	0.7625141184849367	0.2580867963194953	0.8982724153608392	0.7588867753739768	0.1620705262895892	0.7661414615958966	0.8897608924675035	0.941769162046101	0.6343767650222792	0.26571930989784415	0.6494211522363308	0.5752918712154861	0.11411248760743532	0.289066558014062	0.8376518490253595	0.9514330164135089	0.8260750308155834	0.6872502543005503	0.868915367195999	0.8084765389935744	0.8722243992982839
TSs30	0	0.705010769023102	0.16268179940658178	1	0.7204618933028171	0.7346990896466516	0.7057553975028389	0.3101149820784137	0.6934849701506669	0.6457734206883547	0.722886351478754	0.8748662099852702	0.7416777689258899	0.6380453512001061	0.8283455315363455	0.8089916302803754	0.9191983175776067	0.8297729492745085	0.717557197749401	0.5459604795476336	0.7666129266380499	0.6052897227078844	0.9412910058241314	0.35185464254227805	0.71803743512688
TSs291	0	0.5935861127715464	0.1997575580321507	1	0.6134944240534621	0.6322059962640066	0.6361176738686601	0.46472368583785273	0.3828276692934055	0.8075778266324464	0.5858418909022312	0.7663167093589667	0.7700981286253841	0.919450871209116	0.6897181644378745	0.6592015414687666	0.4599373581575212	0.230913423974822	0.765736276622758	0.27827942829331226	0.8918000135531902	0.45419503357261193	0.571148918092819	0.3108487934222643	0.5947828518429176
TSs157A	0	0.3679631532494391	0.28816790562507727	1	0.4224349129484275	0.5765851805156934	0.012318587335103525	0.1321703507327668	0.8608510541510959	0.4129490733410089	0.10272801686337832	0.43192075255584617	0.015986006396275326	0.2297032634924643	0.6873444810672229	0.43680853356999216	0.4991284239620562	0.8884342076872481	0.5342472738828776	0.48628073990808063	0.05923787427728164	0.0374600010946195	0.7076700579217533	0.03999028838358337	0.20744889785043508
TSs27	0	0.6720089435791753	0.15641620321756952	1	0.7154362963322307	0.5826191969279388	0.8352365165048566	0.6813843126092953	0.6050576713534164	0.8299980940698044	0.502196905519108	0.7494882800551662	0.4957698459239817	0.756697411655608	0.6088760772011255	0.85241037617021	0.7548175499692673	0.8032669504553407	0.4129311333013315	0.4578914947249734	0.8127482635126608	0.4472723985071916	0.9250247180220417	0.564377980250654	0.7621136948495322
TSs363	0	0.2610722585907045	0.2785999467156527	1	0.1984117909072839	0.20680505286034817	0.054359153527460104	0.03707422261287815	0.41872276583269163	0.29803595062117316	0.020782664081247234	0.01823461553063312	0.12067636637357085	0.01573539221741956	0.08667207824197555	0.542055335391101	0.9878638001534648	0.8861083860194142	0.28668939908733565	0.07443162171288682	0.037257956982819695	0.22660782457944903	0.2625725561947461	0.4507415008392559	0.1900185289542196
TSs9	0	0.8018224572434894	0.1889954429761433	1	0.8631661400665922	0.956607238841994	0.5208776136118058	0.9543796216227631	0.9763275192873309	0.8894713343246101	0.8368609458085743	0.7723623140583062	0.39994272600898984	0.447124581161045	0.9784153739486565	0.9776525377694518	0.9459369400248918	0.7099531146172139	0.5618713087235978	0.7787640676463878	0.9583992662024573	0.9639639122303375	0.9038043330489558	0.6835282491672141	0.8202061467652083
TSs133	0	0.6862096906934674	0.2654418653094589	1	0.7451394017203905	0.7382974854339854	0.4289982881415134	0.5080875266297483	0.8264233406438581	0.7519813180067957	0.6854660146206282	0.18241528016532021	0.5962579434020179	0.12680622983832884	0.22477426999509412	0.9431280445806403	0.9980398330494888	0.9800780572525346	0.8667827932813271	0.8282953945154791	0.6784726988827992	0.9523375554798652	0.71114931546886	0.8490763696451799	0.847326054835885
TSs155	1	0.22056425251738537	0.20360325738182689	1	0.14995632833860917	0.4153485277773197	0.5318695844826166	0.1497464367805812	0.43461962556948774	0.13963469542328516	0.03229422980569444	0.006651125843863076	0.09027857122091841	0.15016621989663717	0.07112429128202442	0.14783086588618383	0.7578669337291353	0.19923516316633974	0.15860696127206553	0.005168957552690411	0.13126484972890218	0.51432009458918	0.18601932610065114	0.24016901876477625	0.04906957147535566
TSs209	0	0.31797383723033945	0.202496926263317	1	0.31586919176834916	0.06757193076488456	0.11640789439209544	0.38627848539405635	0.03895109634109979	0.45302973902922156	0.29477319012827596	0.6281078264245338	0.4716220181283403	0.5053700190528376	0.05155909099426705	0.24467430555567393	0.3369651934084223	0.4043155974601345	0.1500394389837314	0.401292815820062	0.2633295971695645	0.19036425199402066	0.14675784136950276	0.3942653306479993	0.8138010815480644
TSs136	0	0.4333626576998898	0.28382038521454506	1	0.3801285406558932	0.9093021361148107	0.3230849505348674	0.4243579663043522	0.6343996110596314	0.29143372109569754	0.6017117700572526	0.7082663981873107	0.043393619153110595	0.15750771778379766	0.8258595804269462	0.7811642610613474	0.33589911500743425	0.06017701445185762	0.637304728906314	0.7911430547580757	0.463555404837927	0.2322450955220361	0.1189533593280297	0.2640874511569092	0.06340619825008936
TSs22A	1	0.8182215811457008	0.22589976908641957	1	0.9192095844532319	0.9141369422900704	0.994009159546924	0.964975208646347	0.9947481964244921	0.8664389898213155	0.6962523286584843	0.9922536971634807	0.9682587538052062	0.6555825628575022	0.9735871038079577	0.989595114193974	0.19644495070835027	0.7013774604342929	0.6926266231729952	0.3166802392686569	0.7551164956844659	0.9898285379197732	0.8415989112492377	0.9366381206440942	0.9242822266163934
TSs357	0	0.3230388327400477	0.29933034203747905	1	0.18527354650687655	0.34564276592821064	0.054459462923756	0.1292390864369373	0.5246129677122306	0.24130800657681584	0.0985990738724289	0.07436180064101361	0.12695563146132	0.05414017872708858	0.07351943560797745	0.4453113975523546	0.9538033602218204	0.9349145629407126	0.07524412130007391	0.26765757277444735	0.06858881985042775	0.5741081692392798	0.7063446425839301	0.6119900621664671	0.09997553628366118
TSs161	0	0.7484051988271425	0.17857090251144395	1	0.768218707925485	0.5888247531498713	0.852060205409116	0.933537425898534	0.3323061001708796	0.8271922643588668	0.6743900273448095	0.7352211754429259	0.8982695721690939	0.9507973268230878	0.8714614413396184	0.6710139711422052	0.5811182784584666	0.6797271648348101	0.945953718989999	0.7492740509479114	0.43457881280316846	0.588358770324973	0.7871633649030585	0.937233298544948	0.9296222534865052
TSs11	0	0.6894769110362162	0.1974480503529862	1	0.7329754171084104	0.8531517716001239	0.8543366561180132	0.5824634463768539	0.7688449149516535	0.8632300501377547	0.3255569904275038	0.7981575846870024	0.6559277619881828	0.9051825073793209	0.8470612434869251	0.788147763468572	0.679354748792915	0.20205528263951447	0.8870829284347145	0.4919505696356934	0.5224496275196822	0.6971059192651673	0.9003405925671726	0.5540130609535031	0.6131248002940546
TSs5A	0	0.7252884868557611	0.23700967704682244	1	0.811881804267917	0.07621135736536938	0.8545221309981493	0.5092677071640146	0.8341085484863767	0.15771541718632798	0.8091385198265241	0.8951294937203974	0.898099434531283	0.8309146913385544	0.6220212013374846	0.831503164681733	0.9698935666426713	0.9541325313429839	0.81462508870931	0.7628319483338133	0.6374661473921447	0.6594393973455395	0.787442835264284	0.8223697180451288	0.7789368374031322
TSs131	0	0.5209115618404224	0.1666883589827388	1	0.5588689820575614	0.5862231648682104	0.536950239617619	0.44968710874083917	0.5807877244975039	0.5855087647008443	0.6698877241691942	0.6328654401983855	0.26765029383362954	0.42768764264023884	0.7449928719235414	0.6639044625692444	0.39092916832150776	0.29067607764556763	0.7386566975866168	0.6205190984442566	0.4569491384441423	0.5125296769172409	0.34615183496993884	0.7428325860038023	0.17284152071612477
TSs294	0	0.3491722235479038	0.17249454839814346	1	0.3258589338808192	0.08987940963970571	0.23986310813333017	0.15845386123086494	0.2931446509222378	0.49937692170453435	0.33192224723390257	0.49050211527237064	0.22594214653285102	0.2604593533555084	0.46292839243565176	0.1448896378316317	0.776337283480587	0.347723321409094	0.14824783343322817	0.3197956205277359	0.26794193703691493	0.4158417865181043	0.508839790556412	0.4008570621975096	0.6004979915059016
TSs378	0	0.5205855083377366	0.22949380677138448	1	0.4721087041745313	0.5004604063910579	0.8374389632746155	0.36545252004849843	0.6296000622712344	0.1690379175737032	0.1305314248136657	0.8333041884627039	0.7353458099808239	0.8951809568307564	0.6685936283703844	0.3698454882594498	0.7486113181780986	0.3593867228784401	0.23657516449927848	0.7277041116607763	0.5744046788750014	0.4158983462846696	0.4437570019580047	0.35857988985504063	0.41200156628853113
TSs111	0	0.4505399909179225	0.27621934629732336	1	0.4525136179628798	0.5421034327736812	0.11582396068887899	0.2962086469288202	0.46696604224745636	0.486077238555713	0.4351882051947962	0.06783959797804633	0.561349210285467	0.20701318610725927	0.17123782128135823	0.8375193856953024	0.9825627316761286	0.9178962203202036	0.4908439735497445	0.389416843482262	0.06298579594770849	0.16911071269143046	0.7580036163298371	0.4380611936783033	0.6145920029460528
TSs56	0	0.7106004080340595	0.19116012070483596	1	0.776151796832691	0.9491407604953024	0.5666887291150842	0.9635388468482585	0.7916579448883853	0.3988535850509555	0.939717684748905	0.6415281636317015	0.44612593830441494	0.647769535889096	0.8153932992641394	0.8540665073210179	0.6853390818465686	0.23664826977538056	0.8061885739184552	0.7628920241482408	0.7956993297247353	0.8546367982350426	0.5948991463293315	0.6718123716290363	0.7894115695171412
TSs3A	0	0.758920239072261	0.2156668506515339	1	0.8401607304389036	0.8405810456447047	0.8969869954797624	0.8712745914609029	0.6787964709172668	0.7280565652117013	0.7926729347715531	0.9777605697857995	0.921229444157453	0.6871231025238431	0.8397404152331024	0.6392719813808116	0.7587622003334107	0.13356996146884367	0.9093761504090916	0.5119615492758038	0.9427794175288977	0.9811492968831905	0.35837076526427436	0.8494907238625855	0.8594505998522194
TSs95	0	0.4721258754061857	0.2427387725195469	1	0.4726698273776535	0.17018023911963956	0.11450672545589187	0.3464766216261166	0.673619245235487	0.2584509730604528	0.31307087114966836	0.7442536773610595	0.47982191227719034	0.564718576523991	0.5537450807289043	0.27331668432261086	0.8387999598977585	0.7078851492309827	0.4349427506024297	0.4655177424781166	0.24213772966076866	0.04384474077052078	0.7565029401961485	0.7636858228901213	0.6970400655358545
TSs2	0	0.9607852813125722	0.05965200004887782	1	0.9919545346889793	0.9991948048744617	0.9930480572016326	0.9916863535955397	0.9992584350675289	0.9946830556728143	0.9819933418046656	0.992222715782419	0.9847169885418269	0.9972951099582548	0.9980010404290703	0.9993399360120826	0.9869178129749979	0.8105484165778538	0.9267805807220243	0.9479006267609137	0.9968119275855012	0.9927319212786417	0.9280238485677754	0.8751689147634732	0.8193817380799695
TSs44C	0	0.5043591392492599	0.1983474915293429	1	0.543320496450818	0.6696563166210294	0.5963315424492782	0.3700965252551466	0.6124487963641019	0.6835195281335451	0.607679406392191	0.16807960891727164	0.37501273145791736	0.3989225042883287	0.8360100833435848	0.5011053938043022	0.44332431389703353	0.585535599097334	0.6137029979711283	0.3608784573147145	0.727229233815503	0.47379002038845697	0.7437654453420786	0.17441848795573583	0.14567579217652135
TSs201	1	0.3676648644128016	0.1424972296446591	1	0.37973822901459914	0.43211202561088846	0.55537473494234	0.49415541140638375	0.5104482351028609	0.2164663005983336	0.3384098388730828	0.46802800734420763	0.14053247256883916	0.36837611140579224	0.5774025297121785	0.39110034662340604	0.2519804963692988	0.14319973961157242	0.5402284743723967	0.4205877261601161	0.17233072029982183	0.31064415353386776	0.5027150328403978	0.2400677576207873	0.2791371732594601
TSs217	0	0.6235803588245744	0.2511011913606925	1	0.6598062372156073	0.8338407648590853	0.934085510916255	0.529476334413171	0.8449344626523538	0.5326694329934145	0.8546147893298598	0.5396445814133325	0.12259564314093006	0.8216444490435486	0.673111389486279	0.6465010849449354	0.27969857735021625	0.10377454390037288	0.6391338641077349	0.8056466036160075	0.903973604223346	0.3567966207948366	0.8515459875804158	0.5189277263052273	0.6789912054201641
TSs168	0	0.27261422996327617	0.18492004897955797	1	0.19598311120085454	0.20864889985457513	0.4552175862540503	0.39292284085403406	0.04337875328202211	0.0494426271714524	0.17255299962094725	0.18132476658615002	0.4168978060773056	0.3536157088377672	0.11811057916419057	0.11264550586133966	0.11128897763953846	0.5900032876881145	0.18331732254713395	0.5987924327587119	0.5294325836231579	0.04727887860466176	0.2955579110061563	0.43873789161065696	0.1531172402235576
TSs98	1	0.48128073901416507	0.2571243659188621	1	0.475982015331759	0.16972786051179212	0.08799096620611348	0.7135269862040706	0.2160751025848102	0.6519433337932306	0.33685124752996065	0.8722850813314953	0.43738885129632726	0.4234251554900305	0.5145751793671908	0.6158389193087996	0.3351771859481814	0.3778153392057499	0.7411898367370103	0.6814379477010781	0.11737259583138199	0.08674265948948967	0.687639346776038	0.7303394963040546	0.8282716886664953
TSs116	0	0.18109537887821348	0.15217558232220482	1	0.14888418650231075	0.013625658723746279	0.27910494400809804	0.026536172465323075	0.03175569381135686	0.06460757003078993	0.24911085117129345	0.21299304715063866	0.1933612200235505	0.3720949976223863	0.024507409676193182	0.042808157979162896	0.442864379678197	0.4088244568913507	0.12623739381530813	0.3581007711019069	0.0934167089788447	0.017619896491815737	0.4180180312515476	0.17153097918931337	0.07478923750344559
TSs53	1	0.2944834396603718	0.19614772156480267	1	0.25800525244557565	0.18831629985978451	0.17923439682080322	0.40616898859836587	0.06400843054210616	0.31371395060562274	0.4080581373540157	0.6535726574295049	0.06260593525242579	0.1940699821649243	0.21204153763045702	0.21987488447678433	0.05242877400787255	0.036986473551013976	0.42755276678211573	0.3735060050601483	0.7910851744904577	0.43070137870683023	0.23064938272553134	0.28536112216562	0.35973251498305236
TSs63A	0	0.5871242124820154	0.13462410487273113	1	0.6006157557316427	0.301824739456124	0.5964105432611653	0.6050022110835679	0.6652112277710089	0.4520285302067817	0.5898342397954969	0.5468554546869525	0.6137556951117965	0.7236132783983457	0.4903873626324673	0.6616287822855503	0.7125205951143161	0.5607745728807516	0.4817563700064857	0.7201186249654663	0.8163795069310277	0.29427993703255984	0.722999412129053	0.5822821976892726	0.6048209682021202
TSs158	0	0.5490876001431078	0.21589873752553854	1	0.5886560482057749	0.2298885800078755	0.6544987935818143	0.16221170407511018	0.7811938943394322	0.4878802378845992	0.546604376026106	0.5653951926416442	0.7309690270463919	0.7314603833137215	0.16599013888209135	0.3330366057871066	0.8240856107549389	0.6677428570092047	0.6683003091801604	0.5473143699808084	0.8670807271383548	0.27772374345294926	0.6119169037699056	0.6695966223521218	0.45886192563781736
TSs269	0	0.8401548657688945	0.24823219583893533	1	0.9348720890045827	0.46841042884722284	0.9843655584099703	0.9056817034145993	0.9096405888043665	0.9551204020969074	0.5361969446881143	0.9908927361785185	0.9959989367092899	0.9889833366990245	0.9089278934327601	0.9078041934975613	0.9919523581394658	0.9921921843654659	0.9151369682394398	0.24098910967802878	0.25457810030743533	0.9283031497244858	0.9935362137737221	0.9414410282846798	0.99294548008683
TSs317	1	0.6565718335321489	0.21711969652323962	1	0.6952312147410655	0.4509370278620815	0.5041041251065407	0.6846583595895989	0.5246086226116213	0.7589269449653688	0.6026852233376593	0.9024862263730838	0.8461458745900787	0.8368089118792132	0.7027564900795565	0.2908605616223859	0.7798966495452947	0.91125470839854	0.8979863458456366	0.6877059394025744	0.27832037673976623	0.29513279516124746	0.9326486860967571	0.476653517865476	0.7668592835704977
TSs49A	0	0.7242125946105864	0.11070656824642187	1	0.7337910164215695	0.7851909848587392	0.4783961394402006	0.6017651683065891	0.8406090688656691	0.8937603642322809	0.7359494899039659	0.597227809858348	0.8632942923830612	0.6495104823348101	0.6697426476544751	0.731632542939173	0.6354051119065164	0.8068494846097463	0.8113073259783596	0.8362419918625914	0.6335228910037805	0.7049661732885781	0.8107241127702646	0.6123964580845084	0.7857593519300697
TSs417	0	0.23591495093986894	0.20045022140407118	1	0.1770845923780588	0.2561090874357178	0.7485495211577591	0.1579715818757249	0.04781512524879825	0.06641033794995625	0.16769652177963706	0.2623657272904021	0.06652965059525429	0.400503733338351	0.17699642945328684	0.046276160187338114	0.2258853764866998	0.055904288742150775	0.040941189634785206	0.2962236752671888	0.4738523943688898	0.17717275530283075	0.5618788001316051	0.4553708744603494	0.03384578809065232
TSs195	0	0.3512548471882016	0.28286435320658326	1	0.20000335965852473	0.11078924323566597	0.12814244820824097	0.21763850925303949	0.39008307290909094	0.17107718708011949	0.1709789347791745	0.5140711043837266	0.6539891659832358	0.07716853016018684	0.06865249163177113	0.6024028491964329	0.9499753543246061	0.7417068469595199	0.18236821006400997	0.031026033345682935	0.12741231006013287	0.5487156511762795	0.12487748444952289	0.40835005383716205	0.8056714627264303
TSs371	0	0.45366115852854483	0.194104540610953	1	0.44544547122030387	0.320119533757308	0.33816276830003633	0.43644061212811774	0.20802197035785525	0.42368387607200286	0.5021392500763736	0.7677343089691674	0.5374163327903501	0.46748839984113594	0.45445033031248994	0.25086314892512757	0.5205635436429655	0.2153340400981263	0.6599276089760249	0.30938333087658554	0.8358523468866668	0.17418489358944658	0.6971970128569449	0.2974135646428623	0.6568462974713103
TSs23	1	0.3526754123210306	0.15937180019332728	1	0.34609779638774285	0.1754186730150613	0.13905659166086956	0.17812831812160534	0.19197570896276142	0.4773963907445144	0.22581255275509227	0.48413587910797873	0.37707284784437783	0.15208824461133458	0.3973093985072379	0.39383042997815315	0.7001657151778826	0.5269345174313743	0.47208686395328964	0.446300335438449	0.2922764340811376	0.26798981919927073	0.593849380090092	0.3151227449311079	0.24655740080902142
TSs51	0	0.838072941356028	0.12094071099533066	1	0.8670512464557825	0.8213933887691265	0.7784671358025841	0.8598490202039123	0.918590286431064	0.9273876916197065	0.9086893016623928	0.9851469863817355	0.6420385448110306	0.8214481136253519	0.9112306505743571	0.8599322233438904	0.7659561521088852	0.7340409175680771	0.9623441311866221	0.8741702695676745	0.6326255911706963	0.5494013562404706	0.9344921892572816	0.9565933475726429	0.9176615292230578
TSs59B	0	0.5836648257560124	0.27731920103256597	1	0.5936438333092566	0.9824710160833859	0.6315527031049544	0.8298599265234723	0.9727295531099703	0.8316248016881498	0.5240476679430996	0.6198780189474492	0.400886306044587	0.3777349914009101	0.72007297050932	0.9052178673354083	0.567409647671064	0.1739222044897959	0.17835272376970018	0.1462598709298785	0.7892794905778051	0.8849046439220601	0.5223414796819964	0.23487684654181085	0.37987378484543227
TSs365	1	0.23750145489601499	0.2579720452233801	1	0.13646466156728557	0.30819980417576753	0.36351875025976166	0.016446428335023102	0.25214976416369955	0.04151421548172249	0.023684904379237388	0.019823862781508782	0.043832816792219786	0.12200017631147324	0.01704769535617546	0.6180176474166592	0.733352680017769	0.8785555097722744	0.20094109119081788	0.5122899694101686	0.06519111395253054	0.15092914682309788	0.11948324497431748	0.2073237599175349	0.055726516408541114
TSs224	0	0.3740192474191947	0.28375340400630633	1	0.2860069712574231	0.4562097620829761	0.08447316838293548	0.11745757835179466	0.7620474612141952	0.16405135121929895	0.18085559540169105	0.3034202523375701	0.35252402281853773	0.38861197128744607	0.0569140817827885	0.4890797813772367	0.9403976849630796	0.8294895083521897	0.20254892217291534	0.11791350337666416	0.2685936901772761	0.8620555840734466	0.17061848281140224	0.1342228219390721	0.598899724261377
TSs325	0	0.5094536403745357	0.1593407180312201	1	0.528520534891687	0.31544811343351487	0.36551965252687635	0.3365536072159234	0.6030798599841669	0.33551819311032033	0.6706150402905574	0.8140004477645606	0.3130773849666578	0.6838339247674632	0.5919529505217819	0.5520832869687834	0.33171574951467253	0.3858836084478086	0.7257722829258123	0.48290575347028225	0.6692214190762027	0.3418516800840687	0.5743313442166005	0.590750725390068	0.5049577828145906
TSs119A	1	0.3512732930049928	0.14117621280677822	1	0.33158108292067234	0.2194934984096333	0.3241190695844119	0.33664506627714874	0.09900155470692062	0.1591081892153948	0.27346737041209945	0.5601462678630049	0.45832859724653574	0.4083555831873249	0.451039581076204	0.4382429637133143	0.5144416033957798	0.32651709956419595	0.29100741796944724	0.259897834335354	0.31279401376494803	0.11307323961916417	0.608493337982061	0.4310628122164389	0.44023075956047475
TSs166	0	0.7047063836740665	0.2451994543535272	1	0.7993771520706385	0.8239771654173161	0.16612909106705995	0.8864723287905271	0.8590115640636548	0.5124970966759093	0.3427016872695373	0.8547763415865277	0.5998302338625712	0.8977155203703641	0.8247874731062389	0.828747091483206	0.7432178037672577	0.7517114826346851	0.9273086415364871	0.7747771387239608	0.16902653968222436	0.5153347916121334	0.6964485520459278	0.9863915201036197	0.9332656096821215
TSs297	1	0.7777924130809678	0.20824427690119757	1	0.8636675046820707	0.9601926874053096	0.9150142584441998	0.878650810971331	0.9957234884898283	0.9667721940935885	0.5285434121505797	0.9287850120890493	0.3494264378544151	0.8749647242259491	0.870231972934607	0.8571030364295343	0.7248042146692246	0.4761863097598403	0.9414309896274657	0.30767262567795245	0.6247435652072211	0.8403598387470087	0.7930760000709015	0.8982206898277945	0.823945992943556
TSs338	0	0.2421101719458812	0.18859534477716308	1	0.18476781705224776	0.09332101714541359	0.12502324536090537	0.026595564766061765	0.23319982954466012	0.29520717225930604	0.3632828649978289	0.4852869447617094	0.11684449810133184	0.10012049929339713	0.0914103342293205	0.2394373591329865	0.6814087384429979	0.2649264310237654	0.039803760353921545	0.3189857567893658	0.6539693038618174	0.10911744961361593	0.13588779040476376	0.13633580455983538	0.33203907427461826
TSs293	1	0.30863019382207707	0.22228959998172132	1	0.22878763628772852	0.22911202441550585	0.5608127916670934	0.44156431259472445	0.18379996291747627	0.6268948605361722	0.14178685669966382	0.8970849134599881	0.3575693611732241	0.4546349962680665	0.4426280700822537	0.504924558262368	0.1644311700836973	0.08710234317367023	0.1640976492477538	0.11882247174002623	0.06301163410364817	0.22846324815995117	0.11261683409432416	0.3038788914446208	0.08936692631731348
TSs24	0	0.7775720327020362	0.23495721887231813	1	0.8656130307925225	0.4608459150653594	0.9582070254653985	0.7352208134486695	0.687605702413345	0.9514046125526197	0.958615682920735	0.9861471062994324	0.9170267019079266	0.8710090884565226	0.8602169731285223	0.5160274533654047	0.10341232133504781	0.7184274727794877	0.9612141300374971	0.9556930430681497	0.8018398877942333	0.420888127314415	0.9112075914862686	0.923946181089156	0.8524848241125336
TSs334	0	0.51363991002826	0.19102463019680913	1	0.5050336088017193	0.6574047660556976	0.480710137835249	0.6387306318676804	0.2014896861373095	0.38667722960797296	0.6463407813512345	0.8942161476447623	0.5429479864377119	0.5136059855473698	0.8447430047624616	0.6489594646587192	0.3930602534517852	0.13619457038256733	0.5529740944484262	0.42180070461808256	0.6616272136123369	0.3925533194166919	0.3031683055612745	0.4964612320560688	0.4591326851117994
TSs1A	1	0.6111151780051177	0.320556273785387	1	0.7400000685245138	0.9620029933137109	0.8754011102280065	0.8616344942925986	0.9260217214961793	0.6445191379212033	0.7324404399621759	0.8159565911770604	0.38890116981892897	0.23483915754421472	0.8411448913441608	0.9729988902098401	0.1677618799082626	0.15000458762099306	0.9680532730655684	0.6644662273588888	0.7475596970868519	0.7573317484382578	0.18577827371321498	0.1975627206293711	0.12792455497286812
TSs266	0	0.35169540087995504	0.18206752878631424	1	0.3122646471592525	0.4891307673827751	0.08533100024323707	0.25405606314224616	0.24041137648332034	0.22477751439181207	0.4951677644364772	0.4957334598740914	0.12239575440541829	0.1451416395484902	0.49115874757862804	0.6507802468641264	0.3704732311762589	0.20373653946259954	0.6078715674972837	0.6282152855291768	0.25231154680882306	0.15742815756439016	0.44745568346971726	0.46822623181040046	0.2041054399298296
TSs277	0	0.4191152153566441	0.2306991583601261	1	0.4082060505441941	0.9217264189483595	0.2634134310177233	0.5103361640492425	0.5090446709705481	0.286472763453311	0.15029799047557713	0.4196425681016337	0.24499519486416219	0.2881855434507616	0.5529350173749381	0.31668557850324935	0.6367051644623729	0.3792138329655893	0.0159032979342354	0.5762171488295844	0.6857718968702485	0.47537748939453994	0.3967695329867545	0.03163222699961916	0.7209783754804314
TSs60B	0	0.6295406288964888	0.23424569017047245	1	0.6714972702449357	0.9737356949393828	0.6414393948902504	0.46195947261907644	0.9481383442081431	0.8126640951999923	0.77747549205759	0.701555145599621	0.3346942891167396	0.3782119270646834	0.8080672234810009	0.7459033830095855	0.5856245951627241	0.2928658511710778	0.576944586888726	0.8131062312729836	0.9611068752932814	0.7272501843830562	0.4963771018382568	0.26121071997499157	0.2924819697586138
TSs303	0	0.7241518467637474	0.23475386047171726	1	0.795026070008864	0.6465541610553253	0.6118191919371253	0.8835478865352724	0.2837296329519946	0.9328060440242901	0.9745065809758545	0.9880794330614137	0.7627956653564872	0.5502535857975426	0.827256474661241	0.42654407694916024	0.6809661144390134	0.49930683508915485	0.9580605027234186	0.898452915929643	0.3535756354754981	0.4216753800052388	0.8405286161838331	0.9607489177864088	0.981829284337037
TSs120	0	0.2195048627357011	0.1893126846695645	1	0.1382443590814585	0.026851266171922135	0.20822155926274138	0.05373973566554368	0.09428514124460596	0.6284222601692883	0.14846167726097004	0.6777999708347255	0.22444633934350453	0.21589983291108866	0.12197798877558802	0.10847646269618116	0.21150447242835635	0.12802704090194691	0.2280723723558997	0.10528522977750528	0.11979563071469726	0.056345471819028665	0.0992939819417893	0.43742507896104105	0.49576574147759817
TSs132	0	0.3176398177771425	0.14973245533769067	1	0.2872543731835867	0.6799972375867539	0.3797225562404875	0.17151647001198891	0.4088161885937344	0.2166060060369324	0.15233485644417122	0.42185298190729503	0.27141759317270775	0.47148729428900377	0.5994222482787873	0.22825490416035554	0.4073558103020146	0.12276638151883884	0.25843933802019364	0.2287224049020833	0.31332634054606856	0.3526964488643201	0.3030911531944656	0.2279552425892307	0.13701489888341667
TSs78	0	0.6250887397031673	0.3022854261881262	1	0.7379383314349217	0.8033951136409743	0.897648128659187	0.03858486428677217	0.7850205001794512	0.699056087381314	0.8970988602220875	0.43923445473143735	0.7333807553974614	0.9201838776803852	0.8985317089655918	0.42254427424986496	0.6197162050115478	0.17638358451833897	0.7424959074723819	0.8938823603136596	0.8816307462909156	0.25435490357921503	0.9421693122941748	0.11484744403384638	0.34161570515474077
TSs61	0	0.5028072459504134	0.23372160813437837	1	0.5408290489164879	0.28887660409512134	0.6979415821540066	0.2625069357328143	0.7113061868674133	0.08511016386252122	0.6743426390208437	0.5955961354554588	0.3364657310828236	0.5763480975503907	0.7407644186367215	0.1028179178982309	0.5998470756808006	0.5014432852130958	0.4641709293039125	0.505310000282585	0.6454887419663042	0.26182165891903897	0.893433921601203	0.28890443197236754	0.8236484617126143
TSs60	0	0.778015440674192	0.2627917255293211	1	0.9162809866582647	0.9793078446010113	0.7304465999758052	0.9512783156441491	0.9153563309133078	0.9260711993272188	0.9172056424032217	0.7041750174067056	0.2268146127263231	0.23655029981889755	0.933012470831274	0.9707569355284715	0.8786991659947847	0.1797800709873192	0.8761599910193106	0.6700075009505906	0.9424783694447522	0.9729737233154885	0.9274623333876932	0.675486149422962	0.9462862397845527
TSs274	0	0.3376994073885825	0.2064295434097877	1	0.2892923467847349	0.11925996561744501	0.13728130742910963	0.06793425376106275	0.19936709953371504	0.2881761975399669	0.32150090153119	0.7522546786353248	0.3105170797221353	0.26039749346821395	0.14149798745756018	0.20646078610537227	0.636513380281784	0.7596788485744077	0.2232020850197511	0.38578613601576406	0.41461625697449594	0.1757196639098086	0.29040849602950286	0.5459676098096601	0.5174479203553815
TSs10A	0	0.4957838246946104	0.2691246354689662	1	0.566164505681334	0.6020970444566974	0.3266764517131024	0.714381867371393	0.5869118559765101	0.8192883016862628	0.6121383374065912	0.5454171553861579	0.2118673228857819	0.11810831656758145	0.4078702298008824	0.9317526464525021	0.7731311044454462	0.08530047825948678	0.22775531324255757	0.23292605886523232	0.6947681522175978	0.7826595497208163	0.42694981107610064	0.08380805780419079	0.7318684385573175
TSs96	0	0.5461975663774706	0.23250814438413275	1	0.626900616282525	0.19803452898557125	0.6144730285883385	0.7437772226893701	0.4609812609966057	0.5486117132706412	0.6899245716411606	0.8598632533021843	0.7823799215913659	0.6467011624159357	0.5188092436211345	0.2253327830588374	0.13526823058027385	0.6889959142445852	0.6614511754422068	0.48400181682134585	0.3838921875922282	0.08213187561207494	0.7905317072033886	0.7694615259154511	0.6393282039767115
TSs282	0	0.632046129680502	0.3997039134854054	1	0.8768426766459325	0.993758555350089	0.19546266757465514	0.9794375864235312	0.9676896605999795	0.925002513308382	0.9054937181345399	0.11923276493072849	0.02194067594743012	0.033105709573318945	0.7949083791809219	0.9942812550691497	0.9386720396546628	0.06019656840061424	0.4936429756977082	0.3793561481451368	0.9926179370289168	0.9933280410611605	0.8753869817403269	0.09911004423724801	0.878298371551538
TSs56A	1	0.22979243537467808	0.16105300402883846	1	0.1963077082771289	0.19951907569605626	0.4209920066710994	0.11908806375642175	0.12294978462084176	0.2690047925417449	0.30553816018076235	0.20028238931916595	0.11210169564745309	0.6827266278493324	0.11671176687283746	0.1071931167549674	0.08046171353332543	0.19309634085820152	0.3842444170624245	0.42758741085469393	0.24835051993500123	0.026129512718639652	0.3624846808982049	0.1344792694357561	0.08290736228663273
TSs296	0	0.8048986528505628	0.2094203402683163	1	0.9125477484145557	0.9755512448917456	0.9592297391297985	0.9276700581570068	0.9917560729110542	0.9906038418030606	0.6413362743990233	0.9432943253859195	0.8974254386721044	0.7911632648538512	0.9820509470807389	0.9559048440886994	0.5648431496428965	0.4696657467461093	0.9467552548447332	0.45619379874718863	0.8294100724747523	0.9325694056334577	0.7710270461925615	0.77280534584987	0.29871718550668214
TSs33	0	0.6649126324382395	0.19173048516389457	1	0.710812310767492	0.6944234027983155	0.9199348421979312	0.7733238258941953	0.6432949937602849	0.6350462460884925	0.3614032106873004	0.7632901756510478	0.8688548351711977	0.9135407639589973	0.7455483609837541	0.6381783803483341	0.5468918502312834	0.4569091486172754	0.3643321826461443	0.956612843867627	0.7272012187366685	0.3902808549094591	0.7646107251944856	0.7490490724047557	0.38552571461723945
TSs311	1	0.28628702233113096	0.2116416035942938	1	0.2060991141114581	0.20843315367389154	0.2974371356969923	0.14767950846288677	0.13359297810900503	0.34271337366778853	0.5255283606100923	0.6283490934670984	0.16060540363320497	0.20376507454902468	0.08781223214992992	0.5794723953414218	0.0187965643956088	0.1328275923623247	0.71689963077221	0.5205321667638702	0.4677846217916474	0.07784416683572914	0.055966194936944054	0.1951173000784383	0.22458349932450938
TSs68	0	0.7026256480014694	0.3119390472713747	1	0.8428270871036707	0.9906661465493174	0.7698235964788085	0.9706090508568942	0.9853648511367673	0.9396807162737485	0.520117662462991	0.5163804416343224	0.25849569581912296	0.1956591397539677	0.9158305777285328	0.9854388475477321	0.6579584828549526	0.11823030249435446	0.970423659305585	0.9354517372354075	0.9862500236205957	0.9923096934783004	0.6741311129580881	0.3513318198820747	0.3183594019578228
TSs104	0	0.5008201212177786	0.18351621692403203	1	0.5048151217336305	0.4393303867808544	0.6819471426926701	0.5394458648545394	0.515104118766304	0.4837842004748076	0.8297087062399882	0.6683350645616196	0.5872486194735759	0.21058140957040586	0.6372661843093859	0.5592066333006865	0.3763673969934039	0.19689142902232123	0.37912654287935876	0.49452612470095697	0.6939273031193578	0.3685177683327276	0.757116544581386	0.1834841468641577	0.41448683683706433
TSs58	0	0.19157505719915965	0.09368158956742968	1	0.17936692863359457	0.30294061984852	0.25384618997575886	0.14505930311076495	0.15260521245329708	0.20903989408394547	0.36766784128169	0.2210808497103422	0.252717164182661	0.1473161833678762	0.17653517888260267	0.18219867838458648	0.1436642121397309	0.22437675376411104	0.12346473501363878	0.04873505776961958	0.15510642346241407	0.04233781689733074	0.39895579692592653	0.07620556361217076	0.2076476691162061
TSs358	0	0.3172668930098902	0.33828920946343766	1	0.1875785425214789	0.3289393800107524	0.008703439095448594	0.1298430664599112	0.36626973577955807	0.2453140185830466	0.5608860488292058	0.05505659532942408	0.011553255187865099	0.003692638525111768	0.4252781995275808	0.6904953731443095	0.9972363012426726	0.9719917899562992	0.01142948534977517	0.10178979093873916	0.009075434192168467	0.795949631482091	0.06426190580469099	0.5521845027582563	0.015387268000897838
TSs82	0	0.23507793143164787	0.1605945152949092	1	0.2390261359936694	0.5913950231833789	0.25118572897182145	0.09729582584916965	0.09610683590085066	0.1099698736064688	0.11684830056249283	0.2268665430155173	0.058766039883936895	0.4040696533852012	0.2804572609888422	0.07886558509762709	0.5330587651053734	0.08275245852056133	0.33584335837264234	0.3339127281118169	0.33330501095258896	0.06748892406639212	0.3544387573968298	0.2678815133665321	0.08105044229491387
TSs15	1	0.40222678231319764	0.16782936510577476	1	0.4062469737240834	0.4130621465381894	0.199157293713259	0.47464021117792976	0.29329649723716444	0.5744342605704426	0.4351255773398028	0.5085967085069117	0.3687623203895064	0.3626191056888185	0.15981931700074112	0.612459295931347	0.6899037074708948	0.21060961856755478	0.4796814005938274	0.39730772960023086	0.4917628508990516	0.18884667586101933	0.39943180090997743	0.11886741861425866	0.6661517096530262
TSs3	0	0.6903781311463962	0.27538263922543393	1	0.8067028227218803	0.6435909732982475	0.5659939924393071	0.8767680834335919	0.9368583973868542	0.8858825300295657	0.843677884216503	0.9796218887423136	0.20415800642537787	0.1540709664988431	0.8026830817454175	0.9720811354607839	0.2502048967587564	0.40283431714645673	0.8107225636983432	0.9133690587005465	0.939120534743345	0.7448176108469808	0.31785656174763827	0.8337338212208665	0.7295163183881846
TSs4	0	0.4610001977420525	0.28035248133420354	1	0.4266041536525787	0.9672178091979918	0.28329941196227004	0.388867551927852	0.5138673251801846	0.4643407553773054	0.5567895375515824	0.3421818096577488	0.08337861204549922	0.19489482999761532	0.6144894541161076	0.6690235699692296	0.7370453097898922	0.19450549196731814	0.247893531995881	0.8113901498939617	0.914846689551316	0.7458207714484049	0.2809182382134905	0.05452621267276987	0.1547068923246272
TSs331	0	0.3494832640619458	0.21002381055995994	1	0.3235325703179467	0.2112637618179124	0.6754114258899735	0.37596121782570985	0.04155156480981724	0.2648724297261211	0.512399434353593	0.8555325858947163	0.2022749545224705	0.15703290027090014	0.44884827221870405	0.12388516271055929	0.5609530098580553	0.1051792748532018	0.23154760337130942	0.5189719527919686	0.43539635686226547	0.15926790188909373	0.46225033093664947	0.36418919933367544	0.282875941302218
TSs314B	0	0.9653841530029681	0.03260261474259974	1	0.9744710897445052	0.9434860350767789	0.9774940345455334	0.9968697120011044	0.9730456348261795	0.992951899435092	0.9713914312228435	0.982999297326925	0.9448471421049918	0.9590438665229063	0.9533848294685859	0.98320528140794	0.8491936373111714	0.9372711527021107	0.9617535832887351	0.956828024955609	0.9932767040884746	0.9812960260970621	0.9922064802238821	0.9812417427906057	0.975896544662831
TSs333	0	0.5880536180901128	0.1380464874370093	1	0.5687122304115393	0.7466885918059788	0.558401455739027	0.633215801544334	0.7035987843349908	0.5059461732356136	0.5890415913173698	0.8072888135985339	0.5201960208425538	0.8498774105602291	0.5185369665936633	0.45135384786909727	0.29231363869238797	0.5029765001251291	0.48700170604372567	0.7358691695358472	0.6334582071072614	0.5790230050840515	0.5143432287291404	0.6960667425206188	0.4358747065227009
TSs7	0	0.6495079493398227	0.223950701819505	1	0.6876311697224302	0.9459285464901712	0.8600448403844974	0.7990375820367949	0.9470502341222649	0.6659479944676076	0.7058706519384453	0.6693916875064152	0.41078980788170716	0.48972815110054757	0.8019063104169737	0.6414648535477774	0.6350009070428834	0.35678322968683657	0.3253240893625587	0.724816526999356	0.8748557326623266	0.7791135516315032	0.31151678645473035	0.8306895580287669	0.21489794503428541
TSs38	1	0.194459933622903	0.18187758171160448	1	0.1736049801655782	0.023592468847927036	0.5098749073915321	0.01348537307045609	0.17347028924465135	0.17373967108650507	0.07176221850430083	0.18225008125090492	0.02456807921578421	0.26839033947579716	0.22225111944905085	0.3386541337729135	0.30438381852129154	0.02198704866496304	0.045700917560175885	0.19794089668512033	0.1540190830537888	0.012738493965462117	0.5580429591066147	0.5641239898388931	0.028222783751927577
TSs10	0	0.5875427607787254	0.25019491629190754	1	0.6028770312288456	0.11709433246950827	0.6143475952574022	0.22945841199660594	0.48934782756960726	0.30175514496561856	0.6278504209904179	0.8202389840450139	0.8789346140865291	0.5503501099855066	0.4189499617069037	0.7520631152048114	0.9855921871899923	0.9158105917635455	0.31691049848159986	0.7853521580335783	0.5914064672002889	0.3986091061573656	0.36551928122580357	0.7914748754082104	0.799789531836196
TSs48	0	0.10311334282474413	0.10467171808562897	1	0.08494734432723418	0.11417416741237948	0.2111828124629694	0.05779972223218769	0.1092885628482025	0.003715452450741662	0.448274627266677	0.06170496731968727	0.023723598587461113	0.15217144993567847	0.035469275049274794	0.022139322635155223	0.013879549271465414	0.10518573212750443	0.017487607493248885	0.11499023676179092	0.10102289583202849	0.06887179282243987	0.006520172539475731	0.197629814634012	0.19703509681250234
