ID	ID	Class	Mean	stdev	Predicted_0.14	Median	score_0	score_1	score_2	score_3	score_4	score_5	score_6	score_7	score_8	score_9	score_10	score_11	score_12	score_13	score_14	score_15	score_16	score_17	score_18	score_19
TSs361	0	0.09596047708487923	0.2839439307417262	0	0.00016212187771330144	0.0016389215416790068	0.004078151732268994	0.01588381885938973	0.029035364319993817	0.0014957400762239579	2.019908201100926e-06	3.6753109275800762e-06	0.0001061663803751994	0.00021807737505140351	2.8484880955916316e-05	0.8595485397469517	5.656207018968731e-06	5.221153197958359e-05	0.010752757679760201	2.705199273428696e-08	1.353523133233447e-08	1.3826001825915716e-08	0.9878759881877176	2.26883535944123e-08	0.008483890857510541
TSs138B	0	0.103583616566195	0.27811858459554606	0	0.0004356506907051619	1.805150554703501e-05	0.9451256416248448	0.0009090588434782097	0.003591842622940988	0.23350863060938623	0.0005690088614089476	2.104814686135263e-06	3.1318131173341823e-06	0.0006976122838921525	3.587687226433734e-06	0.8579268292321358	1.9306218948904672e-05	0.00018493517219968705	0.01587416508218031	0.00023620851147761207	4.028656524185084e-06	4.36652820396923e-07	0.012083895367515364	0.000611563243567273	0.0003022925200013762
TSs287	1	0.27883971106418576	0.37000569522062127	1	0.06458999186633149	0.029311248025997105	0.9638792695562084	0.01703603527116555	0.008644936584823215	0.0006825712696986165	0.0006139269541471598	0.3794335192455905	0.0002724559621543031	0.007616203739913277	0.7685884071217446	0.1639185931353921	0.9833533013974028	0.0004945803576017672	2.4466572946525367e-05	0.170542653046001	0.3930357452595838	0.9584995331368936	0.09986873570666586	0.6204403496582623	0.010537689281522992
TSs383	0	0.3892261160460705	0.36138584840012156	1	0.27955394615269824	0.003215755515990719	0.4210529741542918	0.9274329920107554	0.02140051874229692	0.05581490762483464	0.015201516008563745	0.1757534336648577	0.4660772825394088	0.011190658338938474	0.19614980558843453	0.36295808671696195	0.9722926741154589	0.6207363397769842	0.03014843125000161	0.10332832997317037	0.8003263983659533	0.6300471789403002	0.9182423198640575	0.8968315177763052	0.15632119995384502
TSs314A	0	0.7050573138265979	0.3672388965395193	1	0.9029736900080865	0.9051308487163282	0.04730225093464207	0.9475197133814646	0.7646720074753622	0.335220774510114	0.24260633467887738	0.27387957839766586	0.9581753747341079	0.8960151960283923	0.015115316354488378	0.9750597275817487	0.9894036709821823	0.9976324936700978	0.12525864681809154	0.991491979618155	0.9008165312998446	0.9874659061639577	0.9615439150604828	0.924369294126872	0.862466715999084
TSs30	0	0.3012942920134369	0.3224123992600496	1	0.19786642265264376	0.030536597340557737	0.12347471474072777	0.9990156652997761	0.03764889311674281	0.3578639744030501	0.17626370274372524	0.9895126058194486	0.20021038839138386	0.20406669063919827	0.3614621679978071	0.0004576972251539988	0.7764214120591272	3.1926897004937077e-05	0.34929419909386544	0.0065206047484213745	0.5659861717461446	0.035704194185906576	0.03413553518392723	0.5817562417228657	0.19552245691390363
TSs363	0	0.17735246571986613	0.3397846451830578	1	0.004675490721440554	0.09881812017712575	0.0006129617418083985	6.251634921117343e-05	0.9999325366477415	0.004375432030472899	0.00013225364074245493	3.689842865631267e-05	0.001642390081638177	0.8259234125937974	0.0006991927564962265	0.98293650073804	0.16407473930708863	0.060324913787641696	0.018866851596229115	0.3654539911789778	0.0005781503569972087	8.023778800229021e-05	0.015052248716122776	0.002470417068124533	0.004975549412408209
TSs9	0	0.7951736877227678	0.27340959192267794	1	0.9244874361622677	0.7946613047786439	0.9876045065763971	0.928786458419639	0.9999621491816683	0.9570930538614493	0.9212814435571905	0.9681981705572341	0.30183234705696815	0.7946064067239487	0.7246226660717651	0.13806415634693814	0.9533969973878622	0.7598039225373278	0.8597501742453083	0.994894141738434	0.991155474364734	0.9813321378980591	0.7633137656697977	0.9276934287673448	0.15542104871464113
TSs357	0	0.010074543909625523	0.03812940367245927	0	6.546545363969921e-05	0.0008411639047087286	0.0015946142650099446	1.4682001826956917e-05	0.0019416760988076708	8.843701620261825e-05	0.00039317286073637005	0.000141333904813222	2.1377986579707468e-05	0.01601733806481159	3.183604810318347e-06	0.17127680496471517	3.6890683241634745e-05	4.249389107678017e-05	0.0020402718534784283	4.51559803891261e-07	1.968437913759907e-06	3.764062857323334e-08	3.4062766052539304e-06	4.05926883666926e-07	0.007031167249856131
TSs5A	0	0.09153914145920397	0.13931773631462802	0	0.01840052044021172	0.0029131172686056293	8.450721473170937e-05	0.29526191887361736	0.2905400239927113	0.18079143922203028	0.07907015082731363	0.5087574698125513	0.013575193742884942	0.030492085031148634	1.7318456340016223e-05	0.003891165863974038	0.002064467440082155	0.015759744862338207	0.00485388937667888	0.23564462150252158	0.015112018529767264	0.00024370448299149098	0.08597407825693276	0.044694618408772875	0.021041296018085236
TSs294	0	0.19169643999400177	0.2625409505370749	1	0.03822977582774367	0.0072809542163798585	0.4142628692003999	0.024591527271365023	0.00030285490337119824	0.01660620669102324	0.37222886564299695	0.02267495388556211	0.008522547021653186	0.47793188709785867	0.04480008787920377	0.347791016078449	0.007625150540852602	0.9709898144791956	0.011345699859034443	0.031659463776283585	0.0897156491800022	0.005396472973547601	0.5722472001125768	0.10719034185049357	0.3007652372197864
TSs378	0	0.5161987319912625	0.37333533591027923	1	0.5984807694158274	0.07457196514491209	0.06975135229248002	0.9987993076662832	0.6896422767122553	0.001966949445176108	0.5727607473597845	0.08194632935914313	0.9447673754539442	0.8790722048682043	0.012646236044651362	0.470455192665254	0.8380345242182727	0.6242007914718702	0.08632784542835702	0.6875491932689753	0.9775884313984353	0.8413831425725571	0.9106534845456906	0.12386247412723331	0.43799481578177074
TSs3A	0	0.941798703448297	0.15615217385856278	1	0.9985423261763924	0.9987943769830595	0.360670946681773	0.9982902753697253	0.998849510246952	0.9969843634306128	0.9999977822184286	0.9630124483893109	0.9993223029821421	0.9269986338047543	0.6636619111094839	0.9998862579547185	0.9999431067385024	0.994163121942461	0.9881158794847343	0.9999393058186329	0.9524550662180866	0.9994789760871858	0.9999718692102573	0.9999931636513884	0.9954447706437285
TSs95	1	0.4668220902438291	0.43290814387093446	1	0.3299191542548662	0.7532851941177826	0.05399768643065222	0.9985861301164902	0.007341792052106325	0.9889497009751209	0.9955714425030652	0.6350086995177427	0.9529088925072944	0.028900224790869202	0.3124434490760066	0.9023143460764408	0.002371903939508522	0.06909851597677401	0.0004905161977146968	0.19346446593609465	0.0015094608773804287	0.09998287762709637	0.9988343330190297	0.9939873137056874	0.3473948594337258
TSs2	1	0.6116943484731101	0.4668348532571466	1	0.9620601755249591	0.9971322685695466	0.9593356857789433	0.9891861870786087	0.9739605873617453	0.22886717882624982	0.999213668944838	0.005354108478015276	0.9230670512808642	0.096078955759513	0.05148834019082271	0.964784665270975	0.9996316972994913	0.9977758940884651	0.00045901779384515984	0.9824779015934354	0.9906764717913495	0.9958522828986275	0.02036897194041966	0.05684379630892599	0.0013322382075216439
TSs44C	0	0.40370363651151403	0.41483232175664164	1	0.2583451906306473	0.008644450911085245	0.4461469839352732	0.3310161489312463	0.18567423233004834	0.014217541425638889	0.0022840940260679034	0.14300276362008296	0.003700129049230663	0.0003678949208490063	0.48997568992765794	0.9986743008554891	0.8957717591578568	0.6471911141369365	0.0064004666506688535	0.9560369648644962	0.9994955370506345	0.025687777382414425	0.893673470585996	0.029407594096776842	0.9967038163718327
TSs98	0	0.8615331602441693	0.286544382012875	1	0.9917854849554129	0.996510072233565	0.7125624636414507	0.999933161896607	0.6295941039640851	0.9341074919953408	0.9995028642132789	0.9997706458989823	0.9952498101112436	0.8971645554290002	0.9992700473858608	0.07264503858948905	0.975140037394806	0.9927317866106137	0.990839183300212	0.9717057415675976	0.9993627484834825	0.07964479821334071	0.9975236906855893	0.9987908716606068	0.9886140916082314
TSs116	0	0.7043790592282043	0.3632861993184206	1	0.9223338737706254	0.9129184601359304	0.5500596945076646	0.9689781224160912	0.7580696838830521	0.15031437468928482	0.9987974659967078	0.27217487089619424	0.9978912649393602	0.98130411474724	0.051348083150911404	0.3998623570055979	0.33218820422518947	0.999851193924543	0.9845721003909405	0.9998595679527065	0.009093826971673994	0.9317492874053204	0.994064305160352	0.9967395195400718	0.7977446866252571
TSs269	0	0.6040787024126123	0.3882704200987006	1	0.7777436013943089	0.9312696459235539	0.6979262899471168	0.4563504897321994	0.9999840291073254	0.8575609128415008	0.9982516536683135	0.11220127013957186	0.9037098482600302	0.9561128509056244	0.8832190590073088	0.9863558455732877	0.06236265281586043	0.9191991595386576	0.016686632961611117	0.20545950778231148	0.12998703051530086	0.10080479556532994	0.6663602302144905	0.9809222049376076	0.21684993881524464
TSs49A	1	0.07938931217910596	0.11077257585527499	0	0.016342908407878342	0.25119144134637955	0.3535376181454038	0.1760049530340165	0.0005791347287042765	0.010708793334366298	0.005748862718835786	0.0015525984926866852	0.0009909969386647708	0.01620234616652738	0.032120126787034985	0.08175873149468296	0.0014303551686658627	0.013402415129632007	0.027952842555697913	0.24786151720253205	0.016483470649229302	0.2448381673105775	0.005532473935753449	0.09666042929019311	0.0032289691525347343
TSs417	0	0.37330032354221754	0.39010294365577863	1	0.23961178024977936	0.00108443396839284	0.0002570854787338017	0.867041167571328	0.3192604291574388	0.00013883977446619284	0.06995040418780313	0.6403431038790088	0.7471095476006875	0.0039869580437304365	0.02431817032428318	6.044619252109863e-05	0.25876174861170537	0.9796083738193849	0.004560000942671495	0.0619565107056078	0.22046181188785335	0.9600176210799248	0.7572117990758541	0.5800418698499332	0.9698361486930216
TSs195	0	0.06012750472704537	0.1352863413126543	0	0.0015290086355873927	0.0062379871595913345	0.06513868888622046	5.436736117144406e-05	0.0015015944078796614	0.0015564228632951242	0.000508802145633644	9.158456661410235e-05	0.0010667402029119041	0.0010757066328458617	0.01430267698727005	0.07324083857478862	0.00021598434336318132	0.00025076606738135026	0.029900279416682086	0.10032125938521962	9.675936219089865e-05	6.213587809071008e-06	0.3750729443235046	0.5079172627126404	0.023993215553893905
TSs371	0	0.700113741015439	0.30539943981715423	1	0.8120119432248698	0.9488434222279902	0.06801226728679281	0.8775671215927839	0.003697130451825729	0.7598990256678957	0.9040580947452326	0.8274169904926482	0.8578617292994917	0.31064152187170974	0.9927271893217116	0.45576097912074826	0.9851837373911901	0.8871463546160612	0.27913538578768055	0.7966068959570913	0.7537119558411094	0.6966647534770634	0.9849741520315084	0.7777748365753806	0.8345912765528619
TSs365	0	0.25000127839160313	0.38528051170939603	1	0.01763121246595974	0.0013596728085721712	0.21354234204933203	2.9459164955377835e-05	0.5730620942599431	0.0001545378459875175	2.3306769723738818e-05	0.0009393837781627045	0.00033109936714125653	0.003847335537198213	0.0010510286441545685	0.9999610569881627	0.02393185061482975	0.8701982223918424	0.11699246004763512	0.9976685949313681	0.00014415475956656767	0.19060593349545055	0.9436770044797804	0.011330574317089729	0.051175455581165555
TSs325	0	0.27269286485529526	0.3251289048102232	1	0.06376006513622545	0.1380790391843733	0.000735231475426398	0.3857914004251826	0.00833855382801947	0.6783375359438386	0.057859919798250156	0.9914152791181492	0.005136802717928636	0.06375445170944899	0.024782896003951827	0.012641848952161557	0.51484264014534	0.6133825184416667	0.030282040841190284	0.0317407634926765	0.4199537054548954	0.46603989356830133	0.9135094532843497	0.03346764415775286	0.06376567856300193
TSs119A	0	0.1568925748799331	0.2808722270549027	1	0.034887343602673565	0.995174350272771	0.000695953581443242	0.04161708081585951	0.33258501614827535	0.009403398619728272	8.633758624451669e-05	0.041372146822495015	0.0002611443875765413	0.014498204281840085	0.09040646754995181	0.018105019782586017	0.011152932877047921	0.7340947532920166	0.05078006239741266	0.04290277895261571	0.012613958479593908	0.010467680207226862	0.02840254038285212	0.14402212868409436	0.5592095424770316
TSs166	1	0.9133813176996265	0.21482449023313918	1	0.9910470857549798	0.9987162878562409	0.9664082706199039	0.9367788945315588	0.9999213648730775	0.9697498755908515	0.9639548396270455	0.9948371634787182	0.9986558980456782	0.9981237938741963	0.821377772452569	0.9642510150852331	0.602854117977849	0.999936141418798	0.9999323815374428	0.9999583768979572	0.9763275784750602	0.09011454082978824	0.9990306026876342	0.9872570080312415	0.9994404301016844
TSs297	1	0.8137341311574051	0.32474436320579664	1	0.9693736124685666	0.9080198733568121	0.9898210250534263	0.09115603759469924	0.9995547259916847	0.9049940854397098	0.9914702733842785	0.031166475414463053	0.9511598615825542	0.9328201990294543	0.971775527771628	0.9989685466253025	0.18194250843102683	0.9981369926175951	0.9959422904174413	0.9997975692172415	0.818481543954246	0.966971697165505	0.9996972747090606	0.5479835139186865	0.9948226014732887
TSs338	0	0.5787830996152884	0.36363665019333624	1	0.5884817499113246	0.6475017939168515	0.01580364053799522	0.935196233435297	0.43814475035281236	0.39241942429690146	0.9485069042180836	0.8974411029722924	0.0021842509448203266	0.9918318272317	0.6883873834220215	0.9935927106696149	0.05884991182047248	0.9876945068419554	0.43027985047083234	0.4535092019515835	0.36107034212215544	0.8148082336415303	0.00014037534900243853	0.5294617059057978	0.9888378422040487
TSs293	0	0.6623695820630345	0.38081064767564404	1	0.8569441332551285	0.8235116135411287	0.10901611988864397	0.9980114332685658	0.1913506958713985	0.12426420815124088	0.8019349659777598	0.006997457235195283	0.8903766529691284	0.9123784335981274	0.18278413935558765	0.07783617744142414	0.9956854942280416	0.9101267997636613	0.9556982915806312	0.9976366229885161	0.613120149786174	0.9082008646976623	0.993474057452045	0.9956909617448441	0.7592965017209145
TSs1A	0	0.9480790902288291	0.10401899306687266	1	0.994831104601716	0.6579331279954955	0.9999404541327207	0.9971500229484942	0.9949396793619132	0.7759580347674648	0.707245522730725	0.9756697786204551	0.9978623851320477	0.9876488136495156	0.9947225298415189	0.9999722092620891	0.99642156956008	0.9701734480001885	0.9986786638053413	0.9999099485177665	0.9993614959666984	0.9941935507500245	0.9999832591072914	0.9805967798536835	0.933220530573063
TSs60B	0	0.467310708021898	0.33521047449557373	1	0.4986169699025672	0.9987738857451874	0.21759860184012383	0.9541260381697018	0.7094390259038479	0.3091430701938945	0.3152759727164599	0.004435215058710108	0.5231104599068921	0.664640900726767	0.8144099680664052	0.0006480551769229505	0.4755002948665109	0.02695451147780401	0.9969100624571865	0.5217336449386235	0.6974705125822686	0.03188969447351636	0.13253313273826844	0.5748992123647899	0.37672190103408004
TSs78	0	0.5933158729744252	0.3836599735589623	1	0.726061669351644	0.024317673174644498	0.01125025573432421	0.5217266960152914	0.11453510526892145	0.014430598442252618	0.6377553236363817	0.7049787512910679	0.74714458741222	0.965729199247204	0.8978543819867588	0.9027014918688553	0.9995236958718253	0.889507643440435	0.3910468522631573	0.9670330919999557	0.8764844883594921	0.3065298586532786	0.9812731745591513	0.00040159884495324954	0.9120929914183338
TSs61	0	0.22250031006421178	0.3068180764574756	1	0.06373951373436931	4.782528448915395e-05	0.0022037824662671543	0.2621033265083588	0.18786950726060772	0.05920892703323275	0.06827010043550588	0.9439663580921919	0.07331360804710883	0.3563943820878264	0.058416063949015565	0.5768966788794456	0.8935705883215608	0.016936240865769656	0.0016145098544368172	0.014189050267284372	0.03950673877467365	0.21318698752887372	0.0026823579619891474	0.0007258642848270419	0.6789033033807707
TSs60	1	0.8413632457225898	0.25081938322858355	1	0.9797146817600884	0.9553899158873602	0.9784966879076731	0.9955675758600384	0.9954640140446736	0.7478223463796021	0.7634012930091607	0.6062166942952627	0.530558960666716	0.9845584102392315	0.9991125980776868	0.9509612673474482	0.9943291358228594	0.662360338278634	0.9991262986661272	0.9999801289422647	0.9809326756125037	0.9992539475352449	0.6802471966403146	0.9943377869434317	0.009147642295561781
TSs274	0	0.3170485995832936	0.35477513153012197	1	0.15923606162331866	0.023314297807633787	0.002362172984785161	0.833949241747151	0.10803350536933796	0.018084768803842733	0.8320997708343429	0.9041362111055588	0.6470795523305259	0.26580932639570504	0.004531422531343798	0.1466726649346347	0.0011938852539903825	0.17179945831200263	0.727619722017046	0.020697810028947838	0.9443751658833144	0.006193034722114153	0.01744268126520455	0.33069418905898834	0.33488311027940276
TSs58	0	0.5058932917837132	0.4107480106492432	1	0.5236392011176026	0.08024997421373092	0.3509441670644458	0.8866598812362141	0.9492448586468821	0.15856968804406507	0.9808996224437911	0.9995920230416048	0.006615455864109072	0.01101582292488658	0.93137832528172	0.01354583272922742	0.8346366651149378	0.6563798788836526	0.6893120838667052	0.3908985233515527	0.9692310601227557	0.031128121602719563	0.049541626053839195	0.963091241447926	0.1649309837394978
TSs358	0	0.04531364953162413	0.1917356410474732	0	9.448123063175544e-05	0.0016389215416790068	0.00271908227524555	1.8638683020136098e-08	0.023896244820373044	0.0014957400762239579	2.4671257112929233e-06	3.6753109275800762e-06	0.0001061663803751994	0.00015577239119730517	2.051826322218799e-08	0.8595485397469517	6.908513229723322e-06	6.390993746895189e-05	0.010752757679760201	1.7776348473109007e-08	0.00010940746335481933	8.27960808883115e-05	2.466426314999466e-08	1.2857495931069967e-08	0.005690506834042058
TSs3	1	0.9302921711659226	0.14142115514484557	1	0.9956845473437721	0.9999906160790236	0.7662800959957493	0.9999495880370055	0.9991760135179745	0.8746890133188919	0.9984077477565779	0.6913215374057246	0.9718104689760755	0.9941821046651805	0.9986371544747146	0.9074961327137611	0.9999387313609163	0.9735267191272139	0.9967934880893359	0.9892652714181059	0.9994753742619911	0.9998491115185657	0.9945756065982084	0.99940975026253	0.4510688977409061
TSs331	1	0.61872259265886	0.35591598735976293	1	0.6798591145991153	0.6282208597853498	0.29317306096298373	0.8751300531311348	0.6244078962307688	0.11079587552488127	0.9997816028898938	0.973397996804472	0.9967257797078599	0.042244048372185726	0.20129542503966621	0.2604658012976831	0.6002988726096453	0.9831857746720671	0.9926749635408086	0.7314973694128807	0.790180244596283	0.9331287378127063	0.9604468507584658	0.3061869929888145	0.0712136470386493
TSs10	0	0.7906601211622533	0.27983826687702024	1	0.9261455204357363	0.3854573916197594	0.8975813983325092	0.13736148546217072	0.9895474839842835	0.7682246141530745	0.9547096425389634	0.9991909530268896	0.7298141322979973	0.5990230534132107	0.8793115455097942	0.9997103584115781	0.5483430850501853	0.9994938194842773	0.9672530083562277	0.975980838285155	0.9618727338633972	0.1579584674997562	0.9980391438662032	0.9673643655003649	0.8969649025892668
