ID	ID	Class	Mean	stdev	Predicted_0.04	Median	score_0	score_1	score_2	score_3	score_4	score_5	score_6	score_7	score_8	score_9	score_10	score_11	score_12	score_13	score_14	score_15	score_16	score_17	score_18	score_19
TSs156A	0	0.7058058802852857	0.42972814024592015	1	0.9885316593062038	0.9997520718705744	0.9795664631665079	0.9999963258114534	0.17123989350397803	0.10791315424692975	0.02843583942247159	0.9996153740338771	0.9999603472649927	0.0021184307306991	0.07501803628435934	0.9999938936607101	0.7944197710237136	0.9974968554458997	0.9749249584541579	0.9429777364975284	0.9999344127453431	0.043372290150519195	0.9994883823120552	0.9998952080582221	0.9999981610217227
TSs361	1	0.8502778479291946	0.365670225405026	1	0.9999999624321277	0.9999999790299967	0.9999999815715993	0.999999981927043	0.9999999793682242	0.9999999594612069	1.578270343611251e-05	0.9999992242883227	0.9999999766812865	4.191368381754637e-06	0.9999999511168021	0.9999999795715795	0.9999999694336721	0.9999999568765464	0.9999999820315403	0.9999999250638899	0.9999999805623597	0.00553835393309557	0.9999999482564681	0.9999999654030486	0.9999998899353905
TSs368	1	0.8123857730091519	0.2866156067495742	1	0.9309155593506566	0.9397789385571818	0.7053837825996616	0.935073985695929	0.8703155511161523	0.1082442253876877	0.9998012349978584	0.9870079759886565	0.9992296516331394	0.9993631903859682	0.9998146901707239	0.8216649939566926	0.8978432045940372	0.5236203513446692	0.6699632975456965	0.9999938661972384	0.9394309636282244	0.9994440040854464	0.019218732317043664	0.9267571330053843	0.9057656869756467
TSs49	0	0.8627002343566538	0.297014931111422	1	0.9923270448928743	0.9811260626710802	0.9935789431497625	0.999949436641668	0.9999005899024468	0.12002123519099973	0.9910751466359861	0.42828518752602035	0.986769346706149	0.999913660860001	0.9984302709319264	0.9998303090174085	0.9374311722412192	0.8956346024435333	0.999227443554288	0.9998601559809058	0.03546758959178801	0.9564085436839699	0.934804003531442	0.9988207685678356	0.9974702183046438
TSs138B	0	0.6249253628377356	0.43745789709809435	1	0.847182761232835	0.18390769505798643	0.7518680805992917	0.9999308609257543	0.999148156740727	0.17576912536935382	2.9232855232195827e-05	0.014327107681165033	0.9770926053833086	0.7689749691241907	0.018201644167256573	0.9871077157960138	0.7026745599876701	0.9987147895510279	0.9253905533414792	0.004097440531654745	0.999609766499679	0.9893084109082472	0.9952896313460293	0.016535657158672838	0.9905292537299712
TSs22B	0	0.92141702788935	0.20881945202363555	1	0.9994187454781911	0.999762645745205	0.48858341115529536	0.999988862229701	0.9999783422768483	0.1777955913568211	0.9987798750113785	0.9998037317014801	0.9939030405091844	0.9999455819528138	0.9999792831634038	0.999720143196239	0.9494249123453855	0.9944685622387813	0.9324311271150695	0.9999454889770849	0.9997235715252306	0.9999683091331673	0.9770090927623533	0.9180116376314135	0.999117347760143
TSs287	1	0.0895985858929501	0.19407023667359344	1	0.022825696553452006	0.005743993540750965	0.0029437909236296406	0.02236701470023985	0.0002287598768420063	0.01093108834478494	0.8751409496187185	0.03730883595979075	0.0918062916420383	0.12148247617971195	0.1298924755919291	0.00028285998780792345	0.0006832409951257794	0.16958311107731816	0.004143770408309711	0.1869051367690967	0.02375836663146486	0.0530405906289114	0.019425555820205775	0.023284378406664162	0.013019030755661763
TSs383	0	0.28571608497126133	0.3495624633011267	1	0.1365447595865431	0.5387947914575478	0.0044908201895132605	0.1274787946306322	0.14561072454245405	0.9973966115863947	0.14621068890804667	0.36567166007406143	0.0017417122959633268	0.05186117670957032	0.0049136970704109	0.042558285419175106	0.04232275206572001	0.2324655662517692	0.07159910141193834	0.0001225925587538326	0.9948908363710527	0.40196142661705264	0.9994958635825965	0.5095010877035925	0.035233509978982294
TSs314A	0	0.2854047656229162	0.352507311504079	1	0.0846447526272937	0.0003325179318329033	0.12958192209154631	0.004598067368199013	0.08821447360403241	0.20426809686971723	0.027153120287875913	0.0261795836566905	0.7871880966281058	0.9651642242961838	0.509056122982	0.019467964305832024	0.8414996577251859	0.07510512690403899	0.08107503165055499	0.8042638119020423	0.8241690044296088	0.05236513893871213	0.010503452644769349	0.2495281791371925	0.008381719104201628
TSs30	0	0.24905362956023852	0.2858054116658322	1	0.1498354764504775	0.0034897680751660915	0.001373203506499664	0.23564685375907538	0.09863002946076689	0.2068824569184668	0.7916694612046312	0.11286280916238674	0.32523959089561866	0.10660172873978842	0.17507956205147318	0.0001639404427149126	0.28042319102841035	0.6267459706668864	0.013803940264784703	0.12459139084948181	0.6319205567031261	0.9714651820667398	0.00803589092998734	0.007873565155317293	0.25857349932344914
TSs291	0	0.7143735817533658	0.31021232317754516	1	0.863948059309397	0.9350815495048183	0.981824481526406	0.5861682563913094	0.985389716085584	0.7864194949283766	0.9482049744038337	0.8832408964471494	0.14091028977139725	0.8446552221716446	0.3559647770977338	0.667487408299709	0.5911519943349239	0.30716421905117264	0.8999511527781008	0.4688964885815511	0.9966782739232435	0.006461823755178768	0.9095968176760236	0.9961856427965761	0.9960381555425853
TSs157A	1	0.07922686884412371	0.18619213395507864	1	0.0033077987010436075	0.00011126623000324205	0.004319585881361148	0.013054449974253823	0.810226855892772	0.0008986022004630465	0.011311862120985556	0.0016388232110918686	0.004381010138306916	0.0013173277442438652	0.0010866282940989085	0.10005095148990875	0.0022960115207260674	0.00025025939670545653	0.0014798034465489786	0.11717474459367236	4.370065999971805e-05	0.22879514871947376	0.0003103034997848074	0.0705158099658982	0.21527423190217554
TSs27	0	0.3230994480991133	0.31785010280301995	1	0.2319215633138646	0.24460932377885689	0.02258538854532926	0.3194343440270476	0.9277524287792702	0.43369531036129527	0.9388458110224897	0.2723867454011093	0.20626424987657777	0.9695800401078433	0.265337809185622	0.08256806076962993	0.02167146203986886	0.16496329122086123	0.7772356809654575	0.0002418845500602504	0.11419102460358962	0.10650198733536625	0.23547612460349363	0.13028099278426217	0.22836700202423557
TSs363	0	0.7930153269738162	0.37573361320636883	1	0.9955995249788575	0.003112289898370435	0.9502683353978272	0.9998701489885885	0.9999992427906155	0.9999788108259811	0.9933641051606052	0.19119724868945734	0.9990103054889063	0.9999560139091624	0.9432886683594119	0.9998401942111725	0.7256025847067774	0.9978349447971098	0.9895369675709303	0.07620087662241896	0.9998674001760023	0.9999952099633407	0.9690064094597663	0.022381824843968955	0.9999949576159087
TSs9	1	0.16022614215510014	0.29304166729082565	1	0.028135544874902947	0.019497912423107486	0.0017116314922108397	0.22365017491723782	0.00831753396204106	9.577039541696167e-05	0.1301779004109865	0.0030170877446361534	0.0940549539014197	0.986139104301449	0.5155434650970172	0.015051203854166606	0.0920185734806097	0.02826122952945237	7.327836998135191e-05	0.028009860220353525	0.035464186409569824	0.8975025097680314	0.11564895232700219	0.0006046088417776413	0.009682905655535111
TSs133	0	0.8607713056746815	0.2976748051609633	1	0.9991279814658061	0.9981057971942299	0.9999652910466607	0.9999989180400279	0.9992434149233991	0.9986568516863951	0.02781597228637142	0.5473936315582625	0.9987866930000556	0.9999911136561549	0.5021057958069599	0.9999956577022722	0.999288074085773	0.9998732970329254	0.9999698970903133	0.1798750768597302	0.9997760652890801	0.9994911778616371	0.9990125480082129	0.9728976325198049	0.993183207845365
TSs155	0	0.7556135003358734	0.3525866804259756	1	0.9618124002503037	0.000204729266633051	0.9004886596996868	0.99997114546863	0.9568502110925687	0.9105924374243766	0.251949144450829	0.9903379137382591	0.9895891320007876	0.009359354478855402	0.29733870451601835	0.9997211039668145	0.9985741257123297	0.9902571274416043	0.44725866995817964	0.5847829274039793	0.9771504314926821	0.9667745894080385	0.9912959551225472	0.8497806150352086	0.9999930290394392
TSs209	0	0.3977419168485308	0.3690591553123002	1	0.2829604166458348	0.0056886861990486665	0.9382076986843629	0.18728548483957402	0.05660518061359698	0.03749700414123414	0.9705313055805174	0.44642177579827347	0.017005087572052668	0.6647636125869374	0.05523202974784926	0.3956931651096649	0.18849857988462396	0.9371104720562338	0.9775209694266782	0.46228815557669195	0.08242297732257818	0.21201440266182017	0.9086223451969675	0.3539064306298495	0.05752297334206058
TSs136	0	0.7401746203724499	0.30570538553136445	1	0.8521356817818149	0.8082825921608534	0.5271185806701514	0.9962387252917156	0.689131568238063	0.5335336668699464	0.8959887714027763	0.785837116799506	0.995661878141044	0.9992436484745659	0.9990117780772325	0.9974295337616481	0.2512098877610219	0.4527461765891977	0.29203689775670594	0.9999419166444644	0.004853095624162848	0.9892536806785571	0.996822718813263	0.9652940690995986	0.6238561045945215
TSs22A	1	0.6264429365013167	0.42866951612520743	1	0.7977655865131847	0.9939950139175315	0.0018460632939009155	0.999836741291804	0.9999183736328051	0.06266350272170874	0.00484233809844415	0.6433010748266031	0.6023352826654506	0.9993998323726804	0.9892680237552801	0.007168661596575086	0.9447556136177797	0.7893562951523819	0.8061748778739876	0.9915333601807853	0.0004944237158350277	0.9964853340568208	8.816818408599933e-06	0.7600793665557393	0.9353957338818123
TSs357	0	0.9518622411028842	0.10196266242334139	1	0.99924827871393	0.9993375154978034	0.9997991345903404	0.9999751414921285	0.9974356438977263	0.9996573271416941	0.9908124840948695	0.9999703874009663	0.8046165732919731	0.6327038156155892	0.8639438289572365	0.9995432748545027	0.9925449748772447	0.9997573868081121	0.9991590419300566	0.7720075209685022	0.9998549060098617	0.9997552827321297	0.9998115601211592	0.9875972131147297	0.9989618086610583
TSs161	0	0.2520544091202893	0.35727118104341193	1	0.05830506461660625	0.3746404546727094	0.07761817668840904	0.013267331908765726	0.0010500332452550523	0.22454365641562593	0.019157994642818213	0.10109175650198114	0.589643227157354	0.03899195254480346	0.0006560757127118334	0.08603524338026773	0.0012300355835956752	0.0005244941154390942	0.9806931256678229	0.5892459825668236	0.9247417424719924	0.01405902275008706	0.013263313605529833	0.9834275333361134	0.0072070294376811025
TSs11	0	0.23486854893731826	0.3043951397101661	1	0.14481024443136156	0.10315082711522815	0.20958512874332652	0.016898243747955982	0.011765581084494332	0.2895611819146822	0.00029382802794337954	0.008445072262591988	0.18646966174749496	0.6940994519415308	0.01990104719738711	4.066122395937284e-05	0.27508800464278504	0.011304315182174278	0.9531908008716877	0.2694376733209017	0.9657764253701491	0.032736340158164186	0.20500590597046414	0.4175674397321303	0.02705338849131456
TSs5A	1	0.27875511342273496	0.30375652063167063	1	0.14594129232511982	0.5295751771851256	0.4465966425280099	0.849112169434963	0.34752285810620304	0.0009997035393513984	0.08249361041952862	0.009128081474814052	0.04989476430305097	0.8889189036089526	0.01753534973025729	3.6860347419024074e-05	0.589568261449401	0.5420062519799217	0.6214827299670334	0.002276214132449435	0.33545503365283036	0.014484237791797193	0.03826408538074134	0.20938897423071104	0.00036235919213846603
TSs131	0	0.5339752408550978	0.3812369697211578	1	0.5789395032570279	0.12043527698803927	0.018882412901465837	0.034626077780096215	0.9397618603207221	0.9161221781404029	0.9864370640110126	0.9092682191064105	0.7200949220859107	0.5814123537246065	0.8484493197548532	0.34463879332929276	0.09542559703576595	0.01985789663484144	0.35384920528677505	0.16399439310150807	0.9980051435578531	0.8395131918843531	0.21816487807159263	0.5764666527894493	0.9940993805970062
TSs294	0	0.5170906805385689	0.40782237547144246	1	0.5828434195691876	0.6230331428728009	0.9500582891018653	0.7964392867117195	0.9442516903401599	0.025593810352545647	0.8939446334682059	0.07862120371946893	0.003951841482989361	0.7811667321535659	0.0019251081076095086	0.0017391963328151848	0.527142295005494	0.41509151720246973	0.9993193132891137	0.5426536962655742	0.9216895313734417	0.8461715274256537	0.9828346257181185	0.00279622638810161	0.003389943459662596
TSs378	0	0.23520568085865237	0.2666963378933633	1	0.13081558641982532	0.8035304743841659	0.07951837753887304	0.003287807800474716	0.32446764233513176	0.21427733458676568	0.3869709171387169	0.2403848393530391	0.004511471614911174	0.13458569991294625	0.0010311093256825702	0.00014691580595299077	0.8299780242454208	0.02169527115830087	0.35639661908450704	0.7043022625948889	0.11805722164567942	0.015993508137643695	0.2897205735556078	0.12704547292670443	0.04821207402763508
TSs111	0	0.5845976667103899	0.41706838017790065	1	0.750125839829383	0.47783423064157454	0.9947364154398731	0.9794008471392183	0.024667388546779516	0.6933465217797197	0.8069051578790463	0.05833564928539299	0.12289021766071448	0.009973935860564909	0.00518093217297351	0.8764733627125291	0.20211677978598383	0.9988144911294757	0.9968074925392709	0.9099066138249434	0.9955603927846887	0.644639269930756	0.8854601342667882	0.012506349716523759	0.9963971511109793
TSs56	0	0.8711115448055169	0.20415929047334092	1	0.9404941143230399	0.8892926408243169	0.905763461087191	0.9834367210629616	0.9962221025607627	0.837326359123232	0.9998845755217557	0.9917422348936108	0.10343740120756029	0.9371156081473975	0.9979971984781701	0.9981741556945113	0.9438726204986821	0.6976357940592156	0.959662078977005	0.696997431333498	0.9107365042707393	0.7911392547461625	0.8377121995190753	0.9936968084587103	0.9503857456457826
TSs3A	0	0.5241935819284538	0.3999250581281708	1	0.6842769877169051	0.999264710088989	0.7774840896068839	0.785667764542987	0.9855678617702986	0.002250615816653606	0.9982314540347755	0.03148132892343075	0.240803940105526	0.7665060248355039	0.6020479505983064	0.9643826723303472	0.9993363791907028	0.11123892093646442	0.16426025202850847	0.31474985712686976	0.15978478509876592	0.7939837106114349	0.002154387018458169	0.7837672185821735	0.0009077153219909306
TSs95	0	0.3636293683902527	0.37890604180539755	1	0.16161167770888546	0.03748883334208902	0.15354187815116332	0.04867377920003111	0.16968147726660757	0.0036907475983375447	0.8276485365686321	0.8959792437036476	0.06858228640371537	0.0026587964284307732	0.13297175165556258	0.07003799768969263	0.030047481233069103	0.38657407932078963	0.948471429106978	0.2440302788706845	0.6385504325902482	0.6465835647565384	0.9557726884594263	0.03641849302391627	0.9751835924354949
TSs2	0	0.9616094119860771	0.09221076208540437	1	0.9995009694048167	0.9994906001794871	0.7516480780321348	0.999996976544623	0.9994799152133217	0.8866131032602873	0.9999431530782026	0.9989483018927611	0.9999905100386532	0.9999784548778404	0.9999985832137746	0.9999884838579343	0.9995113386301464	0.9995278748536106	0.6609270324936612	0.9999821017140336	0.9937944218274684	0.9999949242944575	0.9941478781141188	0.9815147608018204	0.9667117468032026
TSs44C	0	0.5930073175541867	0.3904035884709502	1	0.655459590306821	0.5515650074528509	0.22589908651826815	0.456488073875792	0.9957493815364842	0.980150553843772	0.9958005607011773	0.9286395680496312	0.1477687121637015	0.0386275136264789	0.02778819891898464	0.8206824890059031	0.7205150196412232	0.9664546342408233	0.9951530120608182	0.00010700262961234551	0.994153061196631	0.443880226933689	0.9393891742879725	0.04093091342750193	0.5904041609724188
TSs201	0	0.5142010791844513	0.37636034164778487	1	0.5136690878253152	0.7383824729183922	0.9452246140959104	0.019511650807300645	0.01800777679646052	0.4834618079068381	0.9793446490173374	0.4915413548767431	0.33628277348452956	0.5631063812379336	0.9784851179307055	0.05489205235290721	0.17056827939358335	0.9797408574310208	0.2308938809138047	0.9898211175237823	0.5357968207738874	0.9974265174603081	0.6239146318548574	0.14714062221227528	0.0004782047004489702
TSs217	0	0.2733507190630942	0.32285810424602757	1	0.12295793448366427	0.12389483207640678	0.12202103689092174	0.9848827508277935	0.2808816064221684	0.06591451065206827	0.36612917106695336	0.3625682557303939	0.0344748610632422	0.0003304975341817746	0.8076440829266514	0.588276876145198	0.36809092837337853	8.613052149256345e-05	0.0014650472503329023	0.0018315769968927304	0.3813536434711381	0.010302180922004866	0.0004006336655954225	0.9181666788491187	0.04829907987595051
TSs168	0	0.6732449135733611	0.3426216126262305	1	0.7741910849432768	0.7709037256153113	0.6705728511204017	0.9941364554190474	0.7034363455395346	0.9079020919230599	0.9988500412789231	0.8766021309276322	0.26461708473947737	0.37662873594094554	0.9992903386507935	0.04981677549117588	0.39012384591961613	0.8602321145391996	0.97065869911088	0.991830317563838	0.010867235281608293	0.12435166434190774	0.7283850115809332	0.9982143622116944	0.7774784442712424
TSs98	0	0.15406871062026237	0.2570985617357979	1	0.053553265957244814	0.05197902131846307	0.4171635807139514	9.944654287309126e-05	0.0038204415677575453	0.07836960660449839	0.9706363441898341	0.10577013336785658	0.05512751059602655	0.0013875008066042385	0.005717029294331098	0.005620306543220601	0.014646378706537377	7.394301169677706e-05	0.2225913097636252	0.09124461453852258	0.12642943857887345	0.6842493763901594	0.025189086195822538	0.22004859418664596	0.0012105494879477282
TSs116	0	0.6274890832680758	0.3650007321138691	1	0.7075622695890391	0.14380543099813084	0.523979662583384	0.9986159787776426	0.9969693743202684	0.1870951757961047	0.5714644763804136	0.0523356089375293	0.9620471757087699	0.4826487634741068	0.022453226892459814	0.4511092003190336	0.8847536391069569	0.9766119704083484	0.9954371284385818	0.6445896148011753	0.9437701578176004	0.06485448609401664	0.7705349243769031	0.925684644420694	0.9510210257093987
TSs53	0	0.5542892950293027	0.39389083365156297	1	0.5849674808668823	0.07246948821889017	0.09901246359440835	0.0907098949135878	0.6707207464670469	0.10112261353642389	0.9984630489399601	0.08751994356594897	0.9108978603610567	0.9897464039965214	0.954387861455062	0.9911964157149987	0.9360490461810067	0.10569966276116953	0.4326212985464149	0.9901307860017587	0.6834400521262769	0.9944768243331961	0.12149810215597902	0.3564091724496265	0.4992142152667177
TSs63A	1	0.23032741155034664	0.30893348892302674	1	0.05200128484293032	0.5825665906152829	0.11023707722789758	0.030563527932252404	0.013556320829301362	0.022117518613388575	0.010900739619409433	0.17661967133399425	8.80983281119242e-05	0.03211599954776696	0.30386321000498834	0.0015240353458115937	0.002185812089581254	0.22877858606573181	0.004358911572090971	0.7579260839566089	0.7281117300084916	0.5108224432823141	0.986209304948048	0.034243656920584585	0.06975891276527604
TSs158	0	0.16044129274449342	0.24375063667386448	1	0.06098087416776227	0.0014810561024500783	0.1230546754813764	0.5936209123019325	0.03307528706498598	0.591424404703493	0.005293024315936161	0.00014393991154421762	0.013467206998690199	0.032931965049559586	0.0005393248183145994	0.0018107117529141666	0.08888646127053855	0.09868671076306611	0.2029891812606611	0.01558005303596507	0.8688052092909514	0.14486930554812938	0.2795438478832211	0.10433744308571422	0.008285134250424698
TSs269	0	0.7708348612101401	0.34753664193949746	1	0.9441557165496025	0.3785680833392353	0.9085489985562565	0.987706054506863	0.9966457221462175	0.914748005960622	0.9996187029907655	0.9043453883856869	0.9993580896396069	0.9936819357187744	0.5287663966772894	0.02094571389569484	0.7825041687563592	0.9836670686952811	0.9975933635953547	0.9952372584790696	0.02651211062207314	0.9062383312512633	0.13491248951828094	0.973563427138583	0.9835359143295233
TSs317	0	0.5267977119673073	0.3760565278793649	1	0.5698842185860675	0.26361537807863167	0.8909915322203319	0.2316779562832339	0.2407402928833378	0.5387680643583296	0.9970441183502181	0.6010003728138054	0.036150205913440606	0.19847398514395542	0.9635424375264583	0.026665110453457486	0.9957066229365817	0.03863536070199565	0.9968020813275204	0.8603908848673094	0.9395422273165824	0.7020180778645378	0.0005339000999211446	0.630836167886949	0.3828194623195496
TSs49A	1	0.3693297577000679	0.3506472412401029	1	0.23429392640994434	0.2986976821454529	0.0378733782932988	0.9292493506726022	0.12468563291477616	0.6994113578645247	0.03373453726176964	0.02630919097679606	0.07719526184406478	0.005690084722429271	0.1698901706744358	0.7543743074545795	0.5960099010856573	0.6200278194724909	0.32164575092484055	0.0533473802784901	0.7697695936135664	0.8699334605354446	0.8930827003067785	0.029534651767561062	0.07613294119179784
TSs417	1	0.3872983945179482	0.37027719950111204	1	0.3029167974356761	0.5398340110653701	0.1430470120284585	0.5603241777054013	0.0036224498829992933	0.9612947827237796	0.045677456254312306	0.14575918190762124	0.007288719579523857	0.0458715116232651	0.49282191816811294	1.3295519249898269e-05	0.25142905290940365	0.9032049573545345	0.01605478404632904	0.021352470879780823	0.9862035120617821	0.9959746288639234	0.6994976977114753	0.5722917281116914	0.3544045419619486
TSs195	0	0.5524003163639944	0.4006822161762874	1	0.5269393758552393	0.9926695548936297	0.9968167826259858	0.995057147660891	0.8403577954420908	0.11552825800659965	0.718804358143628	0.07161758416809211	0.20751769224946087	0.26112230401634196	0.000251512709155835	0.1497283430739127	0.8870528907349753	0.9378736632544017	0.9911604014352162	0.08082143159506412	0.33507439356685065	0.9575689520867906	0.994699548458132	0.29466838074079404	0.21961533241787967
TSs371	0	0.4187650724662573	0.3695086465892022	1	0.419997615242778	0.018918871559243863	0.7345989705631858	0.16767155677100148	0.00976539212592156	0.8585221093212408	0.9479515625399955	0.6462664867263851	0.0641131337572187	0.07029775191934376	0.02856360832952633	0.5933001943136257	0.03818183253548945	0.08304617364332446	0.86450116150124	0.02351935575713745	0.5346053458426969	0.4230080577751437	0.9935282498754557	0.4169871727104123	0.8579544617575584
TSs23	0	0.42501439238012384	0.4039317832576409	1	0.3469349229880227	0.7551072961740394	0.43700231741524664	0.0022224809867038	0.3971753306997036	0.3506947435927499	0.8676549192687224	0.01882101432843825	0.14080547485437475	0.9248812010100749	0.0873468698231427	1.1474597771262486e-05	0.03395465467334881	0.3431751023832955	0.9983840892825113	0.06461396387537946	0.9994560859393461	0.9725730204794008	0.9770202894685076	0.0045044994726441715	0.12488301927707898
TSs51	0	0.5200695784599566	0.4386065213051109	1	0.6525101963601355	0.964731039828209	0.026963810164859325	0.00416486006864309	0.9930873479419645	0.9733865057664365	0.9979222442338651	0.2794588632804521	0.8324593480749056	0.6240964784046771	0.09284710369714395	0.004165050650077242	0.10534619055813749	0.680923914315594	0.9864950810029115	0.9424795581150197	0.0009622807625565005	0.919153225206021	0.9227784796787031	0.04163550836268209	0.008334679086272287
TSs59B	0	0.8499169105719206	0.28436186203643754	1	0.9926930813264576	0.8983898468223375	0.6948109857804408	0.9995277684409446	0.999539663503088	0.9922909565290396	0.8013977915486509	0.8979703782366116	0.9999766846314092	0.9999796933137519	0.999962048269371	0.9955967912820155	0.9212440255788652	0.9277983255685744	0.7548656467252332	0.9999830827007817	0.10247899553666086	0.9999973483815482	0.02205914234017403	0.9973738301250394	0.9930952061238755
TSs365	0	0.6395545804084264	0.3919640763881356	1	0.9070398934895229	0.49603083081098054	0.03882959398250244	0.9979381050521381	0.45858373536387	0.9473019393208528	0.009615717183754908	0.912070683845472	0.2259014584089348	0.01119429291580117	0.49930842052138286	0.9941874307568606	0.9020091031335737	0.9998484414637401	0.9130122531749792	0.18067288545134289	0.999387625304056	0.9876728325278299	0.95395097700793	0.267391384357063	0.9961838975854583
TSs224	0	0.3971270283558927	0.40692414663599547	1	0.1905510726107988	0.9996314041717995	0.0934223354502311	0.7953322221183504	0.17548656713517352	0.00600507961936031	0.14092936697815903	0.001702285957945965	0.00400517260007735	0.20561557808642403	0.003286468214272585	0.00011628878449989837	0.7018853988918534	0.995956561326525	0.6483168955303559	0.7757006319049546	0.9492766672232422	0.4447230190690065	0.9802850544914712	0.002331416904284695	0.01853215265986622
TSs325	0	0.3802729965280983	0.3376255762222812	1	0.2635969091360647	0.9404402378573067	0.3291408323740216	0.05499885097954061	0.01981014376693904	0.44127457208735454	0.012838799802227146	0.021638165866351068	0.10266071925721983	0.1702993189308037	0.7884367314469403	0.03307129198956804	0.23425038493931674	0.20724090679905366	0.8644949938398597	0.19730439503047237	0.7635333568597293	0.4887021938783919	0.9997115079291953	0.6426690935948635	0.2929434333328127
TSs119A	0	0.46779282161579416	0.3913604487110014	1	0.4714370505817398	0.4671588311527428	0.015102250624437562	0.45350061089598204	0.1468756128320394	0.4757152700107367	0.9896071721660995	0.06132920936633957	0.982818079368951	0.7463305381957352	0.02569479940007718	0.00018670625951917587	0.7317269213042844	0.9653906657218427	0.884572618833322	0.09485115504497432	0.49813809944363896	0.998501935171703	0.010318336512223563	0.03157833802414877	0.7764592819870847
TSs166	0	0.6246324345351558	0.3657165673585491	1	0.7635916182758264	0.9665433258342097	0.6198386232842061	0.9928961755257771	0.8275943750829083	0.9781331986439716	0.9594760333925545	0.12288846054610159	0.8175455415691462	0.2607295995052742	0.11729834774695032	0.9949303340486263	0.8522692676248828	0.6349430160346997	0.7096376949825067	0.37320200051481245	0.29428165612472956	0.9340235762030914	0.04000094378442707	0.9949596822483214	0.0014568380059190522
TSs297	1	0.7608825179379065	0.34333866218947295	1	0.9348390003569647	0.7802836742874569	0.13939374916985509	0.9998056878071948	0.9977052349808101	0.3108398782846015	0.9829449629418572	0.7203274639651116	0.9988112291403337	0.8659292759113738	0.9991340815503434	0.9998510155495597	0.9778037202586499	0.04902059528446883	0.7029474524312165	0.9967535838981196	0.00604958026770018	0.8918742804552794	0.827451432773571	0.9869693035550915	0.9837541562455328
TSs338	0	0.8016431892659813	0.29185294399321976	1	0.9798474291251356	0.932460484580165	0.9996486891416643	0.9970403306678441	0.980084319444648	0.9926859037000442	0.995100642677968	0.6195901498213423	0.8166293774091643	0.889635910514496	0.28227864245005874	0.38056285180060967	0.9841953726914853	0.6831480427892657	0.9943314173785818	0.9999502257216337	0.4883433699335531	0.979610538805623	0.9995659988837982	0.9916287424770852	0.026372774430593895
TSs293	0	0.6799153358667529	0.29766566371101283	1	0.7879878600082628	0.7552889722071151	0.8206867478094106	0.6881651704201909	0.8582311834959716	0.14948402471521757	0.9928571250409527	0.8504382561535335	0.9963381011942577	0.9704381859188567	0.5433650689738935	0.2003068095936769	0.5623719315955881	0.249411708231608	0.709944498003114	0.8678136065976557	0.9842635996831136	0.22594621360908948	0.3294766032951594	0.8485061633775853	0.994972747419064
TSs24	0	0.36741905986735096	0.3601123789451793	1	0.24450222240921055	0.4888987834449046	0.3309934541133292	0.203275141477863	0.28572930334055807	0.362746414057426	0.8739481314561932	0.9910206183135833	0.1754182000841156	0.10127333406357696	0.02580651844970027	0.0012876309603919286	0.12348654172313056	0.08915811892997094	0.9955125391290611	0.6547200443320743	0.9368132363437032	0.00023981471988153384	0.034184462975380955	0.6719013057677414	0.001967603664433174
TSs334	1	0.4565881825027299	0.3958935711741997	1	0.43927343204305414	0.018122625086019497	0.11864643795432613	0.08762485062984457	0.008308697467750592	0.6832217612196871	0.9745163470230777	0.9613958170652476	0.0017541799232654403	0.8882705741146891	0.5860530626928633	0.09553838238885153	0.023426981993056917	0.29249380139324505	0.0862230325506107	0.7922721616346037	0.9902105391777654	0.9646981545931533	0.6206942990614293	0.7732744333042628	0.1650175107808475
TSs1A	1	0.33326523320562884	0.4376638503612968	1	0.10291029326756351	0.9950214003246008	0.000976064076708872	0.9999893712249581	0.1257542523597271	0.08006633417539995	0.00026750485913038115	0.03187922668972648	0.024695878668985417	0.9980006706494603	0.9884842696519008	0.16586952486637976	4.552479407227956e-05	0.0006296824384268062	0.0058391055649242	0.8840005732883952	2.9940961142998437e-05	0.9994274117488255	0.15786340206702437	0.20237561266614115	0.0040889130366461805
TSs266	0	0.4149008386155125	0.36563010175286104	1	0.277484913081851	0.12647307301357538	0.2889557604803413	0.01785976882907069	0.1386208563402296	0.047268538946553924	0.9999124245271527	0.9885493568122943	0.2660140656833608	0.8287538336636494	0.5258309455017443	0.08969588081414105	0.9031857483298766	0.12604350511047996	0.15914516325576947	0.9594330621871001	0.06747436442543513	0.5697931769313951	0.4229859890014406	0.026282540861621465	0.7457387175950172
TSs277	0	0.8155160025959118	0.25162568851060174	1	0.9594501022547783	0.9958645950846736	0.276784170405227	0.9997077484642559	0.9385069795394391	0.9914659908935199	0.7561270720375034	0.7702313522090007	0.9992284992025239	0.864720628138818	0.5782912907085023	0.9958040110537341	0.9928515005098463	0.9805269830466679	0.9803932249701176	0.31593421266270555	0.36756034325873593	0.9986220495831957	0.9972932435857443	0.5823692010087143	0.9280369555553087
TSs60B	1	0.3399370454033586	0.4158639800507018	1	0.06681134321708068	0.8721234477000053	0.0076942362800287885	0.06711716247116774	0.0034117058850098247	0.4135717947775452	0.7642071477478186	0.03313556835919697	0.003990841504437613	0.9980150742619875	0.9483656771052251	0.5176168172093237	0.0009043179163601277	0.09292691285467881	0.013829936358624055	0.0006778639293204164	0.06650552396299361	0.997790198891671	0.9499580583792343	0.023679301761136497	0.023219320711405922
TSs303	0	0.235477427035833	0.3105556065915451	1	0.10446745099321225	0.6629586278411084	0.1655830162716828	0.16722434478110784	0.05575904041591508	0.16601137474531005	0.36908725001530013	0.06896046712128358	0.10626037752972799	0.0026153527680158645	0.07563398547035884	0.12391986973940301	0.5928448235148587	0.05779398249841116	0.9715192518863829	0.03245519184442341	0.0009631867087160019	0.021920518937224884	0.9652933577633916	0.1026745244566965	6.99964073401109e-05
TSs120	0	0.32152310755987423	0.3827233405031992	1	0.1398015395949801	0.06530767107223359	0.9478998854751085	0.1073209588804023	0.045281916553904275	0.17228212030955786	0.04730416021317759	0.030745667306579048	0.012440039994367087	0.9873440822643762	0.003452480841787539	0.010336656670991765	0.371574846495962	0.32843566571314126	0.8812087273801201	0.021200845325882147	0.9320119979127832	0.2893619583525163	0.9586976512881593	0.17262153476484327	0.04563328438159087
TSs132	0	0.35683284866301634	0.2941279245978571	1	0.28540513888910757	0.5304892004422664	0.255886558975755	0.05816438152379931	0.24074177123073862	0.33871356813362746	0.4418795653960024	0.2220347936265811	0.0474050426137227	0.3149237188024602	0.033739027013949326	0.028058931735875828	0.08076612677633967	0.11488924538845846	0.8535277274969575	0.5349286158427305	0.8952975844408906	0.08597730393671053	0.8102539050042941	0.4837429361783256	0.7652369687008417
TSs78	0	0.31619976102458913	0.3619487164071656	1	0.0967788896499224	0.019507690044381427	0.07551265981296634	0.8863434807736316	0.09383062988934214	0.09972714941050267	0.12595078558199305	0.9797197145005946	0.050721065452101435	0.05317517295500135	0.010321562010830438	0.8625867274263106	0.5239225613549511	0.02326564819222877	0.00031113697879058986	0.8133408900938597	0.3090301359011387	0.06451921277326393	0.04878116861926215	0.8548654642928906	0.4285623644277415
TSs61	0	0.2165706276165722	0.3231344439757261	1	0.050642322957706404	0.8633318117262972	0.7738569081717088	0.004026558210791529	0.001398117719129424	0.12889736898713403	0.9982689475358206	0.2611722613856633	0.009588151255892829	0.029623733188338768	0.1066271086329282	0.00314812506184961	0.024377593202256735	0.62819832768918	0.02238168886454117	0.011715596532387768	0.2588063328482802	0.126555131109362	0.0033563573516937444	0.07166091272707405	0.004421520131113694
TSs60	1	0.5415162102340816	0.4273588103408606	1	0.5911388253172034	0.11100625257156567	0.30410441343569133	0.9962471168335705	0.9852127671157977	0.02148869645509427	0.9967657169437191	0.6785261549693652	0.9776530498974405	0.9957880758608202	0.99916844030564	0.9954135737869697	0.6473679036091272	0.009353404505806762	0.00894023317184457	0.16802306398621566	0.39714963767511424	0.9922104138089337	0.0005939222425424758	0.5349097470252796	0.010401620481092244
TSs274	0	0.34252863824938207	0.3820234409630572	1	0.2303856420734584	0.2518242680175139	0.04697633594130079	0.0028848441888850917	0.5960631265169363	0.009445338987130073	0.9723293465646057	0.050991426717970294	0.2137673161108392	0.24700396803607763	0.0815687627892501	0.003122490294438025	0.05258167297562809	0.9751654060946414	0.8223734862762998	0.2541051699609945	0.05643694606193992	0.9487561467174068	0.9830763173191907	0.012841803236428983	0.2692585921801637
TSs10A	0	0.8383025967665001	0.2861207916406434	1	0.9808566967879804	0.9960768007088139	0.8136838116176276	0.9984447450962185	0.9777593902442012	0.23999319739065045	0.999447436218234	0.986780149732092	0.9998454092722311	0.9999208232096197	0.9839540033317596	0.9243535500633312	0.9624602063662419	0.9956197582985126	0.33870370687765744	0.9942606457171052	0.9250759379573533	0.999920400294006	0.5574224981697457	0.095246576158892	0.9770828886057056
TSs96	0	0.14834354093320534	0.1981745462878942	1	0.08518493081164086	0.03499287221790851	0.11398709659167226	3.944345349353941e-05	0.0011525973361157424	0.5237317525292755	0.7083314701067399	0.2537542977684321	0.03537311803318014	0.04472861824183446	0.017095869755609807	0.0014629885379907294	0.17845169091810248	0.0865449837302498	0.1688913345035658	0.02481519040855428	0.09640678571821855	0.09667709374134777	0.0838248778930319	0.4835367476002198	0.01307198957856391
TSs282	0	0.7187389570233196	0.38018068149266143	1	0.9911810220667746	0.20605816200191523	0.340324616355513	0.9999968254686578	0.997583051632508	0.07637816449388199	0.9847789925010412	0.9982649478342156	0.9998521146216307	0.9990864719725303	0.9999752302743325	0.9999836560896397	0.6295227220603082	0.6850069897690529	0.020599227730321534	0.9996923003873888	0.9552429533421934	0.999746109827336	0.06648493459973343	0.41658123688379334	0.9996204326203963
TSs56A	0	0.8069284654009105	0.2747844070213457	1	0.918647869539343	0.894518492050891	0.9879106352786519	0.7650634997647617	0.46122547417603826	0.9976907392690818	0.9938886237928243	0.9779569640303747	0.4223375640147398	0.8582604141064509	0.924317130160881	0.31019442805798214	0.028529492343975765	0.8802622755123075	0.8883296358093116	0.9447311674849406	0.9995215290523202	0.9682091869547806	0.9270812107353961	0.9955622365046903	0.9129786089178049
TSs296	0	0.9345653126309685	0.22258353662274777	1	0.9994526734538127	0.9998749050134906	0.9361904957777878	0.9998190440777054	0.9999981596801678	0.9914070596041197	0.9987392161003906	0.9852672402725233	0.9998995928781358	0.9999301979164996	0.9999905106208257	0.9997021162041164	0.9601214852531987	0.999203230703509	0.8477489013985587	0.9999991077994115	0.0014543380107888803	0.999867003339978	0.9729926209006035	0.9991787826751528	0.9999222443924066
TSs33	1	0.41241685148478513	0.42940761524108484	1	0.19810405602844422	0.08223880309548343	0.006529918613361928	0.8669190722081868	0.9780726226970121	0.22717852679022726	0.0012032190921092555	0.6787211000983875	0.001941667048858835	0.9099232366306017	0.9676749139983972	0.023456553189343234	0.00045267028065348555	0.2233796328354387	0.03641675180459597	0.9224928622384434	0.10413338121531285	0.9890450923047688	0.06171305864941493	0.9940154676836557	0.1728284792214497
TSs311	0	0.2479685365964328	0.33668643209053384	1	0.05944714239916603	0.015978129034678334	0.06608353774474367	0.8927600124572475	0.009849478640829032	0.5366209470356075	0.0014359161404573072	0.8435454710024995	0.009116109460931514	0.10768840706946807	0.01547906451157981	0.24922448080201653	0.1922168411020071	0.012813481100886395	0.00040510332857475185	0.05281074705358838	0.5621453443903582	0.00017582978437509343	0.9999808836948669	0.3903713052373696	0.0006696423365716125
TSs68	0	0.9897737254125769	0.02168408602530016	1	0.9992578825917019	0.999964054517865	0.9944782407565614	0.9999891533385349	0.9999870717487702	0.9999165872947599	0.9965894926884534	0.9968317365452439	0.9999319739838608	0.9999819064024872	0.9999986010469055	0.9998155177714905	0.9985173503388123	0.9692896923271045	0.9811397390986367	0.9999586881540233	0.9985227088439736	0.9999988005872675	0.938909320563674	0.9229536248311966	0.9987002474119133
TSs104	0	0.3967081578690257	0.38097420650274	1	0.28574780910352043	0.15985905027320235	0.287309162486751	0.0008321606219154882	0.3222803810260835	0.2841864557202899	0.9848363327687913	0.09070821790712419	0.6648529132485032	0.9857074635045188	0.013197094799318987	0.0028310963215459387	0.6431207522754262	0.21130828697974194	0.6874719361804242	0.017995834557775533	0.9737381502289386	0.9789690796380631	0.6186802865819162	0.0004693904226809288	0.00580911183750211
TSs58	0	0.4307112558069074	0.3908354546798675	1	0.3442863825588357	0.18176804177476655	0.17662607735455718	0.0008760006374770691	0.027522139811033765	0.11245455256153795	0.9990758237124996	0.42146170863444554	0.9046123993426562	0.13217390675549312	0.7419739778415397	0.00014563685948535977	0.013870183713609624	0.3802247252221734	0.41378100664776785	0.027763335005735256	0.995490939005307	0.3083480398954981	0.9522163847051925	0.9171273946539925	0.9067128420033796
TSs358	1	0.999999887882131	1.4091408152740648e-07	1	0.999999948451752	0.9999999387229292	0.9999998207894644	0.9999999530526635	0.999999965867697	0.9999999593447267	0.999999715753161	0.9999998554727796	0.999999972096841	0.9999994412707298	0.9999999352848223	0.9999999617864493	0.9999998931766575	0.9999999835868025	0.9999998791787218	0.9999996314463787	0.9999999751775268	0.9999999782280886	0.9999999707533584	0.9999999438508405	0.9999999828019849
TSs82	0	0.6963240096074139	0.33685974955224224	1	0.7990427871093858	0.5988939346279806	0.9998837105476046	0.15423909050035836	0.017265632584064872	0.9424933274647197	0.9851788556166595	0.31763836983163174	0.7835152654183145	0.9752178327017963	0.7810225962929798	0.03872458343211153	0.9294214473766425	0.9915942274890678	0.8145703088004571	0.5310041445295816	0.9874491776850511	0.9842626107177422	0.9988828896011348	0.5662721391551037	0.5289500477752774
TSs15	0	0.2901869787279845	0.28979981560274465	1	0.21308564057372587	0.06807785137053039	0.518499250490981	0.00021023221098217685	0.006638236409162903	0.44119325804662224	0.9532854294695982	0.263683381368212	0.6868726993878765	0.009112571314566702	0.007367564177207305	0.0037387295353541183	0.015762539843095603	0.6101564069405097	0.36444511454327555	0.16248789977923972	0.718792042665595	0.4551332435988114	0.09750057576254641	0.27308022349328287	0.1477023241522396
TSs3	0	0.7978739836631915	0.2870091452957003	1	0.9274519175396536	0.9401583182367427	0.9992169340086308	0.7400715523798886	0.9754104710228249	0.9117420305618841	0.9922473231284138	0.9834867099897904	0.9777526058904247	0.952256665718686	0.9823241101137804	0.7899224141167264	0.9147455168425646	0.20645680388830995	0.732836498696555	0.9906987890690162	0.8897336382668749	0.9765050994796808	0.33251624324601897	0.01596680824833296	0.6534311403586833
TSs4	1	0.5233102007438376	0.4308626433027371	1	0.4210242568800081	0.9878671995992333	0.1321504858373848	0.2689430478156561	0.01554982510720825	0.9343729933676698	0.9936394371377916	0.12410908783749515	0.08691832059966015	0.9693587177292121	0.985708566522865	0.3928013275746718	0.009615455479259787	0.9670817261509634	0.005539512726900715	0.44924718618534437	0.9599364882733398	0.9994957526681469	0.9490258757758248	0.07514812563155052	0.1596948828565729
TSs331	1	0.1040209113136757	0.15404994561599014	1	0.024884046226408756	0.5023565695877699	0.1330226489004551	0.000412968984765171	0.002674005447560117	0.07844937575216618	0.4681044234075272	0.002628334341863185	0.16423755570922005	0.0018028664484908581	0.13180778101398324	0.0033591276282182165	0.016702011843246094	0.03306608060957142	0.17108643570878412	0.30725023005573066	0.04968303722592015	0.0062713982316782045	0.006300477306340582	0.0010178609389709227	0.00018503713125272452
TSs314B	0	0.41941873454214235	0.3724239787278511	1	0.41145337398362103	0.6592279746037395	0.7251966353950331	0.012404259647608036	0.6144209155722132	0.020080034438391847	0.9934000463357203	0.13733640350816068	0.991455803238933	0.7312643564447167	0.7450051495566752	0.06255224208895213	0.5813507516112927	0.031463668154442646	0.02954280498313293	0.012695309874945524	0.302089336222175	0.520817411745067	0.005156028799231284	0.9901763501890228	0.22273920843339448
TSs333	0	0.607382903399119	0.388543913505005	1	0.7261788869546755	0.1527956339038899	0.9997644555712176	0.0069193603302291195	0.7403126600721426	0.9443650846814423	0.999945030518545	0.7897064166902089	0.1578034694236205	0.06664102979866512	0.9792327010489323	0.1347677698138103	0.04452023410668717	0.5401884641082928	0.9993790500608256	0.31785776861996057	0.9519938653319041	0.9721501866084585	0.6431061905215945	0.7120451138372085	0.9941635829347469
TSs7	0	0.7949546528777938	0.30712342548260396	1	0.9823837129655797	0.9993414633703563	0.9979134978504178	0.9741211923223038	0.9326598251220921	0.9995762979490834	0.07697310953664709	0.09249344438475281	0.7292616889300515	0.9990304407695999	0.9906462336088555	0.760275246276938	0.5105390096025099	0.8518431114342663	0.6468676045931941	0.9987088888211485	0.9997755291880445	0.9996656862120072	0.9997332763709369	0.9993674078582007	0.34030010335446675
TSs38	0	0.41818662601205314	0.3812621164908543	1	0.25401246116189824	0.008230841406744181	0.040624013235946305	0.9881373595537025	0.8944439958970674	0.09838919639638033	0.31199073271425826	0.17549356494220833	0.009770646863363193	0.1258162961849657	0.6266383947801223	0.8821636456452645	0.19603418960953825	0.005495423448488184	0.8437427347857259	0.8026214670603239	0.963693261605715	0.052081238450639895	0.17735997012179375	0.3302436636084572	0.8307618839303567
TSs10	1	0.29124920379904007	0.31433521991028046	1	0.1989359520428846	0.0001068807300927185	0.0010758754775354214	0.9912955780912662	0.7366758162125666	0.5235809649826684	0.2623933295303736	0.005835351763145676	0.6149207006798496	0.17556620593838493	0.22230569814738432	0.017592325897866395	0.0019368904188328195	0.412305763166373	0.001906221006736934	0.007694728671554723	0.06521581381860762	0.6246330047889256	0.5057542883074703	0.0011065322711835861	0.6530821060799834
TSs48	0	0.582629096525252	0.4078824856115246	1	0.7298718897660357	0.9411794863021479	0.048111826400514174	0.9898402668674495	0.9587738339377826	0.9830702698779357	0.004980261854377992	0.06147755184342988	0.4765428251672493	0.0042145726249525044	0.9625462158512367	0.6211313942249834	0.8386123853070878	0.9933498247420244	0.923138444453393	0.9217403421548265	0.00038917564311740315	0.3654520205989943	0.47603074909853593	0.9384884348976167	0.14351204865738584
