ID	ID	Class	Mean	stdev	Predicted_0.41	Median	score_0	score_1	score_2	score_3	score_4	score_5	score_6	score_7	score_8	score_9	score_10	score_11	score_12	score_13	score_14	score_15	score_16	score_17	score_18	score_19
TSs156A	0	0.32883500000000004	0.07900268444250998	0	0.32975	0.54	0.336	0.3896	0.294	0.2753333333333334	0.3295	0.338	0.296	0.186	0.389	0.286	0.33	0.2646666666666666	0.4415	0.33693333333333336	0.2896666666666667	0.3935	0.37333333333333335	0.23566666666666666	0.252
TSs361	0	0.28590261904761904	0.15303612615965373	0	0.3094166666666667	0.565	0.3466666666666666	0.472	0.3615	0.194	0.3455	0.1745	0.056285714285714286	0.09	0.38	0.138	0.396	0.1826666666666667	0.558	0.15960000000000002	0.375	0.38066666666666665	0.15933333333333333	0.2733333333333333	0.11
TSs368	0	0.44894607142857135	0.07679888796971769	1	0.433	0.344	0.4053333333333333	0.4626	0.577	0.39	0.363	0.4439047619047619	0.61	0.435	0.431	0.379	0.3773333333333333	0.428	0.372	0.547	0.488	0.394	0.464	0.53775	0.53
TSs49	0	0.4172484523809524	0.08170418545021392	1	0.41766666666666663	0.2753333333333333	0.41	0.388	0.519	0.4673333333333333	0.36383333333333334	0.3785	0.5342857142857143	0.49	0.318	0.554	0.292	0.39	0.428	0.47	0.445	0.304	0.42533333333333334	0.38975	0.5026
TSs138B	0	0.38342999999999994	0.09017389172336976	0	0.388	0.5836666666666668	0.4066666666666666	0.43560000000000004	0.416	0.3846666666666666	0.27	0.444	0.342	0.262	0.524	0.294	0.446	0.3246666666666666	0.47	0.266	0.318	0.462	0.39133333333333337	0.33	0.298
TSs22B	0	0.37028583333333337	0.07260404538110637	0	0.366	0.318	0.322	0.314	0.527	0.3	0.392	0.486	0.389	0.434	0.282	0.348	0.264	0.326	0.396	0.4165333333333333	0.384	0.322	0.2953333333333334	0.42875	0.4611
TSs287	0	0.6122210714285714	0.055098628507373966	1	0.6145	0.6296666666666667	0.64	0.5696	0.582	0.528	0.6108333333333332	0.6612380952380953	0.61	0.64	0.6115	0.515	0.626	0.608	0.504	0.62	0.6175	0.608	0.63	0.7210833333333334	0.712
TSs383	0	0.6566844047619047	0.04800342547720581	1	0.6518333333333333	0.6496666666666666	0.708	0.678	0.604	0.639	0.616	0.731904761904762	0.602	0.72	0.6861	0.684	0.624	0.7166666666666668	0.5918666666666667	0.5883999999999999	0.622	0.728	0.6173333333333333	0.67275	0.654
TSs314A	0	0.5098942857142856	0.05725168770401123	1	0.5063666666666666	0.492	0.47	0.53	0.54175	0.404	0.4966666666666667	0.5573333333333332	0.5642857142857142	0.606	0.5181	0.512	0.52	0.484	0.3965	0.5007333333333333	0.486	0.481	0.45133333333333336	0.6110833333333333	0.5751000000000001
TSs30	0	0.5353966666666666	0.050027759428644125	1	0.5425	0.604	0.52	0.575	0.576	0.496	0.473	0.54	0.474	0.578	0.551	0.506	0.59	0.587	0.45	0.545	0.471	0.4995	0.572	0.6093333333333333	0.49110000000000004
TSs291	1	0.5657416666666666	0.05432554230547197	1	0.572	0.528	0.494	0.544	0.594	0.638	0.58	0.518	0.458	0.584	0.602	0.636	0.562	0.612	0.542	0.5873333333333333	0.5815	0.668	0.564	0.546	0.476
TSs157A	0	0.4436916666666667	0.06807964301021016	1	0.4485	0.406	0.342	0.384	0.37025	0.377	0.449	0.372	0.578	0.448	0.46	0.524	0.492	0.432	0.474	0.5273333333333332	0.464	0.39	0.456	0.55975	0.3685
TSs27	1	0.49245	0.05040517412872778	1	0.487	0.522	0.5	0.586	0.504	0.422	0.436	0.542	0.478	0.54	0.516	0.458	0.454	0.482	0.492	0.482	0.459	0.596	0.528	0.424	0.428
TSs363	0	0.30966416666666674	0.09014284282905712	0	0.3105833333333333	0.504	0.29	0.4076	0.27025	0.30933333333333335	0.31183333333333335	0.328	0.248	0.148	0.313	0.184	0.344	0.298	0.5113333333333333	0.24093333333333333	0.316	0.3446666666666666	0.30333333333333334	0.316	0.205
TSs9	0	0.4515144047619047	0.06735923995702016	1	0.455	0.538	0.428	0.452	0.555	0.492	0.476	0.42323809523809525	0.566	0.448	0.398	0.394	0.3253333333333333	0.48	0.364	0.5315333333333333	0.458	0.364	0.38	0.4840833333333333	0.4731
TSs151B	0	0.306	0.145345494823531	0	0.3213333333333333	0.543	0.3366666666666666	0.47	0.3535	0.16133333333333336	0.3405	0.118	0.144	0.096	0.21	0.15	0.384	0.496	0.566	0.304	0.383	0.37066666666666664	0.306	0.2593333333333333	0.128
TSs133	0	0.350555	0.08426234601612011	0	0.3465	0.4976666666666667	0.31066666666666665	0.4369333333333333	0.418	0.43	0.3005	0.394	0.226	0.208	0.349	0.216	0.318	0.3346666666666666	0.466	0.344	0.355	0.432	0.31933333333333336	0.404	0.2513333333333333
TSs155	0	0.40963583333333337	0.08064926053235211	0	0.409325	0.5796666666666668	0.426	0.462	0.41025	0.36566666666666664	0.432	0.394	0.244	0.342	0.509	0.4084	0.474	0.4126666666666666	0.5238666666666667	0.35719999999999996	0.4	0.408	0.422	0.372	0.25
TSs209	0	0.6079452380952381	0.047755471309378815	1	0.6006666666666667	0.574	0.5893333333333333	0.566	0.5535	0.631	0.63	0.5519047619047619	0.626	0.674	0.692	0.6673333333333332	0.692	0.622	0.6113333333333334	0.59	0.57	0.5635	0.56	0.643	0.552
TSs136	0	0.4543075	0.06714808120274567	1	0.4635	0.394	0.35	0.47	0.47	0.496	0.526	0.574	0.518	0.492	0.463	0.436	0.392	0.462	0.41	0.5264	0.374	0.408	0.324	0.53675	0.464
TSs22A	0	0.34679250000000006	0.08481226438038007	0	0.3403333333333334	0.282	0.28	0.304	0.43725	0.392	0.2893333333333334	0.282	0.446	0.376	0.204	0.446	0.19	0.33	0.4615	0.418	0.335	0.264	0.378	0.3456666666666667	0.4751
TSs357	1	0.35954166666666676	0.05965271999602345	0	0.371	0.488	0.37	0.39	0.408	0.31	0.284	0.394	0.38	0.314	0.406	0.25	0.39	0.286	0.372	0.35333333333333333	0.3695	0.424	0.4	0.336	0.266
TSs161	0	0.6615060714285715	0.044889122777808745	1	0.6685000000000001	0.666	0.682	0.6876	0.644	0.7133333333333333	0.669	0.635904761904762	0.6006666666666668	0.737	0.67	0.6446666666666667	0.668	0.582	0.5568666666666666	0.684	0.628	0.688	0.696	0.7150833333333333	0.662
TSs11	0	0.6366736904761905	0.04748474318250658	1	0.6526428571428571	0.6333333333333334	0.686	0.5696	0.66625	0.656	0.666	0.6892380952380953	0.6492857142857142	0.7195	0.5815	0.669	0.608	0.626	0.5646666666666668	0.632	0.552	0.662	0.572	0.658	0.6731
TSs5A	0	0.4502951190476191	0.05918369835232828	1	0.442	0.444	0.592	0.4176	0.40225	0.535	0.4286666666666667	0.432	0.42428571428571427	0.508	0.44	0.385	0.44733333333333336	0.455	0.4666666666666667	0.3433333333333334	0.4126666666666667	0.3736666666666667	0.5153333333333333	0.496	0.48710000000000003
TSs131	0	0.4743252380952381	0.03945275553976114	1	0.471125	0.43	0.452	0.432	0.46925	0.4426666666666667	0.5006666666666667	0.515904761904762	0.498	0.504	0.473	0.468	0.474	0.474	0.43	0.4466666666666667	0.418	0.501	0.538	0.56975	0.4496
TSs294	0	0.5174577380952382	0.050424917579016224	1	0.5105	0.46366666666666667	0.596	0.534	0.501	0.552	0.55	0.48990476190476195	0.4626666666666666	0.614	0.548	0.48	0.5433333333333333	0.447	0.458	0.471	0.52	0.4815	0.5673333333333334	0.5864166666666667	0.4833333333333334
TSs378	0	0.577590238095238	0.05121617282357552	1	0.578	0.56	0.4933333333333333	0.52	0.61	0.608	0.5513333333333332	0.5292380952380952	0.599	0.7115	0.5865	0.586	0.52	0.557	0.548	0.5983999999999999	0.536	0.572	0.584	0.66	0.6215
TSs336	0	0.43416428571428567	0.050735171755511226	1	0.44	0.462	0.418	0.318	0.42025	0.47	0.452	0.422	0.5312857142857143	0.45	0.416	0.494	0.344	0.436	0.37	0.444	0.398	0.446	0.434	0.50175	0.456
TSs111	0	0.48668500000000003	0.06140193029424767	1	0.47596666666666665	0.5156666666666667	0.544	0.59	0.42625	0.482	0.42333333333333334	0.466	0.417	0.452	0.556	0.4106666666666666	0.518	0.502	0.578	0.46993333333333326	0.56	0.554	0.4133333333333334	0.42541666666666667	0.43010000000000004
TSs56	1	0.50505	0.06039538584675941	1	0.506	0.39	0.446	0.602	0.558	0.428	0.478	0.504	0.6	0.498	0.552	0.52	0.462	0.54	0.555	0.582	0.4595	0.457	0.43	0.508	0.5315
TSs3A	0	0.4356458333333334	0.07730441210466552	1	0.41841666666666666	0.382	0.35	0.38	0.544	0.4696666666666667	0.4386666666666667	0.398	0.598	0.378	0.362	0.562	0.34	0.364	0.442	0.38	0.46	0.4035	0.4333333333333333	0.47175	0.556
TSs95	0	0.5108817857142858	0.05085620630347579	1	0.5185	0.414	0.43	0.432	0.48025	0.519	0.4846666666666667	0.518	0.5862857142857142	0.524	0.5366000000000001	0.569	0.578	0.528	0.4615	0.497	0.482	0.51	0.564	0.5733333333333333	0.53
TSs2	0	0.34090357142857153	0.07452490425140997	0	0.36620833333333336	0.4	0.366	0.29	0.44725	0.33666666666666667	0.296	0.3179047619047619	0.395	0.332	0.252	0.386	0.14	0.318	0.3775	0.39373333333333327	0.394	0.216	0.368	0.36641666666666667	0.42560000000000003
TSs44C	0	0.4886116666666666	0.058098049080993634	1	0.491	0.5556666666666668	0.494	0.466	0.428	0.484	0.46	0.612	0.48233333333333334	0.515	0.488	0.48266666666666663	0.356	0.502	0.4413333333333333	0.5077333333333333	0.396	0.5795	0.502	0.498	0.522
TSs201	1	0.6187000000000001	0.04797049531798301	1	0.617	0.602	0.63	0.53	0.63	0.642	0.658	0.606	0.698	0.596	0.62	0.614	0.588	0.564	0.554	0.602	0.56	0.65	0.63	0.694	0.706
TSs217	0	0.6041058333333333	0.057968398649255994	1	0.6158	0.682	0.624	0.6196	0.63025	0.603	0.534	0.616	0.536	0.554	0.6156	0.566	0.688	0.669	0.6375	0.56	0.4866666666666667	0.68	0.662	0.586	0.5325
TSs168	0	0.3978735714285714	0.05881497517122601	0	0.40800000000000003	0.41	0.37	0.406	0.272	0.453	0.45016666666666666	0.3679047619047619	0.436	0.2955	0.425	0.37	0.436	0.334	0.378	0.38639999999999997	0.464	0.462	0.326	0.427	0.4885
TSs98	1	0.526182738095238	0.0684291365432537	1	0.5195000000000001	0.506	0.526	0.448	0.493	0.529	0.603	0.47990476190476195	0.611	0.511	0.595	0.5883333333333333	0.592	0.532	0.36266666666666664	0.513	0.486	0.506	0.568	0.64175	0.432
TSs116	0	0.416975	0.03733083775336982	1	0.42233333333333334	0.426	0.36666666666666664	0.35	0.45	0.436	0.4105	0.348	0.472	0.378	0.413	0.438	0.38	0.406	0.483	0.438	0.449	0.42	0.4246666666666667	0.4426666666666667	0.408
TSs53	0	0.47768273809523815	0.07531116838231602	1	0.474	0.3856666666666667	0.368	0.538	0.589	0.46	0.405	0.4359047619047619	0.592	0.501	0.43	0.458	0.43	0.4926666666666667	0.498	0.5523333333333333	0.488	0.388	0.394	0.6260833333333332	0.522
TSs63A	0	0.5982577380952381	0.04214399827034267	1	0.5930833333333334	0.5916666666666668	0.6413333333333333	0.646	0.5925	0.6253333333333333	0.5493333333333333	0.625904761904762	0.5506666666666666	0.673	0.628	0.5936666666666668	0.516	0.556	0.578	0.562	0.568	0.5946666666666668	0.6113333333333334	0.58975	0.672
TSs158	1	0.5782499999999999	0.05508811389399404	1	0.586	0.584	0.702	0.596	0.522	0.57	0.598	0.618	0.5953333333333334	0.63	0.626	0.552	0.584	0.626	0.524	0.454	0.484	0.588	0.5536666666666666	0.596	0.562
TSs269	0	0.42036428571428575	0.04932656710114267	1	0.422	0.406	0.314	0.376	0.482	0.402	0.384	0.354	0.40628571428571425	0.44	0.345	0.44533333333333336	0.418	0.402	0.44733333333333336	0.484	0.426	0.448	0.49933333333333335	0.46	0.468
TSs317	0	0.4582977380952381	0.056083150483505345	1	0.4485	0.414	0.442	0.384	0.464	0.434	0.451	0.3779047619047619	0.528	0.502	0.4526	0.493	0.412	0.42	0.44	0.4562	0.45666666666666667	0.446	0.522	0.6270833333333332	0.4435
TSs49A	0	0.46834857142857145	0.058233952284823184	1	0.47886666666666666	0.5256666666666667	0.5	0.53	0.468	0.4293333333333333	0.361	0.5645714285714285	0.506	0.465	0.517	0.5053333333333334	0.382	0.392	0.52	0.4697333333333333	0.41666666666666663	0.5055	0.488	0.4406666666666667	0.3805
TSs417	1	0.6089952380952379	0.06028720278325679	1	0.607	0.58	0.642	0.568	0.602	0.606	0.582	0.6699047619047619	0.55	0.756	0.608	0.648	0.61	0.61	0.518	0.562	0.508	0.622	0.568	0.674	0.696
TSs195	0	0.40153999999999995	0.059208029129927064	0	0.41966666666666663	0.4396666666666667	0.4493333333333333	0.468	0.42933333333333334	0.4483333333333333	0.271	0.388	0.32866666666666666	0.428	0.34	0.414	0.352	0.333	0.4538666666666667	0.42133333333333334	0.514	0.3631666666666667	0.418	0.346	0.42510000000000003
TSs371	0	0.5727541666666667	0.05159804069305901	1	0.567	0.518	0.53	0.618	0.558	0.602	0.57	0.554	0.564	0.552	0.635	0.633	0.648	0.616	0.536	0.4913333333333333	0.472	0.628	0.608	0.60575	0.516
TSs23	0	0.5478085714285714	0.05748544895145634	1	0.553	0.604	0.6473333333333332	0.556	0.524	0.6313333333333333	0.582	0.6052380952380951	0.568	0.578	0.469	0.55	0.508	0.492	0.448	0.494	0.4716666666666667	0.582	0.606	0.502	0.5376000000000001
TSs51	0	0.42572857142857146	0.056751547830585225	1	0.436	0.309	0.45733333333333337	0.406	0.442	0.438	0.427	0.4519047619047619	0.498	0.486	0.3911	0.488	0.362	0.376	0.2933333333333334	0.43239999999999995	0.434	0.408	0.486	0.459	0.4695
TSs59B	0	0.3786077380952382	0.08764312740133613	0	0.3730416666666667	0.352	0.426	0.3973333333333333	0.497	0.3023333333333334	0.306	0.46923809523809523	0.484	0.48	0.3175	0.318	0.206	0.424	0.3093333333333333	0.528	0.384	0.322	0.2553333333333333	0.36208333333333337	0.432
TSs365	0	0.3599375	0.0977928009935782	0	0.333	0.515	0.329	0.424	0.25575	0.26866666666666666	0.41	0.412	0.31	0.272	0.337	0.30066666666666664	0.388	0.37666666666666665	0.648	0.378	0.324	0.41866666666666663	0.324	0.2753333333333333	0.232
TSs224	0	0.5051241666666667	0.0512320787308291	1	0.4963	0.6196666666666667	0.602	0.504	0.438	0.5356666666666666	0.486	0.542	0.58	0.498	0.49460000000000004	0.454	0.494	0.468	0.5192	0.4913333333333333	0.432	0.502	0.45666666666666667	0.46175	0.5236000000000001
TSs325	0	0.6112666666666667	0.05647755855101246	1	0.6096666666666666	0.608	0.6986666666666668	0.672	0.5515	0.665	0.5965	0.586	0.538	0.726	0.5875	0.6113333333333333	0.606	0.638	0.522	0.559	0.519	0.622	0.624	0.6493333333333332	0.6455
TSs119A	0	0.49065833333333336	0.04492643222942922	1	0.483	0.468	0.5633333333333332	0.4696	0.478	0.5096666666666666	0.4306666666666667	0.4893333333333333	0.486	0.562	0.4616	0.54	0.454	0.449	0.4665333333333333	0.409	0.496	0.48	0.49	0.5353333333333332	0.5751000000000001
TSs166	0	0.4149502380952382	0.05923875400505255	1	0.42633333333333334	0.364	0.3226666666666667	0.352	0.42	0.338	0.445	0.35190476190476194	0.468	0.364	0.43960000000000005	0.45933333333333337	0.51	0.43266666666666664	0.4015	0.4353333333333333	0.492	0.395	0.4653333333333333	0.5046666666666667	0.338
TSs297	1	0.3828	0.06153527016016271	0	0.379	0.365	0.38	0.364	0.446	0.294	0.357	0.386	0.448	0.34	0.27	0.364	0.33	0.3	0.516	0.434	0.396	0.378	0.438	0.462	0.388
TSs338	0	0.4199333333333334	0.04282670779530917	1	0.415	0.3496666666666667	0.482	0.464	0.411	0.459	0.348	0.4215	0.414	0.446	0.402	0.416	0.372	0.374	0.392	0.4766666666666667	0.452	0.399	0.38133333333333336	0.464	0.4745
TSs293	0	0.4518152380952382	0.04978880072273086	1	0.4485	0.3656666666666667	0.4053333333333334	0.436	0.4465	0.449	0.45616666666666666	0.39990476190476193	0.523	0.546	0.3515	0.51	0.416	0.458	0.4348333333333333	0.4804	0.448	0.446	0.468	0.49	0.506
TSs24	0	0.41778750000000003	0.05546106238424823	1	0.4095	0.36933333333333335	0.358	0.406	0.3795	0.44	0.411	0.356	0.544	0.384	0.438	0.44333333333333336	0.412	0.316	0.373	0.482	0.478	0.4045	0.408	0.45308333333333334	0.5
TSs334	1	0.5749166666666665	0.05692129325420315	1	0.592	0.536	0.622	0.606	0.6063333333333334	0.656	0.504	0.548	0.584	0.65	0.642	0.56	0.558	0.606	0.434	0.554	0.5	0.518	0.604	0.61	0.6
TSs1A	0	0.3408602380952381	0.07029719171041054	0	0.33058333333333334	0.284	0.354	0.23	0.417	0.346	0.31516666666666665	0.3859047619047619	0.536	0.35	0.287	0.384	0.248	0.314	0.3133333333333333	0.4085333333333333	0.29	0.282	0.304	0.3626666666666667	0.4056
TSs266	1	0.49049999999999994	0.061266888112155395	1	0.477	0.402	0.464	0.54	0.534	0.46	0.458	0.52	0.636	0.578	0.446	0.478	0.416	0.48	0.432	0.578	0.426	0.458	0.488	0.54	0.476
TSs277	0	0.4011383333333334	0.05449534265737788	0	0.396	0.4193333333333334	0.388	0.412	0.396	0.419	0.3365	0.426	0.388	0.388	0.406	0.3886666666666666	0.298	0.37	0.546	0.38833333333333336	0.396	0.4825	0.308	0.4343333333333333	0.43210000000000004
TSs60B	0	0.5300985714285715	0.07574388033631467	1	0.5528333333333334	0.5496666666666667	0.586	0.5476	0.58625	0.52	0.3786666666666667	0.6332380952380953	0.567	0.574	0.502	0.582	0.424	0.556	0.3845333333333333	0.615	0.53	0.578	0.396	0.5304166666666668	0.5616
TSs303	0	0.4893841666666667	0.06302489238921806	1	0.5013000000000001	0.37	0.36	0.446	0.44	0.469	0.546	0.426	0.608	0.532	0.49860000000000004	0.568	0.504	0.458	0.464	0.5053333333333334	0.532	0.4653333333333333	0.514	0.5414166666666668	0.54
TSs120	1	0.5531666666666666	0.041776696825632564	1	0.546	0.556	0.622	0.562	0.55	0.596	0.5233333333333332	0.57	0.58	0.638	0.53	0.579	0.6	0.54	0.506	0.532	0.462	0.534	0.542	0.531	0.51
TSs132	0	0.5517811904761903	0.04661236944610429	1	0.5605416666666667	0.522	0.566	0.494	0.55475	0.638	0.5498333333333334	0.5659047619047619	0.5722857142857142	0.615	0.6076	0.559	0.544	0.5456666666666666	0.476	0.508	0.44	0.568	0.578	0.5620833333333333	0.5695
TSs78	1	0.5966500000000001	0.05247427384161384	1	0.602	0.582	0.556	0.682	0.484	0.582	0.608	0.644	0.5626666666666668	0.626	0.64	0.614	0.658	0.647	0.612	0.5	0.554	0.656	0.5793333333333333	0.596	0.55
TSs61	0	0.5907870238095239	0.04256038758241535	1	0.5874999999999999	0.628	0.5713333333333332	0.562	0.52425	0.5806666666666667	0.608	0.633904761904762	0.5972857142857142	0.653	0.654	0.61	0.5893333333333333	0.587	0.5518666666666667	0.494	0.588	0.5675	0.58	0.574	0.6616000000000001
TSs60	0	0.46309999999999996	0.08767556572136506	1	0.45266666666666666	0.42	0.42	0.516	0.55725	0.394	0.385	0.46	0.692	0.348	0.468	0.466	0.316	0.4453333333333333	0.436	0.5473333333333332	0.532	0.4173333333333334	0.376	0.52375	0.542
TSs274	0	0.49711250000000007	0.043758176136593836	1	0.4974166666666666	0.528	0.5073333333333333	0.514	0.469	0.6026666666666667	0.448	0.482	0.534	0.514	0.486	0.53	0.518	0.434	0.4533333333333333	0.44	0.486	0.552	0.5233333333333333	0.4330833333333333	0.4875
TSs10A	0	0.4317425000000001	0.07182402420141452	1	0.42933333333333334	0.364	0.338	0.484	0.50625	0.44	0.416	0.432	0.582	0.349	0.37160000000000004	0.434	0.328	0.4266666666666667	0.426	0.536	0.478	0.368	0.36733333333333335	0.534	0.454
TSs96	1	0.5470166666666667	0.056797318423645306	1	0.554	0.588	0.564	0.492	0.508	0.62	0.52	0.546	0.546	0.672	0.572	0.574	0.552	0.522	0.391	0.492	0.512	0.556	0.5573333333333332	0.564	0.592
TSs282	0	0.3316891666666667	0.10507296076567144	0	0.304	0.272	0.18	0.404	0.48825	0.252	0.271	0.348	0.514	0.22	0.294	0.246	0.228	0.426	0.436	0.4945333333333333	0.38	0.254	0.202	0.314	0.41
TSs56A	0	0.642687738095238	0.04573244078242761	1	0.64125	0.616	0.612	0.66	0.616	0.6953333333333332	0.6506666666666667	0.5899047619047619	0.6226666666666666	0.759	0.607	0.681	0.668	0.6766666666666666	0.5532	0.6117333333333334	0.638	0.664	0.602	0.6860833333333333	0.6445
TSs296	0	0.35240940476190474	0.06571275101035179	0	0.3546666666666667	0.292	0.462	0.2816	0.449	0.42	0.37366666666666665	0.3119047619047619	0.346	0.422	0.30460000000000004	0.39	0.22	0.264	0.36333333333333334	0.408	0.34	0.2863333333333334	0.33333333333333337	0.3744166666666667	0.406
TSs33	0	0.5295327380952382	0.05287939974787937	1	0.5287857142857142	0.4893333333333334	0.5293333333333332	0.506	0.593	0.5283333333333332	0.532	0.5292380952380952	0.564	0.646	0.528	0.572	0.454	0.4246666666666667	0.44999999999999996	0.574	0.511	0.518	0.496	0.57375	0.572
TSs311	1	0.6175666666666666	0.05371367669716425	1	0.625	0.494	0.658	0.624	0.584	0.67	0.616	0.646	0.518	0.674	0.652	0.688	0.646	0.632	0.626	0.6193333333333333	0.608	0.568	0.54	0.606	0.682
TSs68	0	0.37653666666666663	0.08782757556280239	0	0.379	0.324	0.374	0.39	0.531	0.30433333333333334	0.346	0.394	0.446	0.43	0.258	0.384	0.246	0.3653333333333334	0.432	0.4657333333333333	0.326	0.258	0.26633333333333337	0.552	0.438
TSs104	0	0.5529710714285714	0.055630778238792894	1	0.5610833333333334	0.5576666666666668	0.602	0.614	0.56725	0.554	0.5645	0.5872380952380952	0.5553333333333332	0.622	0.504	0.535	0.476	0.572	0.406	0.592	0.483	0.5533333333333332	0.506	0.635	0.5731
TSs58	0	0.5575478571428573	0.047627526857231844	1	0.5672916666666666	0.578	0.632	0.58	0.51425	0.524	0.554	0.5832380952380952	0.555952380952381	0.5755	0.6336	0.526	0.55	0.58	0.42533333333333334	0.5886666666666667	0.502	0.576	0.5153333333333333	0.5590833333333333	0.598
TSs358	0	0.28833	0.1488792190322381	0	0.30299999999999994	0.561	0.3366666666666666	0.476	0.3515	0.15933333333333335	0.3435	0.24	0.178	0.046	0.21	0.342	0.392	0.1746666666666667	0.556	0.16560000000000002	0.383	0.37866666666666665	0.15533333333333332	0.2693333333333333	0.048
TSs82	1	0.6392558333333332	0.05065786750549886	1	0.643	0.646	0.724	0.602	0.61125	0.648	0.642	0.636	0.584	0.712	0.626	0.644	0.594	0.662	0.5698666666666666	0.698	0.54	0.706	0.596	0.7	0.644
TSs15	0	0.6370702380952381	0.052631179197222794	1	0.6474166666666665	0.556	0.6493333333333332	0.664	0.6455	0.68	0.592	0.631904761904762	0.6640000000000001	0.652	0.692	0.642	0.5433333333333333	0.62	0.524	0.704	0.6253333333333333	0.596	0.672	0.72	0.668
TSs3	0	0.4920958333333334	0.08002850951708594	1	0.49966666666666665	0.341	0.512	0.43	0.486	0.5406666666666666	0.4136666666666667	0.406	0.608	0.604	0.436	0.538	0.412	0.4953333333333333	0.5226666666666666	0.5213333333333334	0.504	0.386	0.47	0.58975	0.6255
TSs4	0	0.48135773809523813	0.0634895630025973	1	0.486625	0.494	0.512	0.54	0.47925	0.4766666666666666	0.421	0.5719047619047619	0.5673333333333332	0.478	0.4375	0.5	0.322	0.464	0.38666666666666666	0.5406666666666667	0.408	0.5366666666666667	0.456	0.535	0.5005
TSs331	0	0.4860675	0.05529779996126027	1	0.476	0.476	0.562	0.476	0.414	0.542	0.586	0.436	0.472	0.498	0.42760000000000004	0.48	0.422	0.498	0.45	0.429	0.452	0.4335	0.5453333333333332	0.5554166666666668	0.5665
TSs314B	0	0.503741904761905	0.07944155556712702	1	0.494	0.476	0.48	0.5216000000000001	0.6333333333333333	0.442	0.532	0.5419047619047619	0.5593333333333332	0.7	0.464	0.466	0.368	0.454	0.4421666666666667	0.553	0.508	0.4046666666666667	0.416	0.5393333333333332	0.5735
TSs333	0	0.5968410714285715	0.04945912916958796	1	0.6099166666666667	0.5686666666666668	0.63	0.54	0.63	0.616	0.6	0.5699047619047619	0.562	0.677	0.602	0.618	0.6073333333333334	0.561	0.442	0.636	0.574	0.628	0.6353333333333333	0.6270833333333332	0.6125
TSs7	0	0.4790720238095238	0.08285443025503454	1	0.475	0.462	0.606	0.458	0.5085	0.4903333333333333	0.38	0.49323809523809525	0.4269523809523809	0.638	0.365	0.444	0.31	0.476	0.44	0.52	0.4376666666666667	0.474	0.51	0.50375	0.638
TSs38	0	0.4704766666666667	0.07299139827556549	1	0.482	0.382	0.386	0.562	0.484	0.5053333333333333	0.544	0.328	0.352	0.488	0.539	0.48	0.56	0.564	0.5132000000000001	0.428	0.55	0.438	0.432	0.446	0.428
TSs10	1	0.41087999999999997	0.05675666990713398	1	0.426	0.47	0.422	0.45	0.351	0.466	0.362	0.486	0.448	0.344	0.4466	0.438	0.332	0.372	0.47	0.302	0.354	0.422	0.482	0.37	0.43
TSs48	0	0.4065452380952381	0.0576097803707571	0	0.4105	0.342	0.36466666666666664	0.408	0.232	0.442	0.38966666666666666	0.4359047619047619	0.413	0.39	0.448	0.516	0.448	0.392	0.454	0.406	0.36	0.4391666666666667	0.434	0.376	0.4405
