ID	ID	Class	Mean	stdev	Predicted_0.12	Median	score_0	score_1	score_2	score_3	score_4	score_5	score_6	score_7	score_8	score_9	score_10	score_11	score_12	score_13	score_14	score_15	score_16	score_17	score_18	score_19
TSs156A	1	0.4949876349497579	0.011310956136291609	1	0.5	0.5	0.5	0.4847881273246004	0.5	0.4601176232833289	0.5	0.51313618892148	0.5	0.5	0.5	0.477947945571984	0.4895215053824855	0.5	0.5	0.5	0.5	0.5	0.48478812732460036	0.4894531811866786	0.5
TSs361	0	0.47030815530014064	0.01492168034402666	1	0.47242381795248495	0.4866829465989703	0.4584698704643965	0.4552378623825304	0.4733000448308978	0.44914877197603376	0.48079852849423954	0.4844160537411707	0.44496693262756215	0.46694871925205056	0.48055480342582735	0.44407262572546263	0.45969063499796675	0.47242381795248495	0.46957810980193	0.47242381795248495	0.47242381795248517	0.47329747109243026	0.47242381795248495	0.48930445878140216	0.5
TSs368	0	0.496490368380074	0.013958180752628477	1	0.5	0.5	0.4893044587814023	0.5	0.5	0.4846006972417783	0.51070200611235	0.5	0.44496693262756215	0.5	0.5104786873476891	0.5109286213268106	0.4895215053824855	0.5	0.5	0.5	0.5	0.5	0.5	0.48930445878140216	0.5
TSs49	0	0.49369306062559726	0.017999047283557633	1	0.5	0.5	0.4893044587814023	0.5	0.5	0.4601176232833289	0.51070200611235	0.5	0.44496693262756215	0.5	0.5104786873476891	0.5109286213268106	0.45805842425140014	0.5	0.5	0.5	0.5	0.5	0.5	0.48930445878140216	0.5
TSs138B	0	0.4941566206897498	0.016457172540518004	1	0.5	0.5	0.4893044587814023	0.5	0.5	0.4846006972417783	0.51070200611235	0.5	0.44496693262756215	0.5	0.5104786873476891	0.5109286213268106	0.45805842425140014	0.5	0.5	0.5	0.5	0.5	0.48478812732460036	0.48930445878140216	0.5
TSs22B	0	0.4950403981093115	0.016102720541429458	1	0.5	0.5	0.5	0.5	0.5	0.4601176232833289	0.51070200611235	0.5	0.44496693262756215	0.5	0.5104786873476891	0.5109286213268106	0.4895215053824855	0.5	0.5	0.5	0.5	0.5	0.48478812732460036	0.48930445878140216	0.5
TSs287	0	0.4924082093797552	0.017306620262335076	1	0.5	0.5	0.5	0.4847881273246004	0.5	0.4601176232833289	0.5	0.5	0.44496693262756215	0.5	0.5	0.5109286213268106	0.45805842425140014	0.5	0.5	0.5	0.5	0.5	0.5	0.48930445878140216	0.5
TSs383	0	0.4976763038124055	0.011373199334108727	1	0.5	0.5	0.4893044587814023	0.5	0.5	0.4846006972417783	0.51070200611235	0.5	0.5	0.5	0.5104786873476891	0.5109286213268106	0.45805842425140014	0.5	0.5	0.5	0.5	0.5	0.5	0.4894531811866786	0.5
TSs314A	0	0.4990475566273231	0.008895014268860302	1	0.5	0.5220245763602924	0.4893044587814023	0.5	0.5	0.4846006972417783	0.5	0.5	0.5	0.5	0.5104786873476891	0.5109286213268106	0.4895215053824855	0.5	0.5	0.5	0.5	0.5	0.48478812732460036	0.48930445878140216	0.5
TSs30	1	0.4945157097112182	0.015331637404927052	1	0.5	0.5220245763602924	0.5	0.4847881273246004	0.5	0.4601176232833289	0.5	0.51313618892148	0.5	0.5	0.5	0.477947945571984	0.45805842425140014	0.5	0.5	0.5	0.5	0.5	0.48478812732460036	0.4894531811866786	0.5
TSs291	1	0.4945157097112182	0.015331637404927052	1	0.5	0.5220245763602924	0.5	0.4847881273246004	0.5	0.4601176232833289	0.5	0.51313618892148	0.5	0.5	0.5	0.477947945571984	0.45805842425140014	0.5	0.5	0.5	0.5	0.5	0.48478812732460036	0.4894531811866786	0.5
TSs157A	0	0.49759159719808865	0.015073869955750831	1	0.5	0.5220245763602924	0.4893044587814023	0.5	0.5	0.4846006972417783	0.51070200611235	0.5	0.44496693262756215	0.5	0.5104786873476891	0.5109286213268106	0.4895215053824855	0.5	0.5	0.5	0.5	0.5	0.5	0.48930445878140216	0.5
TSs27	0	0.4958861213355135	0.015667838311963844	1	0.5	0.5226058423413513	0.5	0.4847881273246004	0.5	0.4846006972417783	0.51070200611235	0.51313618892148	0.44496693262756215	0.5	0.5	0.477947945571984	0.4895215053824855	0.5	0.5	0.5	0.5	0.5	0.5	0.4894531811866786	0.5
TSs363	0	0.496490368380074	0.013958180752628477	1	0.5	0.5	0.4893044587814023	0.5	0.5	0.4846006972417783	0.51070200611235	0.5	0.44496693262756215	0.5	0.5104786873476891	0.5109286213268106	0.4895215053824855	0.5	0.5	0.5	0.5	0.5	0.5	0.48930445878140216	0.5
TSs9	0	0.49662619165408345	0.012792312654213406	1	0.5	0.5226058423413513	0.4893044587814023	0.5	0.5	0.4846006972417783	0.51070200611235	0.5	0.5	0.5	0.5	0.477947945571984	0.45805842425140014	0.5	0.5	0.5	0.5	0.5	0.5	0.48930445878140216	0.5
TSs151B	0	0.4928738028454003	0.015679320248358813	1	0.5	0.5	0.48848686229804894	0.5	0.5	0.4591687760137809	0.5	0.5	0.44496693262756215	0.5	0.509687754252733	0.47713058993025037	0.4887306830042276	0.5	0.5	0.5	0.5	0.5	0.5	0.48930445878140216	0.5
TSs133	1	0.49450975361006044	0.015395017177016766	1	0.5	0.5220245763602924	0.5	0.4853983035049631	0.5	0.46013299977536953	0.5	0.5134715900330415	0.5	0.5	0.5	0.47686786976486195	0.45805842425140014	0.5	0.5	0.5	0.5	0.5	0.48478812732460036	0.4894531811866786	0.5
TSs155	0	0.4968600668633717	0.015378346442651897	1	0.5	0.5226058423413513	0.4893044587814023	0.5	0.5	0.4846006972417783	0.51070200611235	0.5	0.44496693262756215	0.5	0.5104786873476891	0.5109286213268106	0.4895215053824855	0.5	0.5	0.5	0.5	0.5	0.48478812732460036	0.48930445878140216	0.5
TSs209	0	0.496490368380074	0.013958180752628477	1	0.5	0.5	0.4893044587814023	0.5	0.5	0.4846006972417783	0.51070200611235	0.5	0.44496693262756215	0.5	0.5104786873476891	0.5109286213268106	0.4895215053824855	0.5	0.5	0.5	0.5	0.5	0.5	0.48930445878140216	0.5
TSs136	0	0.4992528644422413	0.006000594027382132	1	0.5	0.5	0.5	0.5	0.5	0.4846006972417783	0.51070200611235	0.5	0.5	0.5	0.5	0.5109286213268106	0.4895215053824855	0.5	0.5	0.5	0.5	0.5	0.5	0.48930445878140216	0.5
TSs22A	0	0.4941346734550738	0.015850895573475333	1	0.5	0.5	0.4893044587814023	0.4853983035049631	0.5	0.46013299977536953	0.5	0.51313618892148	0.44496693262756215	0.5	0.5	0.5109286213268106	0.4895215053824855	0.5	0.5	0.5	0.5	0.5	0.5	0.48930445878140216	0.5
TSs357	0	0.49702514544100396	0.013873006496501113	1	0.5	0.5	0.5	0.5	0.5	0.4846006972417783	0.51070200611235	0.5	0.44496693262756215	0.5	0.5104786873476891	0.5109286213268106	0.4895215053824855	0.5	0.5	0.5	0.5	0.5	0.5	0.48930445878140216	0.5
TSs161	0	0.49470124888232025	0.01332878586432017	1	0.5	0.5	0.4893044587814023	0.4853983035049631	0.5	0.4846006972417783	0.5	0.5	0.44496693262756215	0.5	0.5	0.5109286213268106	0.4895215053824855	0.5	0.5	0.5	0.5	0.5	0.5	0.48930445878140216	0.5
TSs11	0	0.500383156559309	0.007958403717104988	1	0.5	0.5226058423413513	0.5	0.5	0.5	0.4846006972417783	0.51070200611235	0.5	0.5	0.5	0.5	0.5109286213268106	0.4895215053824855	0.5	0.5	0.5	0.5	0.5	0.5	0.48930445878140216	0.5
TSs5A	0	0.496490368380074	0.013958180752628477	1	0.5	0.5	0.4893044587814023	0.5	0.5	0.4846006972417783	0.51070200611235	0.5	0.44496693262756215	0.5	0.5104786873476891	0.5109286213268106	0.4895215053824855	0.5	0.5	0.5	0.5	0.5	0.5	0.48930445878140216	0.5
TSs131	0	0.496490368380074	0.013958180752628477	1	0.5	0.5	0.4893044587814023	0.5	0.5	0.4846006972417783	0.51070200611235	0.5	0.44496693262756215	0.5	0.5104786873476891	0.5109286213268106	0.4895215053824855	0.5	0.5	0.5	0.5	0.5	0.5	0.48930445878140216	0.5
TSs294	0	0.5004578144315417	0.007179045554425037	1	0.5	0.5	0.5	0.5	0.5	0.4846006972417783	0.51070200611235	0.5134715900330415	0.5	0.5	0.5104786873476891	0.5109286213268106	0.4895215053824855	0.5	0.5	0.5	0.5	0.5	0.5	0.4894531811866786	0.5
TSs378	0	0.497698724942656	0.014344093721180427	1	0.5	0.5	0.5	0.5	0.5	0.4846006972417783	0.51070200611235	0.5134715900330415	0.44496693262756215	0.5	0.5104786873476891	0.5109286213268106	0.4895215053824855	0.5	0.5	0.5	0.5	0.5	0.5	0.48930445878140216	0.5
TSs336	0	0.49576771967558597	0.01414202781085446	1	0.5	0.5	0.4893044587814023	0.4853983035049631	0.5	0.4846006972417783	0.51070200611235	0.5	0.44496693262756215	0.5	0.5104786873476891	0.5109286213268106	0.4895215053824855	0.5	0.5	0.5	0.5	0.5	0.5	0.4894531811866786	0.5
TSs111	0	0.4925330050532956	0.01796584241008934	1	0.5	0.5	0.5	0.5	0.5	0.46013299977536953	0.51070200611235	0.5	0.44496693262756215	0.5	0.5104786873476891	0.47686786976486195	0.45805842425140014	0.5	0.5	0.5	0.5	0.5	0.5	0.4894531811866786	0.5
TSs56	0	0.49596049230846945	0.018056911588218583	1	0.5	0.5226058423413513	0.4893044587814023	0.5	0.5	0.4846006972417783	0.51070200611235	0.5134715900330415	0.44496693262756215	0.5	0.5104786873476891	0.5109286213268106	0.45805842425140014	0.5	0.5	0.5	0.5	0.5	0.48478812732460036	0.48930445878140216	0.5
TSs3A	0	0.49770616106291976	0.014339550845359254	1	0.5	0.5	0.5	0.5	0.5	0.4846006972417783	0.51070200611235	0.5134715900330415	0.44496693262756215	0.5	0.5104786873476891	0.5109286213268106	0.4895215053824855	0.5	0.5	0.5	0.5	0.5	0.5	0.4894531811866786	0.5
TSs95	0	0.49418712949876786	0.01643944689293527	1	0.5	0.5	0.4893044587814023	0.4853983035049631	0.5	0.4846006972417783	0.51070200611235	0.5	0.44496693262756215	0.5	0.5104786873476891	0.5109286213268106	0.45805842425140014	0.5	0.5	0.5	0.5	0.5	0.5	0.48930445878140216	0.5
TSs2	0	0.49762066049714165	0.015123934758928833	1	0.5	0.5226058423413513	0.4893044587814023	0.5	0.5	0.4846006972417783	0.51070200611235	0.5	0.44496693262756215	0.5	0.5104786873476891	0.5109286213268106	0.4895215053824855	0.5	0.5	0.5	0.5	0.5	0.5	0.48930445878140216	0.5
TSs44C	0	0.4959552680744565	0.01358483211617902	1	0.5	0.5	0.4893044587814023	0.5	0.5	0.4846006972417783	0.5	0.5	0.44496693262756215	0.5	0.5104786873476891	0.5109286213268106	0.4895215053824855	0.5	0.5	0.5	0.5	0.5	0.5	0.48930445878140216	0.5
TSs201	0	0.496490368380074	0.013958180752628477	1	0.5	0.5	0.4893044587814023	0.5	0.5	0.4846006972417783	0.51070200611235	0.5	0.44496693262756215	0.5	0.5104786873476891	0.5109286213268106	0.4895215053824855	0.5	0.5	0.5	0.5	0.5	0.5	0.48930445878140216	0.5
TSs217	0	0.4981755322994242	0.010939981450267689	1	0.5	0.5	0.4893044587814023	0.5	0.5	0.460129283165715	0.51070200611235	0.5134715900330415	0.5	0.5	0.5	0.5109286213268106	0.4895215053824855	0.5	0.5	0.5	0.5	0.5	0.5	0.4894531811866786	0.5
TSs168	0	0.49632496655775415	0.015054131270855624	1	0.5	0.5226058423413513	0.4893044587814023	0.5	0.5	0.4846006972417783	0.5	0.5	0.44496693262756215	0.5	0.5104786873476891	0.5109286213268106	0.4895215053824855	0.5	0.5	0.5	0.5	0.5	0.48478812732460036	0.48930445878140216	0.5
TSs98	1	0.496490368380074	0.013958180752628477	1	0.5	0.5	0.4893044587814023	0.5	0.5	0.4846006972417783	0.51070200611235	0.5	0.44496693262756215	0.5	0.5104786873476891	0.5109286213268106	0.4895215053824855	0.5	0.5	0.5	0.5	0.5	0.5	0.48930445878140216	0.5
TSs116	0	0.496490368380074	0.013958180752628477	1	0.5	0.5	0.4893044587814023	0.5	0.5	0.4846006972417783	0.51070200611235	0.5	0.44496693262756215	0.5	0.5104786873476891	0.5109286213268106	0.4895215053824855	0.5	0.5	0.5	0.5	0.5	0.5	0.48930445878140216	0.5
TSs53	1	0.49453881690911344	0.015450144542408577	1	0.5	0.5226058423413513	0.5	0.4853983035049631	0.5	0.46013299977536953	0.5	0.5134715900330415	0.5	0.5	0.5	0.47686786976486195	0.45805842425140014	0.5	0.5	0.5	0.5	0.5	0.48478812732460036	0.4894531811866786	0.5
TSs63A	0	0.49356376009817343	0.016039143253407526	1	0.5	0.5	0.4893044587814023	0.5	0.5	0.460129283165715	0.51070200611235	0.5	0.44496693262756215	0.5	0.5104786873476891	0.47686786976486195	0.4895215053824855	0.5	0.5	0.5	0.5	0.5	0.5	0.48930445878140216	0.5
TSs158	1	0.49459532223221314	0.014784448910693193	1	0.5	0.5226058423413513	0.5	0.5	0.5	0.46013299977536953	0.5	0.5	0.5	0.5	0.5	0.47686786976486195	0.45805842425140014	0.5	0.5	0.5	0.5	0.5	0.48478812732460036	0.4894531811866786	0.5
TSs269	0	0.49573721086656786	0.014166212772840378	1	0.5	0.5	0.4893044587814023	0.5	0.5	0.4846006972417783	0.51070200611235	0.5	0.44496693262756215	0.5	0.5104786873476891	0.5109286213268106	0.4895215053824855	0.5	0.5	0.5	0.5	0.5	0.48478812732460036	0.4894531811866786	0.5
TSs317	0	0.4927958291066634	0.016086185769564068	1	0.5	0.5	0.4893044587814023	0.5	0.5	0.460129283165715	0.51070200611235	0.5	0.44496693262756215	0.5	0.5104786873476891	0.4767211226100601	0.4895215053824855	0.5	0.5	0.5	0.5	0.5	0.48478812732460036	0.48930445878140216	0.5
TSs49A	0	0.49520584037891957	0.013784152844181897	1	0.5	0.5	0.4893044587814023	0.5	0.5	0.4846006972417783	0.51070200611235	0.5	0.44496693262756215	0.5	0.5	0.5109286213268106	0.4895215053824855	0.5	0.5	0.5	0.5	0.5	0.48478812732460036	0.48930445878140216	0.5
TSs417	1	0.4939965166599607	0.015445299355185193	1	0.5	0.5226058423413513	0.4893044587814023	0.4853983035049631	0.5	0.460129283165715	0.5	0.5134715900330415	0.5	0.5	0.5	0.4767211226100601	0.45805842425140014	0.5	0.5	0.5	0.5	0.5	0.48478812732460036	0.4894531811866786	0.5
TSs195	0	0.4964978045003378	0.013954190069567723	1	0.5	0.5	0.4893044587814023	0.5	0.5	0.4846006972417783	0.51070200611235	0.5	0.44496693262756215	0.5	0.5104786873476891	0.5109286213268106	0.4895215053824855	0.5	0.5	0.5	0.5	0.5	0.5	0.4894531811866786	0.5
TSs371	1	0.49506639402650815	0.015839247374420322	1	0.5	0.5226058423413513	0.5	0.4853983035049631	0.5	0.460129283165715	0.51070200611235	0.5134715900330415	0.5	0.5	0.5	0.4767211226100601	0.45805842425140014	0.5	0.5	0.5	0.5	0.5	0.48478812732460036	0.4894531811866786	0.5
TSs23	0	0.4945846856804145	0.014295581566375372	1	0.5	0.5	0.5	0.4853983035049631	0.5	0.4846006972417783	0.51070200611235	0.5	0.44496693262756215	0.5	0.5104786873476891	0.4767211226100601	0.4895215053824855	0.5	0.5	0.5	0.5	0.5	0.5	0.48930445878140216	0.5
TSs51	0	0.496490368380074	0.013958180752628477	1	0.5	0.5	0.4893044587814023	0.5	0.5	0.4846006972417783	0.51070200611235	0.5	0.44496693262756215	0.5	0.5104786873476891	0.5109286213268106	0.4895215053824855	0.5	0.5	0.5	0.5	0.5	0.5	0.48930445878140216	0.5
TSs59B	0	0.496490368380074	0.013958180752628477	1	0.5	0.5	0.4893044587814023	0.5	0.5	0.4846006972417783	0.51070200611235	0.5	0.44496693262756215	0.5	0.5104786873476891	0.5109286213268106	0.4895215053824855	0.5	0.5	0.5	0.5	0.5	0.5	0.48930445878140216	0.5
TSs365	0	0.4952667976762709	0.01598125072732495	1	0.5	0.5	0.4893044587814023	0.5	0.5	0.460129283165715	0.51070200611235	0.5	0.44496693262756215	0.5	0.5104786873476891	0.5109286213268106	0.4895215053824855	0.5	0.5	0.5	0.5	0.5	0.5	0.48930445878140216	0.5
TSs224	0	0.499915601250348	0.007611758360069967	1	0.5	0.5	0.4893044587814023	0.5	0.5	0.4846006972417783	0.51070200611235	0.5134715900330415	0.5	0.5	0.5104786873476891	0.5109286213268106	0.4895215053824855	0.5	0.5	0.5	0.5	0.5	0.5	0.48930445878140216	0.5
TSs325	0	0.496490368380074	0.013958180752628477	1	0.5	0.5	0.4893044587814023	0.5	0.5	0.4846006972417783	0.51070200611235	0.5	0.44496693262756215	0.5	0.5104786873476891	0.5109286213268106	0.4895215053824855	0.5	0.5	0.5	0.5	0.5	0.5	0.48930445878140216	0.5
TSs119A	0	0.49425232925888285	0.013750024900356917	1	0.5	0.5	0.4893044587814023	0.5	0.5	0.4846006972417783	0.5	0.5	0.44496693262756215	0.5	0.5104786873476891	0.4767211226100601	0.4895215053824855	0.5	0.5	0.5	0.5	0.5	0.5	0.4894531811866786	0.5
TSs166	1	0.49453129372089066	0.015459445837134909	1	0.5	0.5226058423413513	0.5	0.4853983035049631	0.5	0.460129283165715	0.5	0.5134715900330415	0.5	0.5	0.5	0.4767211226100601	0.45805842425140014	0.5	0.5	0.5	0.5	0.5	0.48478812732460036	0.4894531811866786	0.5
TSs297	0	0.4990201146032763	0.010060028200319926	1	0.5	0.5226058423413513	0.4893044587814023	0.4853983035049631	0.5	0.4846006972417783	0.5	0.5134715900330415	0.5	0.5	0.5104786873476891	0.5109286213268106	0.4895215053824855	0.5	0.5	0.5	0.5	0.5	0.48478812732460036	0.48930445878140216	0.5
TSs338	0	0.49474286330888645	0.015624068130221538	1	0.5	0.5	0.4893044587814023	0.5	0.5	0.460129283165715	0.51070200611235	0.5	0.44496693262756215	0.5	0.5	0.5109286213268106	0.4895215053824855	0.5	0.5	0.5	0.5	0.5	0.5	0.48930445878140216	0.5
TSs293	0	0.49523634918793774	0.013760536520879897	1	0.5	0.5	0.4893044587814023	0.4853983035049631	0.5	0.4846006972417783	0.51070200611235	0.5	0.44496693262756215	0.5	0.5	0.5109286213268106	0.4895215053824855	0.5	0.5	0.5	0.5	0.5	0.5	0.48930445878140216	0.5
TSs24	0	0.49714120350678803	0.010972807527313954	1	0.5	0.5	0.4893044587814023	0.5	0.5	0.4846006972417783	0.5	0.5	0.5	0.5	0.5104786873476891	0.5109286213268106	0.45805842425140014	0.5	0.5	0.5	0.5	0.5	0.5	0.4894531811866786	0.5
TSs334	0	0.49629506061625206	0.014090719402872228	1	0.5	0.5	0.5	0.4853983035049631	0.5	0.4846006972417783	0.51070200611235	0.5	0.44496693262756215	0.5	0.5104786873476891	0.5109286213268106	0.4895215053824855	0.5	0.5	0.5	0.5	0.5	0.5	0.48930445878140216	0.5
TSs1A	0	0.49640452591360223	0.01709106787507061	1	0.5	0.5226058423413513	0.4893044587814023	0.5	0.5	0.460129283165715	0.51070200611235	0.5	0.44496693262756215	0.5	0.5104786873476891	0.5109286213268106	0.4895215053824855	0.5	0.5	0.5	0.5	0.5	0.5	0.4894531811866786	0.5
TSs266	0	0.49432560869480247	0.01659679520038761	1	0.5	0.5	0.4893044587814023	0.4853983035049631	0.5	0.4846006972417783	0.5	0.5134715900330415	0.44496693262756215	0.5	0.5104786873476891	0.5109286213268106	0.45805842425140014	0.5	0.5	0.5	0.5	0.5	0.5	0.48930445878140216	0.5
TSs277	0	0.49759159719808865	0.015073869955750831	1	0.5	0.5220245763602924	0.4893044587814023	0.5	0.5	0.4846006972417783	0.51070200611235	0.5	0.44496693262756215	0.5	0.5104786873476891	0.5109286213268106	0.4895215053824855	0.5	0.5	0.5	0.5	0.5	0.5	0.48930445878140216	0.5
TSs60B	0	0.49870692144307843	0.006372321680328603	1	0.5	0.5	0.4893044587814023	0.5	0.5	0.4846006972417783	0.5	0.5	0.5	0.5	0.5104786873476891	0.5109286213268106	0.4895215053824855	0.5	0.5	0.5	0.5	0.5	0.5	0.48930445878140216	0.5
TSs303	0	0.49298102281484224	0.016466216802202213	1	0.5	0.5	0.5	0.5	0.5	0.4846006972417783	0.51070200611235	0.5	0.44496693262756215	0.5	0.5104786873476891	0.4767211226100601	0.45805842425140014	0.5	0.5	0.5	0.5	0.5	0.48478812732460036	0.48930445878140216	0.5
TSs120	0	0.49473188320113615	0.015611704153922953	1	0.5	0.5	0.4893044587814023	0.5	0.5	0.46013299977536953	0.5	0.5	0.44496693262756215	0.5	0.5104786873476891	0.5109286213268106	0.4895215053824855	0.5	0.5	0.5	0.5	0.5	0.5	0.48930445878140216	0.5
TSs132	1	0.496490368380074	0.013958180752628477	1	0.5	0.5	0.4893044587814023	0.5	0.5	0.4846006972417783	0.51070200611235	0.5	0.44496693262756215	0.5	0.5104786873476891	0.5109286213268106	0.4895215053824855	0.5	0.5	0.5	0.5	0.5	0.5	0.48930445878140216	0.5
TSs78	1	0.49505522808827507	0.015827719383758695	1	0.5	0.5226058423413513	0.5	0.4853983035049631	0.5	0.460129283165715	0.5	0.5134715900330415	0.5	0.5	0.5104786873476891	0.4767211226100601	0.45805842425140014	0.5	0.5	0.5	0.5	0.5	0.48478812732460036	0.4894531811866786	0.5
TSs61	0	0.4992420217486959	0.006913018023537443	1	0.5	0.5	0.4893044587814023	0.5	0.5	0.4846006972417783	0.51070200611235	0.5	0.5	0.5	0.5104786873476891	0.5109286213268106	0.4895215053824855	0.5	0.5	0.5	0.5	0.5	0.5	0.48930445878140216	0.5
TSs60	0	0.496490368380074	0.013958180752628477	1	0.5	0.5	0.4893044587814023	0.5	0.5	0.4846006972417783	0.51070200611235	0.5	0.44496693262756215	0.5	0.5104786873476891	0.5109286213268106	0.4895215053824855	0.5	0.5	0.5	0.5	0.5	0.5	0.48930445878140216	0.5
TSs274	1	0.4970022622904981	0.015053289109649712	1	0.5	0.5226058423413513	0.5	0.4853983035049631	0.5	0.460129283165715	0.5	0.5134715900330415	0.5	0.5	0.5	0.5109286213268106	0.45805842425140014	0.5	0.5	0.5	0.5	0.5	0.5	0.4894531811866786	0.5
TSs10A	0	0.496490368380074	0.013958180752628477	1	0.5	0.5	0.4893044587814023	0.5	0.5	0.4846006972417783	0.51070200611235	0.5	0.44496693262756215	0.5	0.5104786873476891	0.5109286213268106	0.4895215053824855	0.5	0.5	0.5	0.5	0.5	0.5	0.48930445878140216	0.5
TSs96	0	0.4966362836963724	0.014115380770402777	1	0.5	0.5	0.4893044587814023	0.5	0.5	0.4846006972417783	0.5	0.5134715900330415	0.44496693262756215	0.5	0.5104786873476891	0.5109286213268106	0.4895215053824855	0.5	0.5	0.5	0.5	0.5	0.5	0.4894531811866786	0.5
TSs282	0	0.496490368380074	0.013958180752628477	1	0.5	0.5	0.4893044587814023	0.5	0.5	0.4846006972417783	0.51070200611235	0.5	0.44496693262756215	0.5	0.5104786873476891	0.5109286213268106	0.4895215053824855	0.5	0.5	0.5	0.5	0.5	0.5	0.48930445878140216	0.5
TSs56A	0	0.496490368380074	0.013958180752628477	1	0.5	0.5	0.4893044587814023	0.5	0.5	0.4846006972417783	0.51070200611235	0.5	0.44496693262756215	0.5	0.5104786873476891	0.5109286213268106	0.4895215053824855	0.5	0.5	0.5	0.5	0.5	0.5	0.48930445878140216	0.5
TSs296	0	0.49543680289031056	0.014737548073693076	1	0.5	0.5	0.4893044587814023	0.5	0.5	0.4846006972417783	0.51070200611235	0.51313618892148	0.44496693262756215	0.5	0.5104786873476891	0.4767211226100601	0.4895215053824855	0.5	0.5	0.5	0.5	0.5	0.5	0.48930445878140216	0.5
TSs33	0	0.49226091463152855	0.01563034415428421	1	0.5	0.5	0.4893044587814023	0.4847881273246004	0.5	0.46013299977536953	0.5	0.5	0.44496693262756215	0.5	0.5104786873476891	0.4767211226100601	0.4895215053824855	0.5	0.5	0.5	0.5	0.5	0.5	0.48930445878140216	0.5
TSs311	1	0.49453129372089066	0.015459445837134909	1	0.5	0.5226058423413513	0.5	0.4853983035049631	0.5	0.460129283165715	0.5	0.5134715900330415	0.5	0.5	0.5	0.4767211226100601	0.45805842425140014	0.5	0.5	0.5	0.5	0.5	0.48478812732460036	0.4894531811866786	0.5
TSs68	1	0.4957548644246937	0.013428310151716766	1	0.5	0.5226058423413513	0.5	0.4853983035049631	0.5	0.4846006972417783	0.5	0.5134715900330415	0.5	0.5	0.5	0.4767211226100601	0.45805842425140014	0.5	0.5	0.5	0.5	0.5	0.48478812732460036	0.4894531811866786	0.5
TSs104	0	0.4992420217486959	0.006913018023537443	1	0.5	0.5	0.4893044587814023	0.5	0.5	0.4846006972417783	0.51070200611235	0.5	0.5	0.5	0.5104786873476891	0.5109286213268106	0.4895215053824855	0.5	0.5	0.5	0.5	0.5	0.5	0.48930445878140216	0.5
TSs58	0	0.4932925593749188	0.014331856738279424	1	0.5	0.5	0.4893044587814023	0.4847881273246004	0.5	0.4846006972417783	0.51070200611235	0.5	0.44496693262756215	0.5	0.5104786873476891	0.47739618657450383	0.4895215053824855	0.5	0.5	0.5	0.5	0.5	0.48478812732460036	0.48930445878140216	0.5
TSs358	1	0.4996485397137425	0.02598022848683264	1	0.5	0.557236159412877	0.5	0.5144737074683742	0.5	0.46109764215459864	0.5	0.541795845760814	0.44496693262756215	0.5	0.5	0.5136641123359718	0.45805842425140014	0.5	0.5	0.5	0.5	0.5	0.48478812732460036	0.48930445878140216	0.5275853841572485
TSs82	0	0.49630706919693424	0.015012382709962533	1	0.5	0.5220245763602924	0.4893044587814023	0.5	0.5	0.4846006972417783	0.51070200611235	0.5	0.44496693262756215	0.5	0.5	0.5109286213268106	0.4895215053824855	0.5	0.5	0.5	0.5	0.5	0.48478812732460036	0.48930445878140216	0.5
TSs15	1	0.49448889058594636	0.015361671845666254	1	0.5	0.5220245763602924	0.5	0.4847881273246004	0.5	0.46013299977536953	0.5	0.51313618892148	0.5	0.5	0.5	0.47739618657450383	0.45805842425140014	0.5	0.5	0.5	0.5	0.5	0.48478812732460036	0.4894531811866786	0.5
TSs3	0	0.496490368380074	0.013958180752628477	1	0.5	0.5	0.4893044587814023	0.5	0.5	0.4846006972417783	0.51070200611235	0.5	0.44496693262756215	0.5	0.5104786873476891	0.5109286213268106	0.4895215053824855	0.5	0.5	0.5	0.5	0.5	0.5	0.48930445878140216	0.5
TSs4	0	0.496490368380074	0.013958180752628477	1	0.5	0.5	0.4893044587814023	0.5	0.5	0.4846006972417783	0.51070200611235	0.5	0.44496693262756215	0.5	0.5104786873476891	0.5109286213268106	0.4895215053824855	0.5	0.5	0.5	0.5	0.5	0.5	0.48930445878140216	0.5
TSs331	0	0.49780174277083117	0.011550584325695189	1	0.5	0.5	0.4893044587814023	0.5	0.5	0.4846006972417783	0.51070200611235	0.51313618892148	0.5	0.5	0.5	0.5109286213268106	0.45805842425140014	0.5	0.5	0.5	0.5	0.5	0.5	0.48930445878140216	0.5
TSs314B	0	0.49645291893908505	0.013891001211757951	1	0.5	0.5	0.4893044587814023	0.5	0.5	0.46013299977536953	0.51070200611235	0.5	0.5	0.5	0.5104786873476891	0.5109286213268106	0.45805842425140014	0.5	0.5	0.5	0.5	0.5	0.5	0.4894531811866786	0.5
TSs333	0	0.49324059258590447	0.016343578238290076	1	0.5	0.5	0.4893044587814023	0.5	0.5	0.4846006972417783	0.51070200611235	0.5	0.44496693262756215	0.5	0.5104786873476891	0.47739618657450383	0.45805842425140014	0.5	0.5	0.5	0.5	0.5	0.5	0.48930445878140216	0.5
TSs7	0	0.4965900637203566	0.015453435484500865	1	0.5	0.5220245763602924	0.5	0.5	0.5	0.4846006972417783	0.51070200611235	0.51313618892148	0.44496693262756215	0.5	0.5	0.47739618657450383	0.4895215053824855	0.5	0.5	0.5	0.5	0.5	0.5	0.4894531811866786	0.5
TSs38	0	0.4949691811125341	0.01433573936136913	1	0.5	0.5	0.4893044587814023	0.4847881273246004	0.5	0.4846006972417783	0.51070200611235	0.5	0.44496693262756215	0.5	0.5104786873476891	0.5109286213268106	0.4895215053824855	0.5	0.5	0.5	0.5	0.5	0.48478812732460036	0.48930445878140216	0.5
TSs10	1	0.49448889058594636	0.015361671845666254	1	0.5	0.5220245763602924	0.5	0.4847881273246004	0.5	0.46013299977536953	0.5	0.51313618892148	0.5	0.5	0.5	0.47739618657450383	0.45805842425140014	0.5	0.5	0.5	0.5	0.5	0.48478812732460036	0.4894531811866786	0.5
TSs48	0	0.4941674633832953	0.016098817396277474	1	0.5	0.5	0.5	0.5	0.5	0.4846006972417783	0.51070200611235	0.5	0.44496693262756215	0.5	0.5	0.5109286213268106	0.45805842425140014	0.5	0.5	0.5	0.5	0.5	0.48478812732460036	0.48930445878140216	0.5
