ID	ID	Class	Mean	stdev	Predicted_0.02	Median	score_0	score_1	score_2	score_3	score_4	score_5	score_6	score_7	score_8	score_9	score_10	score_11	score_12	score_13	score_14	score_15	score_16	score_17	score_18	score_19
TSs156A	0	0.7864448852719756	0.23632689462763742	1	0.8679798060477704	0.9324317056773923	0.9077242037005588	0.8062270393879006	0.5544885048843458	0.6283804291981266	0.7831401411836045	0.9674818704803959	0.7522823091329672	0.8918672588366835	0.823046503361273	0.8943617056082791	0.9921310275411745	0.8440923532588573	0.9835550200109886	0.1570024088903553	0.9191587671535105	0.7465942133335194	0.9778447811532948	0.9503218363992002	0.21676562624708634
TSs361	0	0.603804249786956	0.36600206672188046	1	0.7643667662601974	0.9671672474856151	0.3020718968569659	0.8463105617061858	0.21000974016429586	0.017262611513571228	0.02164126035453681	0.9612955487493656	0.6824229708142089	0.933909735381978	0.19511246872006802	0.5395280044059918	0.914817812775215	0.880820909133011	0.9900303895268152	0.39676964227744116	0.47984706302973124	0.8621068921259352	0.9679042262122344	0.8927639740972273	0.014292040408727112
TSs368	0	0.7412801370729589	0.18179601820626948	1	0.8030614633144282	0.781764041809586	0.9260574509273594	0.9349922090427393	0.8151740529198414	0.48429875099764136	0.60757861071058	0.5962270043821846	0.9120761314790744	0.29130876079965723	0.8374915758916857	0.8849063458031853	0.8086182361033233	0.7975046905255332	0.4949313648694724	0.7922210681956205	0.8956368980137774	0.6775450456632918	0.8509189584538859	0.5301087519963228	0.9062427928744183
TSs49	0	0.2429235287568626	0.19412574189396234	1	0.19795352326432925	0.2917157404539216	0.10278128647759871	0.43192575354769264	0.23706882419624167	0.03377523736266775	0.1435481639612032	0.11333636910098752	0.26657610927227476	0.34188043117433786	0.10574605977427051	0.2484263546866997	0.07188618632071878	0.0997257146915521	0.23781484914589363	0.1135333324780838	0.30397402751269026	0.8575148591720183	0.15883822233241682	0.5504304123508582	0.147972641125125
TSs138B	1	0.4888794551576634	0.2682760248711639	1	0.5142833526438566	0.4888520915049374	0.5767384610209413	0.28250999004311855	0.18021232175979784	0.01950859719527883	0.18076250592362017	0.9071627188067738	0.4409267829159595	0.5438028303104697	0.7104857330095812	0.6952268560036037	0.9395935551045176	0.5919313154654878	0.7461956836588935	0.3057129092561291	0.8137278813303931	0.2904860787879783	0.4500995802558449	0.5397146137827759	0.07393859701716557
TSs22B	0	0.27936092701425735	0.24874493004176162	1	0.1842630490273524	0.10198124156151979	0.21847936964898315	0.6613548005733476	0.11963300101010453	0.1485607599476031	0.07673366683965377	0.03824327429444812	0.24028027749515699	0.296623555445139	0.26553917655253506	0.18898810500879695	0.8490743156973227	0.0776489800143752	0.10647061972141193	0.17953799304590784	0.09427083724052544	0.8141051904643557	0.4252327028430025	0.551999639977127	0.13246103290383004
TSs287	0	0.507367930605089	0.21661063432103217	1	0.5034413000598226	0.2776581757900333	0.5920200176788674	0.5026273537965283	0.6212024804686193	0.8010502488660983	0.6447756098819524	0.18943708475445473	0.6821349803537792	0.11810512496764461	0.3123976048228379	0.503439322204031	0.8267029812376474	0.5034432779156142	0.31148983505155187	0.4229859109975074	0.7197725083443607	0.5816719586687308	0.28322945624816853	0.38632419455184297	0.8668904855015094
TSs383	0	0.3926804772208451	0.2641279202792638	1	0.3635352269216152	0.12491222825327664	0.48728761021230155	0.0717318921236678	0.692845778090702	0.6683315952143469	0.23035660024333154	0.28421443913300315	0.46155866301197984	0.29832148658855595	0.0908769130285642	0.1413462903705916	0.6930144164618668	0.5176546276792617	0.18241425843504966	0.8662807917436477	0.17040970587840665	0.0423454125916327	0.42874896725467443	0.5729981763410673	0.8279596917609726
TSs314A	0	0.5593862710258674	0.20065106276117084	1	0.5614778262130168	0.16515430245054286	0.4026713385154058	0.7958927017355032	0.5459925887113966	0.7625913228758854	0.8664429229219329	0.47583108648642647	0.5508441336060311	0.6992493068735498	0.33240328394087526	0.6722156236272603	0.720297904435011	0.5721115188200024	0.7670842071422013	0.34259848782049307	0.42352264114326726	0.7352101801746714	0.30401128312397624	0.3403650537151889	0.7132355323977246
TSs30	1	0.29446083669772605	0.15171750764483893	1	0.2791036811750276	0.5239029206553458	0.22139388813773458	0.11795768361525266	0.18842717700880207	0.3693728165025894	0.24587257848796246	0.12651496782265384	0.6300558676546304	0.10166410944475676	0.21098048627301733	0.2114741777421402	0.5111059758707365	0.31718374785458264	0.0992792497039671	0.2910642983839892	0.27074702878095264	0.5092892103271391	0.3638067329667882	0.2874603335691026	0.2916634831523782
TSs291	0	0.14789449089416778	0.21944189161603364	1	0.059551671934563205	0.02176515817375688	0.08933315236656911	0.050273945198228594	0.315318088582952	0.06882939867089782	0.024614676074407416	0.07594382120052068	0.04294127445484717	0.011426882193181914	0.01513751191852813	0.1903240425711206	0.045777602892347065	0.28227431258471697	0.04618836662574424	0.8217012978693502	0.08415494933134086	0.013115303114984187	0.011871155749095566	0.10231647108848796	0.6445824072222783
TSs157A	0	0.8923605901677147	0.1481149322486005	1	0.9765318293308842	0.9447612683480933	0.9878695737479073	0.7871693138823499	0.802379809450644	0.9906257223305462	0.9407560478171919	0.9689998465925654	0.9997283353258489	0.47006783853289047	0.6876083472362466	0.984063812069203	0.9973313530696751	0.9854427203156955	0.6385560602678099	0.9859712430817904	0.9931905123045092	0.8396149974206687	0.9907913812612684	0.8556193959405203	0.9966642243588699
TSs27	1	0.16139916763108808	0.06752446547206994	1	0.15956386879805395	0.27580712462616586	0.157487056373545	0.1616406812225629	0.11522349872266978	0.060777086492420175	0.19898689658978558	0.20781286317410486	0.29041072431633164	0.1080622456684672	0.09675809536359754	0.1624558855004087	0.2607189800631669	0.10388962504391183	0.1346180518339734	0.20075264925804678	0.13655259560191282	0.1954313825660517	0.08479245862092974	0.06772965681303253	0.2080757947706764
TSs363	0	0.8543102846700213	0.20223956814450783	1	0.9415477722601993	0.9908764124184589	0.9805149769809165	0.9293941769612049	0.32054132585663236	0.7565926132967492	0.8103671246124905	0.9925155241997474	0.9658815746906326	0.9424795343941738	0.9406160101262249	0.8151904373856531	0.9573924445460563	0.724530410256546	0.9951091918204562	0.3217090842831248	0.9881794685453067	0.928127196929124	0.9938573620913198	0.9613711380148987	0.7709596859907144
TSs9	0	0.4698862975276278	0.18783601916323348	1	0.48412389120166543	0.26215225130093067	0.5675666972813884	0.48046706399760347	0.3246418572162154	0.738054468909361	0.1604351695663712	0.5716408149341208	0.5565857189304443	0.2780275003451668	0.5933304666199857	0.3209886723624782	0.8200528177971862	0.3812037592404278	0.18943481642243987	0.33180467719382895	0.4263317518737743	0.4877807184057274	0.7587654848287756	0.5512750978875366	0.5971861454387922
TSs133	0	0.5738937485177862	0.29496374855568946	1	0.5784008902854552	0.8570288171444015	0.35561289098653265	0.4795030466569115	0.19835888481402608	0.14371165593372562	0.681631157202385	0.8466625653888586	0.3626117949411029	0.8146182251719554	0.866161576921433	0.5815451165554759	0.8602194150154799	0.22193468890058624	0.9584208894311147	0.3245182972473011	0.863784811570484	0.5752566640154345	0.9660729540284655	0.4411036945536795	0.07911782387636754
TSs155	1	0.13501003930085229	0.15095206108663758	1	0.06612693226852168	0.3370833507841469	0.058049120419467505	0.013871629866840212	0.01457461638986909	0.013816299752350159	0.026760943132194896	0.33522597053358455	0.10178522971814548	0.32888569848410776	0.05551314666307404	0.018482932121976957	0.23065589195943026	0.028403604639238054	0.574130550816601	0.06828779234450964	0.040062137011501554	0.12917688409397268	0.12993162331885968	0.1315372917746408	0.0639660721925337
TSs209	0	0.6125226033925009	0.23359344737279408	1	0.653212703525855	0.46793636282963397	0.38874319640967997	0.4873082980057876	0.903823290221324	0.45378943256924636	0.7576120280417139	0.7462328860167522	0.6882076799103628	0.536475793281288	0.09523451952036958	0.6764654175530915	0.6216696260837277	0.6299599894986186	0.8182707532246699	0.9113218039816471	0.819205594684931	0.40564920488137113	0.17984647684494454	0.7380022697098075	0.924697444581051
TSs136	0	0.5212888065355719	0.2822310515425865	1	0.535987875987742	0.1696207108306803	0.9284960745845124	0.5805679911505519	0.13561470245413354	0.7695986070920503	0.3320352243038627	0.49140776082493204	0.910519646635824	0.1394674453400033	0.1863990202457652	0.4859094998299942	0.9201516433900506	0.8196945043646159	0.24795627080847873	0.23619340253188456	0.5869439356458085	0.8497222775300006	0.607566628461951	0.37472634839911234	0.6531844362872239
TSs22A	0	0.3289347645260414	0.2514444077615055	1	0.23637359570535244	0.17899421568611698	0.20487541100736442	0.8873245869143446	0.47715080208438804	0.21945720424667695	0.6771900332491337	0.09477683873204881	0.2543905182956744	0.4552828642853235	0.1346576622138939	0.6330776259836736	0.20130645545680753	0.37228403207703437	0.30573907621362967	0.1567854306163515	0.01595967046011009	0.8146077254573616	0.25328998716402795	0.033597652795878834	0.20794749758098977
TSs357	0	0.5986487584743913	0.301875308995653	1	0.6392418657984822	0.9170307117188224	0.5699858319147367	0.5463321878754871	0.7084978996822276	0.13743446445249533	0.3308758302911549	0.9313150514441362	0.7414774779495793	0.8932708518148076	0.35830252283678754	0.4835121634821541	0.8692806567639895	0.2866493590315958	0.9667340915219044	0.5331954603816084	0.844013314591786	0.03342667688127372	0.9165711973443728	0.7745058138359738	0.13056360567293263
TSs161	1	0.2058530027274248	0.16431467910209183	1	0.1330177525390968	0.09644746630597885	0.11430669372284977	0.12432786795500467	0.10550326598869016	0.158507188737101	0.30197452752053994	0.3482289045346349	0.07218135633265262	0.08425911836017552	0.14170763712318896	0.43650989620413094	0.05949320767952922	0.3490797675486642	0.03549919500515892	0.2878708069082625	0.33409332777222783	0.27698958547570757	0.029559326843243146	0.09469597042028388	0.6658249441104713
TSs11	0	0.30563176723582935	0.21266416549308184	1	0.25913761813978065	0.20667453569109828	0.24470560282238457	0.4119372387532667	0.7735988477783848	0.04220303039781121	0.12059237924147308	0.11099344168371689	0.323769479969993	0.10197092933805744	0.10924866705475514	0.4021534741600762	0.45558062630866647	0.21296172515266198	0.1724455205165925	0.7061876201218121	0.30540354272938364	0.2735696334571768	0.13913576124629828	0.31144534131893536	0.6880579469740417
TSs5A	0	0.7450309881401986	0.18281912153009588	1	0.8017096052581794	0.709650050527345	0.7820604506296607	0.8937846171264876	0.5105878352141129	0.8213587598866979	0.9740202735010722	0.45012869001880224	0.8389951155226056	0.9660651882625525	0.905353997853114	0.7020832282045367	0.8788108761634308	0.40439149845751415	0.9834098527444801	0.8563638694485743	0.5962819790465972	0.6342145152899181	0.6936121043660854	0.467394754005842	0.8320521065345459
TSs131	0	0.8545359222347132	0.10066787180798291	1	0.8833505062735091	0.9546306729989684	0.7929342315557176	0.9276394061764114	0.8846675865088144	0.9637530261469168	0.9332234669931003	0.9529735967897572	0.9869967010351074	0.8820334260382038	0.9074370361466786	0.7118984265891365	0.7696533681861483	0.9048046009132035	0.7533542336495166	0.8313357049996766	0.6846683296003807	0.6974877805156748	0.9829348430254188	0.7467178408328985	0.8215741659925334
TSs294	0	0.5123462748080397	0.17311317905433793	1	0.5389150189402019	0.6997777266320259	0.5534279863111864	0.5244020515692175	0.8331947104841486	0.16423949334173418	0.6118271259380603	0.3821493721353971	0.586979108129466	0.4501149693788715	0.26013903126233157	0.5883015423996876	0.7922196028186357	0.443729640973805	0.6763499432752259	0.6108637404818826	0.5790957840398671	0.3612548606854098	0.38340959137470415	0.37993753434468713	0.36551168058445055
TSs378	0	0.4363433466211853	0.18408283231984576	1	0.4607653800122562	0.4666418249163598	0.612810100550069	0.38939982077135027	0.5414122396071145	0.4917051932356735	0.47016101316726766	0.3941468336603497	0.5210322221796074	0.4548889351081526	0.07240626774839552	0.5891797128673436	0.421648698819499	0.29657356876426455	0.47614951587728915	0.8967088256069741	0.34706309350441067	0.6352660766142143	0.19441616390119856	0.2647831504064979	0.1904736751176734
TSs111	1	0.4034407290826712	0.23627430236220773	1	0.3798882943043126	0.8090466935450469	0.10452069646175183	0.48530220379019956	0.13440983693036668	0.10080252566902674	0.09333645219772646	0.43645089880015153	0.32430922160879755	0.45643999614529585	0.20043033623517292	0.31195849990292407	0.4354673669998277	0.24955981006816164	0.8836935873442324	0.31883841470381774	0.31124014998758415	0.5418540474242521	0.7846627510545117	0.49007452234358906	0.5964165704409875
TSs56	0	0.47468434775511376	0.28049030735636465	1	0.5041681894951924	0.7058331662318219	0.6852261409878961	0.21493295312789476	0.08494427859885602	0.7549223619751046	0.5583242084431603	0.1355029984584107	0.6885776724028136	0.06082980736855623	0.2809464272998016	0.706582976678298	0.45001217054722453	0.8085793307976976	0.08342037064475057	0.4062721784617181	0.30402574918595426	0.7372053090772736	0.5810037960369052	0.27297207029241694	0.9735729884857215
TSs3A	1	0.6554682642787707	0.15462384753395075	1	0.6867069411989063	0.7501521696053314	0.7158135549602407	0.9467975241559005	0.7435555591015529	0.7446940762184107	0.687362491761345	0.4878005928903011	0.4005243142559658	0.6860513906364676	0.6001279962081956	0.6732460094576195	0.5741054350932473	0.6998229151321619	0.5982700810536211	0.37062294283934316	0.5933721845019104	0.4202809296061466	0.918038335519383	0.7934190329403262	0.7053077496379421
TSs95	1	0.6511225523905331	0.24104518193513444	1	0.7171322581787445	0.8311588327578321	0.3790709591220666	0.274871468254787	0.8321938202119152	0.675860036136431	0.6615195972476894	0.8830142198393313	0.8462640390828725	0.6494265362968419	0.7754370935537219	0.8739268506341391	0.2784558193193443	0.7584044802210581	0.8785510212725625	0.520566319380929	0.9139315501958674	0.6505967254874186	0.40429476081506815	0.11469060915211106	0.8202163088286757
TSs2	0	0.1554946930068179	0.19752515873240076	1	0.09641713828625101	0.13416893165261817	0.1672623071988452	0.09421660306240652	0.06118099285607809	0.3370928028987729	0.006635743681902742	0.05242892307057529	0.2646480194805913	0.08091648404343847	0.02907877979697614	0.013349038668858159	0.10134021816716356	0.00692197302091125	0.09861767351009548	0.16263509176393656	0.07234540544147454	0.4166976027940507	0.8564903182978924	0.1040461316974212	0.04982081903234918
TSs44C	0	0.6705034187691353	0.15392669424258595	1	0.6855887279703439	0.6044636036952852	0.48202024148170963	0.643662358933348	0.5714668683594415	0.740023063331176	0.39598821333662887	0.924526435365894	0.8279819529412512	0.4911103586952619	0.47183434677840486	0.7126633117971208	0.8961358428859747	0.6607568159016398	0.7907276066744365	0.7104206400390478	0.8332496435011792	0.6027545588582381	0.8130515343831247	0.490204751991445	0.7470262264320966
TSs201	0	0.5802813772386293	0.18160800798540258	1	0.5447011241390309	0.4096118749505723	0.692243312429753	0.8284968563810781	0.8818444176022473	0.6816089764304379	0.3209591285310064	0.5132676293799384	0.46168026733571427	0.32196394233551323	0.3510524335158118	0.5314933919271684	0.7337006332372649	0.5389049036538632	0.44331614512830514	0.7842336300579932	0.5504973446241986	0.671299463477743	0.3697217672975435	0.6853894317673183	0.8343419947091141
TSs217	0	0.317969582156096	0.29156495000666904	1	0.21067813815383274	0.027783204428221707	0.027821334703058084	0.06516862111880906	0.13977327599408007	0.5557905155208608	0.08304429789311772	0.4544116267657856	0.20996817094464681	0.05869882086164974	0.24904286835392841	0.6098049887930832	0.10910121758381947	0.7042829083147861	0.07806985193470639	0.9347695045245893	0.5489180478584017	0.328074071210622	0.21138810536301864	0.09272348126725354	0.8707567296874815
TSs168	0	0.3548536303140942	0.24567773732564072	1	0.33246861328195565	0.5383483922951932	0.3561637168817466	0.9157969617621671	0.2354831671308005	0.3808987929942903	0.21065957461561838	0.30864904607661364	0.029182240787274695	0.6475457508620948	0.4543379813072778	0.6567028760571543	0.12036727488626081	0.0315046725288029	0.6417044497129831	0.4483142789513562	0.49705739554997747	0.17711851952505836	0.30877350968216466	0.07966615759045236	0.05879784708459619
TSs98	1	0.8339384799223076	0.08362210721157609	1	0.8442707433378085	0.8699971035301425	0.8123367257523532	0.8006644401083155	0.9332144611892227	0.8734427173842407	0.8706324433629945	0.7769710505604425	0.9154020461084428	0.6135763342836087	0.8735054569071333	0.8614936600192188	0.7752285471011757	0.9423578235755388	0.8270478266563981	0.7976880528729803	0.8702329537128787	0.8109014832208579	0.7975960230135221	0.6928502236759589	0.9636302254107236
TSs116	0	0.6664753072269185	0.28591161875955534	1	0.7702505975999601	0.9138237741867143	0.8947484468921998	0.9472312018262554	0.7754509652293284	0.9345519675701153	0.9608606684350477	0.1546517917689204	0.3604662637134376	0.513259003658294	0.9731121028198312	0.6622376080970066	0.05684548512707671	0.8058000985677302	0.7650502299705916	0.7856976011007152	0.6782416664858681	0.7315412808550196	0.8209467922458008	0.32915119367435797	0.26583800231405863
TSs53	1	0.5025796163905598	0.22022066002751467	1	0.49801111765319084	0.5057365019068795	0.1904294576733794	0.8343897548618324	0.4690431135704685	0.39925341056496444	0.8162578905694844	0.38579307121806933	0.5859486222917827	0.21199635801793323	0.5242620287725656	0.6891416192400693	0.49028573339950215	0.44210655908676116	0.26182338834373103	0.29971349948530795	0.769634694664449	0.6192457799319343	0.6685960583903485	0.09675471047116574	0.7911800753505688
TSs63A	0	0.3052304085967653	0.14884677436938162	1	0.25199088663430075	0.2594930165876903	0.395973622066663	0.3842017957150561	0.31191197069599813	0.21684762619869521	0.16826960597862478	0.23644408047754123	0.3151922277633446	0.12403264074405874	0.21734611722985173	0.2444887566809112	0.36640215234269696	0.20014596031498869	0.4937370729552226	0.5125593538405689	0.23253168973745716	0.46555762327499434	0.1506272542939251	0.12085356703028613	0.6879920380067299
TSs158	0	0.7739631056078237	0.15411072199355302	1	0.827556090645003	0.6976199516505397	0.7166425445723711	0.8487026458351946	0.8553644166350958	0.9129738959503721	0.4979056617043237	0.6052306177168145	0.8860372370729492	0.8064851986741406	0.8309620308647772	0.6137603455482412	0.9546146875401881	0.7270946563073054	0.8980714735688988	0.8697043164959056	0.7204108902632422	0.37764267622143666	0.923987620658057	0.8241501504252289	0.9119010944513911
TSs269	0	0.5008904232849988	0.2645522044781334	1	0.5403648505061465	0.16199374601418076	0.3103940400643257	0.7704624381962014	0.7414518957318605	0.6401480972959293	0.822540880865287	0.5146387313347603	0.24879949874023408	0.834991905631035	0.3236827861025118	0.4693374680708679	0.0664395127605099	0.39587104813677276	0.5660909696775325	0.7243758194179293	0.04789590044785688	0.8889611732708209	0.6151911498214008	0.22925357795570228	0.6452878261642545
TSs317	0	0.63500002042434	0.2287222613001978	1	0.672260096466734	0.6374368872934694	0.5591505789829083	0.8330068316513505	0.7887524453957993	0.5343889870883808	0.8998524851447351	0.4413176220793223	0.7877264672933693	0.13625558483952008	0.6968305154981328	0.8690708424067146	0.4859465540059243	0.7783129931696957	0.3436138340708348	0.5001168209595953	0.8462385074185365	0.8311461243219859	0.6476896774353351	0.20221795268386053	0.8809286967473294
TSs49A	0	0.41096251695654706	0.25071171846377116	1	0.3477145358767362	0.3086705274753213	0.07828903793490634	0.17544226880809535	0.40875849628836575	0.38675854427815104	0.6323264855966217	0.4205409272806451	0.3022497924521293	0.21243941355870224	0.19665747637634215	0.08253301995754041	0.20478600877302738	0.7377672399213782	0.5306464273989243	0.8658420806279824	0.19782991941007136	0.6101536350865864	0.7811656738260064	0.2831154505500768	0.8032779135300667
TSs417	0	0.3176209623784541	0.17228498070898368	1	0.2681049854239239	0.23951481416209106	0.2540107495098957	0.5607347324022056	0.21094073545869158	0.38819664249910496	0.5501733710406823	0.10645858533058565	0.12503976736879435	0.21111920434471498	0.3192659550020586	0.25082103083793605	0.4548175903963966	0.38818922418023594	0.2595599213326894	0.8158100935419385	0.15731926957489226	0.3075402530709125	0.16295890740119623	0.27665004951515837	0.3132983505989009
TSs195	1	0.6170739836988369	0.20131760052491676	1	0.6798091790016606	0.724065245501324	0.6041898033608512	0.8166572300283166	0.5310941140236816	0.33696273771980545	0.8580113266800814	0.7970981607272547	0.6721942009509634	0.7711398685338475	0.7244999224651033	0.6605058009474668	0.30313741075442097	0.5993920501082051	0.7716632482231714	0.7963456075507171	0.2574001327924087	0.7896918830956212	0.26270427568533783	0.6874241570523578	0.37730249777580177
TSs371	1	0.5778920929078539	0.20772196335962456	1	0.5694442621567852	0.4522182289029721	0.5394287449781416	0.3049672339563928	0.8363695593077852	0.8309634546256033	0.6242580055431362	0.5819530881794125	0.6386383609554424	0.18728191673281092	0.46445788821531203	0.5832452613596306	0.4444759324774038	0.8690450458227146	0.3877172844530009	0.972712680798552	0.556935436134158	0.5996482893379719	0.4041331078029696	0.42462608002809554	0.8547662585455728
TSs23	0	0.729198902133063	0.11609318372648658	1	0.7346077047810488	0.7834017615810986	0.8973103560534688	0.885729893012112	0.8798478689494214	0.7254908251362123	0.7482467811815838	0.6791473049901579	0.5906640870666487	0.7064667723170729	0.8943717043150621	0.5376655240128211	0.733127729826543	0.5393531571447343	0.7360876797355546	0.8147956066463315	0.5704433244228064	0.60059732494372	0.7502504325825958	0.7100885285349544	0.8008913802083616
TSs51	0	0.7121454582392366	0.14419706775495775	1	0.7508553981743704	0.9288370948252265	0.8214391501615741	0.7526123523686136	0.7476379322357855	0.5039383865960553	0.7714834913975351	0.6480622577750914	0.8923441002501722	0.4243948737000673	0.8530972760527329	0.7880918321373277	0.5361392052218051	0.7910896405289137	0.5617338584689577	0.5083914831972963	0.8305070615266151	0.7490984439801273	0.8360450689244772	0.6232387696976314	0.6747268857387241
TSs59B	0	0.2503205506738784	0.23144023593307153	1	0.18144243765135049	0.16732623098923052	0.19409823090653214	0.39065721694623246	0.08127210384244539	0.20031596877336386	0.059928983214971435	0.11450122909118017	0.5391980824247	0.2279521262527562	0.055806685285508535	0.25023964693882705	0.7827375403453649	0.18719086114010472	0.06468460747898502	0.17569401416259622	0.03595696385858611	0.6050962701389615	0.7197235787075603	0.05811293384271916	0.09591773913694282
TSs365	0	0.8823597225525894	0.1402876822336111	1	0.9461803644467266	0.9443237510798557	0.9680465451314185	0.9508101513629054	0.9731425920157193	0.8985128593422574	0.980172931489238	0.9654668262276941	0.9563938296035143	0.9917299886765203	0.8468642909518134	0.5388459893562104	0.9733792081634972	0.6496289687540261	0.9480369778135976	0.7457184782473697	0.9017081044734707	0.9364246996975838	0.9778955959684575	0.9282498556789406	0.5718428070176991
TSs224	0	0.7528869088415172	0.13724061398231327	1	0.7687029585078876	0.8952259576147742	0.8861957975934842	0.6653033553153428	0.7741221874127877	0.3182756008016184	0.7574445520083923	0.7369333989074648	0.6802361840429427	0.8474131424275806	0.7632837296029875	0.803761360441236	0.8310757152888297	0.666860647927269	0.8823996744938143	0.8479368395682932	0.8737858155033932	0.7162613305455726	0.8121210389209886	0.7624534813107605	0.536648367102814
TSs325	0	0.5773887285206871	0.2595969373096571	1	0.6248489407509338	0.6673700716043746	0.7597721543699372	0.36988358688208695	0.9113940278619115	0.2619771912322504	0.7832134381682031	0.1533987592797828	0.7354681633555937	0.19426586515571057	0.33073226068814626	0.6441512456398858	0.8649123130455484	0.8533420495347613	0.7986059782822593	0.9148725637331911	0.6055466358619818	0.5738381041054053	0.28496602125523174	0.23527992056029393	0.6047842197971873
TSs119A	0	0.6007061442237897	0.23017317845084115	1	0.6586791452230587	0.6106816230047828	0.5526089493000479	0.7561419632759854	0.25517965923330804	0.16958915059276922	0.8687411420771107	0.26191666595537955	0.3943857778855744	0.7634828753934335	0.6328192188308087	0.7043870997672945	0.5835547405407704	0.6845390716153086	0.8485525864472809	0.8480731992017606	0.8891097539779331	0.6967969926933189	0.19253964173841018	0.7324034258365324	0.5686193471079823
TSs166	0	0.8145434360968513	0.17488462688639	1	0.8954715057654632	0.9165493207065327	0.9220423595027246	0.755113133230036	0.9430225016868974	0.749764484805991	0.9543341999570764	0.6361065799726537	0.988281158366457	0.28601203990639695	0.8810885042837495	0.8403146260283283	0.7067629859053822	0.9697395896183817	0.6418272121202508	0.6817028631645405	0.9491495356053311	0.6668527132075066	0.9098545072471768	0.9140934571925955	0.9782569494290196
TSs297	0	0.0857595220955902	0.08738202313294904	1	0.05940290736126408	0.14552262103855354	0.013562688028656334	0.06368943104921569	0.12588979019429444	0.02425182658766665	0.013828522082671955	0.07034107401437918	0.07558242060344644	0.1663188213754825	0.1728013552903383	0.04051964149347517	0.0415301635454438	0.01692347828750828	0.055116383673312466	0.03460043163424652	0.1565507507212606	0.0823600734505424	0.3767541251719922	0.024897471927949052	0.014149371741368346
TSs338	0	0.6216942019092094	0.2131629353450693	1	0.690630593706787	0.6938661743406085	0.7041673615710806	0.8943156848948352	0.477863686672259	0.6873950130729656	0.5845276456381614	0.5341418989958945	0.49305197444010745	0.7073557458870493	0.7998105236024367	0.6140780937422012	0.5242502479451251	0.14415948594093297	0.8835473584456551	0.8476774036779846	0.7318328317063291	0.7281213258289482	0.7932854234430958	0.11628769785948852	0.47414846047902837
TSs293	1	0.1449217806952121	0.11454747098463006	1	0.11690325799162915	0.17007208747590236	0.15042089469977327	0.22027662559954853	0.26713925311864617	0.16412771653212962	0.1897038802720204	0.12398036322023176	0.13499116349991716	0.5433786968814915	0.03175783339488427	0.07191940802776178	0.10001979567871051	0.06507854129230739	0.2183174037924884	0.10982615276302654	0.031979778279478496	0.08743131961519648	0.10160723165084048	0.04768461921893746	0.06872284889094948
TSs24	0	0.9129500251550311	0.06917058104482617	1	0.9286727851647358	0.9352261831182678	0.9768051998469905	0.9917191379868872	0.9797977390189146	0.9545728795356968	0.9828877766263593	0.8925219967537582	0.9262757954271816	0.9121098637128107	0.8471876188745219	0.959818299203083	0.7928038703393463	0.9026912684546655	0.9790901748804581	0.9761541079113829	0.8477806341702431	0.764686793363145	0.9310697749022901	0.8017126680189472	0.9040887209556773
TSs334	0	0.421437805278019	0.2106363569942024	1	0.3977792477259523	0.3904148036023585	0.2189333181145877	0.48040605965600963	0.2247945120452131	0.3855004966789698	0.6938793569573665	0.2288902608411503	0.18554639944234388	0.22446657293847222	0.1458876327041244	0.6376072288164368	0.35573087156561184	0.4520398802719573	0.5516939635338504	0.8405543974297971	0.6712906129861457	0.42231010321697304	0.16864734449177132	0.4051436918495462	0.7450185984176932
TSs1A	0	0.16720628108553937	0.22444089755211782	1	0.07457246323503838	0.1623161210647874	0.17068123016870101	0.13307652076043391	0.049144239864958895	0.4748230955505719	0.029893233198813	0.04185831310684947	0.27700786581139486	0.12405936323408319	0.027853659225861353	0.013157790213146307	0.05776099725388582	0.027070546444552535	0.0999041267568517	0.05868602441302335	0.0248469317239367	0.6249961997174452	0.8379870188577384	0.09045890205705343	0.018543442286698398
TSs266	0	0.6242371509954998	0.18629739611565715	1	0.6644589832852774	0.7335882776676951	0.6567937061203145	0.7493568887071408	0.7716900260529475	0.6721242604502403	0.7076398324743218	0.5113862741165626	0.9133218810704763	0.4474425133490443	0.39085896092810696	0.46165254662278254	0.8871586569102342	0.49242175413728906	0.5305399364830605	0.2668909744741933	0.8197605401055301	0.6149383554893427	0.6815694224757338	0.338739098022725	0.8368691142522557
TSs277	1	0.10283917129489487	0.11440940122790479	1	0.07043285164150427	0.23740877026676088	0.06946915870128674	0.08273062623764885	0.029649850040901118	0.025566042410707607	0.11527300370490107	0.0713965445817218	0.14034189431326255	0.09865221745504787	0.017941600642303365	0.02317315518306419	0.09150811039452213	0.01973428904944448	0.06832054779745349	0.08409317233542024	0.30500007518429967	0.03621211752582731	0.47379439048798544	0.04822491707099731	0.01829294251434113
TSs60B	0	0.18245023974805463	0.1283350638050255	1	0.1417448783730039	0.22691709460270024	0.4156029539338551	0.1569793290992867	0.33649684908085103	0.0678841280535955	0.09162624271724401	0.01765093281070233	0.11433457086313703	0.09755053309806593	0.12357828486947814	0.051010178534615896	0.3226323886613265	0.030618783845341332	0.18017639777795263	0.37120903974566616	0.1265104276467211	0.391302948355229	0.2810116949839866	0.05510735743058752	0.19080465885074946
TSs303	1	0.7482895683207439	0.18826622529655823	1	0.8197153803602032	0.9456599456844494	0.4904866175066413	0.9344977677744208	0.6730770200310479	0.4292842890017168	0.8375738657929719	0.420102882905612	0.851229622422326	0.393771673622783	0.7245182938792066	0.8775870163450513	0.6859730184745815	0.8609102256526786	0.9240929954390553	0.8955405536351203	0.9047072810591804	0.7723456707827671	0.6001776670883257	0.8018568949274345	0.942398064389508
TSs120	0	0.6804935756957413	0.21333825722632543	1	0.7249662116545745	0.5864709191080656	0.7823695273260609	0.7830794239923413	0.9331920241376114	0.5266324808101748	0.9366381850305556	0.8126493127692088	0.8623484655046618	0.6105774984883193	0.22892856494237526	0.7006143257250504	0.7493180975840985	0.6756009610051927	0.8888760911925017	0.9543088445018022	0.35274099728919783	0.5341691175199081	0.34320224967403073	0.5063142955858002	0.841840131727867
TSs132	0	0.3844596237558621	0.19952248967373712	1	0.3448376542770196	0.6481652553180969	0.486618454588714	0.2868043708106348	0.7336159865977113	0.13520500568853933	0.3103479434492358	0.4097292391116762	0.5488067403364882	0.23070276135940043	0.09484286454514644	0.3149039889025458	0.47788167125514963	0.4166132927637962	0.37477131965149346	0.8720931781174617	0.23508429598669828	0.17565035412073102	0.3852757711891745	0.28741999973681714	0.2646599815877322
TSs78	0	0.27215715360866255	0.2832862172822116	1	0.15152050193813774	0.013957554782161659	0.2452389666268699	0.026442204024388558	0.6854089032656596	0.3796634404422451	0.026640380946782918	0.026508415527516937	0.09938159240337628	0.06671722270009825	0.018660260411431456	0.20365941147289918	0.7321265093012828	0.46143251021878273	0.3217000753291925	0.880244469869346	0.534728857070697	0.01708955056688001	0.06966126253318793	0.03909515206121218	0.5947863326192392
TSs61	0	0.6668806568123384	0.21758242491882585	1	0.6908639919505222	0.28424108918771024	0.7800490435519583	0.7074421933872806	0.938211467253482	0.6238709766245563	0.6742857905137637	0.28783956358152274	0.6372814411628969	0.8779293165101699	0.8259079786106404	0.85596640570789	0.8909965951712816	0.8003392674756045	0.6463166669140434	0.9060180929581211	0.5550961426136007	0.4483369480888681	0.3155279870397295	0.41483619149820095	0.8671199783954514
TSs60	0	0.6871305658242007	0.23790437548209958	1	0.695791489151747	0.7954752640875127	0.45799883485882925	0.9678980131045863	0.7171483253966355	0.5603129650274447	0.46463508177966567	0.6678752448205202	0.9472289882517794	0.37123135104610977	0.7984947862975644	0.5768483039653732	0.974299397811686	0.6653473795345899	0.3369022820480962	0.17847257447219333	0.7567063761386251	0.9652898633227148	0.9869387139231199	0.6744346529068586	0.8790729176901118
TSs274	1	0.8005674350602691	0.14222174770039958	1	0.8420176664885808	0.9488843813235165	0.7409171209121965	0.9316654978506307	0.9223284706173414	0.5821682515496842	0.9635538835554288	0.8205010540321264	0.6939925331254242	0.8509566931993866	0.5928221340704279	0.5096221194346101	0.833078639777775	0.85180422339475	0.9093242308489372	0.9705163550962922	0.7611029591849727	0.8045839586056152	0.8776615622179835	0.8752738398631363	0.5705907925451484
TSs10A	0	0.7474489056992766	0.14811864190607518	1	0.7479621025914047	0.69797208781034	0.8629030573838283	0.939434719926952	0.7338239990977178	0.8529626291591151	0.5445585326011572	0.6819585945764436	0.8363497283005169	0.634601357088903	0.6698332913640148	0.543454526606062	0.8723687556123711	0.8290234838090699	0.4317190095209262	0.7621002060850918	0.6157032130040229	0.9185111809447079	0.9335305361776721	0.6687760469961853	0.9193931579204301
TSs96	0	0.38803214721781537	0.17023465269213156	1	0.3639700625124972	0.1931630477357857	0.5810468394168061	0.374990017606948	0.3938732973697985	0.31934265357768254	0.33087055906319984	0.2978218919108152	0.35295010741804644	0.20946861221758314	0.3527426972029036	0.4931161331309967	0.1985682385278636	0.5315872576920616	0.7009512538808353	0.6611058321690737	0.4000220063993881	0.5548607920355915	0.0562068579527015	0.2266340770485891	0.5313207719996368
TSs282	0	0.5480160188719179	0.3481400398519699	1	0.6171795807118745	0.33068978770423174	0.5567208190091499	0.8237124682729212	0.05891639276237108	0.6776383424145992	0.05281167923459407	0.3808356112132371	0.9673127998713582	0.08274871292765616	0.7069568844352961	0.725025831700606	0.9806248047266175	0.8622310397432126	0.06535822968920338	0.19773956811477583	0.4557984598646185	0.9747951038754797	0.9714965542097861	0.23631493198564357	0.8525923556829995
TSs56A	0	0.49261967077944646	0.20806521361954358	1	0.520042194146092	0.595333396762508	0.22603479127125325	0.6699043050903948	0.24237995548859362	0.6339239757644058	0.23594616962958137	0.47667574541045726	0.25998548151761536	0.3860951965188214	0.33665593226735363	0.6496921118865594	0.29866632822199224	0.39572956486691707	0.6246793556688669	0.7736433204654356	0.8219989025245168	0.7737229684036623	0.5634086428817268	0.21415117570976058	0.673766095238505
TSs296	0	0.35684627453530177	0.20182447625473787	1	0.3538728788972547	0.44448781087672606	0.3605072218331305	0.41053915164296156	0.4978165110941331	0.38505504246007455	0.11020952043123432	0.7611469142729208	0.49412212294321944	0.31625113084756024	0.3006639473782279	0.34723853596137894	0.3174279586160393	0.26001681684351474	0.36461483847626835	0.5188682721231679	0.02126605071804883	0.3097818697327352	0.7761957049573717	0.10626162379695055	0.034454445700370706
TSs33	0	0.35252787431000887	0.22104464619554556	1	0.2930391473869241	0.24558382409767873	0.38606414525018	0.46713220232113906	0.4945372135444209	0.3674781141819843	0.14390514998981918	0.09328994316569499	0.1608259774750693	0.14104088374654103	0.12067739900563529	0.2905594694060627	0.42157921269728615	0.22756495235576527	0.2587855565249788	0.6302736415191759	0.6600394481808729	0.9174582261311243	0.130748099609442	0.2955188253677855	0.5974952016295214
TSs311	0	0.4876599509645647	0.25618924889193156	1	0.5322147783313078	0.07490089006983701	0.692052694420803	0.2237028506131179	0.9202854682800174	0.5385310287347814	0.4454416123089436	0.1289575401542358	0.5258985279278343	0.6335363714703636	0.3059262268642654	0.6167759754947848	0.8415363471255879	0.6512427856717615	0.09809454761612593	0.5387149944460424	0.31453915952131484	0.5596466237746456	0.3440857689503876	0.36863995209732064	0.9306896537491228
TSs68	0	0.2397640575638429	0.2624831142028802	1	0.09090938121183607	0.09451351296143033	0.8138691766780248	0.2130946858457535	0.05988078762029241	0.13408387235692729	0.007011037542201668	0.0663214696006315	0.3659127293595987	0.05416238588541743	0.04368153825473825	0.10441973337797879	0.5755715311584518	0.07628633084770008	0.49948054516626844	0.07680278468186737	0.08730524946224182	0.7305657792897717	0.6499123714764122	0.06590867872281238	0.07649695098833813
TSs104	0	0.6639705317674567	0.14926999336084396	1	0.681237636048261	0.7285173593289663	0.6763705155172697	0.9373677122381364	0.559382921628836	0.6861047565792525	0.7261048970104066	0.5197921408309532	0.5585723991197259	0.4800461228209225	0.5262122732289699	0.6867956269589994	0.7513207755880004	0.6056681828309383	0.7674676906199351	0.8318371969543915	0.6708929537910768	0.8369025622623992	0.6286518371026127	0.2889854585874118	0.812417252349933
TSs58	0	0.6497954176118987	0.1332078291246597	1	0.657575138103984	0.5011985588343166	0.6790044310344158	0.5008586730472768	0.7442092864004188	0.7719544668224575	0.6132182045615528	0.6235995565287148	0.6821711155855428	0.6361458451735524	0.5879111083815246	0.6813131108215378	0.8153090679827893	0.752196148036257	0.5998532173402337	0.9044256226770874	0.7074110356996818	0.5596686097780921	0.3805703584333046	0.4403990855769892	0.8144908495222304
TSs358	0	0.5889816669261778	0.3928921142758752	1	0.7691610509339526	0.9628169644999036	0.3122842193317246	0.8403006496823096	0.21618870099781443	0.006872448212516771	0.9959598006448576	0.9582568380087667	0.6980214521855957	0.9256783115572426	0.17844031086878073	0.5451643226808165	0.9217279986633816	0.011157428433235504	0.9889865115304294	0.010202217947914677	0.4849828371130428	0.017252525453236408	0.9675972129743877	0.8861679988176145	0.8515745889199857
TSs82	0	0.37239595103314055	0.1965184784863354	1	0.3297735839175509	0.22676281735634427	0.3599589621204345	0.30565021862431246	0.48298675402701013	0.3935767307177998	0.1732490134335639	0.15758845223128928	0.28445439600527506	0.18130192471122325	0.2647888698289044	0.27087141981289686	0.29630353684090477	0.35389694921078935	0.3570156732309256	0.9097606356720445	0.5733498277080595	0.379975465198628	0.21479510810285737	0.4737100564160769	0.787922209413472
TSs15	0	0.5412751991098383	0.20754989804062618	1	0.5275268979362302	0.5470235971732534	0.6649840606495367	0.6818418686929082	0.8623923831214078	0.3493137830798364	0.23109861204026627	0.39191233551196103	0.751112937980511	0.20885529973834185	0.2828008979671907	0.6061828360563726	0.5116514439907868	0.7476692125196117	0.5169673651935168	0.8785516237553826	0.5380864306789436	0.4521262322803965	0.3448483452961166	0.42959862156289236	0.8284860949075361
TSs3	1	0.7658882557912878	0.14838513234008807	1	0.7763027895532251	0.7434490487845017	0.9788405586510176	0.5061752818334716	0.4850779494546269	0.8270537431011569	0.4730273178661377	0.760935720025977	0.9087650837204325	0.8158653322997063	0.7657903725728684	0.717039651066257	0.908057152543703	0.6412378277268165	0.9438086886449081	0.9118260632856923	0.6991297168084762	0.8900935220756047	0.7868152065335817	0.8095367984124383	0.7452400804183824
TSs4	0	0.29359288959218993	0.1953895744771864	1	0.24136062070296332	0.24758798273016405	0.3313115602968104	0.25425845900873517	0.15847253157935792	0.5379211980445923	0.15233865359410315	0.18222348562951912	0.29006287207379183	0.17805109509900274	0.18540094231693405	0.04793545748335174	0.6235267331369803	0.06121494959528029	0.23513325867576257	0.1467497571235254	0.6336727781185738	0.33336206768752547	0.7561422706270137	0.2193218781644484	0.2971698608583261
TSs331	0	0.9116665377710996	0.08931996944378713	1	0.9487289110217735	0.9835773531122085	0.9713466376902226	0.9744145373191802	0.9669599866953442	0.9409901825369774	0.9788282697028894	0.8434999449025907	0.8158210085726562	0.9571641836057284	0.9533869058729362	0.8611055006212363	0.6203551957724371	0.9442860133998433	0.9531718086437037	0.9826483406559027	0.9372559083107136	0.8142783732488089	0.97975343380735	0.8922843711210079	0.8622027998302559
TSs314B	0	0.4907506529881571	0.24532656841466186	1	0.4982066872804215	0.8142075682087481	0.10891341108464168	0.8528761688869092	0.2817002497189903	0.5863204599855711	0.4827409184581444	0.40811926430711487	0.6871595664881531	0.2223848349345825	0.07171465668842956	0.5136724561026986	0.45899489264004006	0.38658371362290217	0.5230745414537701	0.16272939351279	0.371416854923027	0.7939207813592811	0.86680590889706	0.5143945716980256	0.7072828467922633
TSs333	0	0.30576629468176164	0.15615138123067349	1	0.29696475686799895	0.5237332544639633	0.2791057438449027	0.31482376989109523	0.49805273326743793	0.4270954560730113	0.5687133021236824	0.1655880984569062	0.3460942120719989	0.1878614218473165	0.041352639170215665	0.1805133410376631	0.23931318092470538	0.10266247214389954	0.5021729287743741	0.3676794236299065	0.12694261793115744	0.19823121986348177	0.4348850070047484	0.4172187718409086	0.1932862992738575
TSs7	0	0.20926494460983597	0.13098749439708104	1	0.1772767858187377	0.1618822890627075	0.19072455857167084	0.41247863127648393	0.28829468861746954	0.22679668911954917	0.11970689343594129	0.29391694650860956	0.08040929479214308	0.31919088506961746	0.16382901306580458	0.047880598622734485	0.4266140234046775	0.009281932588109443	0.2398653229351716	0.1351819592317879	0.07357055850968101	0.3475974827880248	0.43389413961356854	0.12979760270976812	0.0843853822731986
TSs38	0	0.8951127385875012	0.10998770336193153	1	0.9356073795030122	0.8823736395834796	0.9700294883997104	0.9079348415633461	0.9551544481927192	0.9363908322881821	0.860417537993435	0.9112544514264351	0.6641196521689753	0.9759279401329193	0.9947326993047443	0.9134329297295795	0.8329141245899703	0.9707915062430661	0.937410013622747	0.996546787351304	0.9348239267178424	0.9667387318904975	0.6350435683294893	0.6832099448152285	0.9730077074063539
TSs10	0	0.8448741226027316	0.10858760516374967	1	0.8732010314949902	0.8711139721351161	0.8545688079450999	0.8790770856880352	0.8752880908548643	0.5947021300000176	0.9635074520575716	0.8667971752066425	0.7886592563283702	0.9764498356539479	0.9434132126661773	0.6928129926719432	0.7370938377650617	0.7064988887272294	0.9763238584920145	0.924338084064736	0.9409140961967113	0.8927697947748073	0.8101851729613027	0.9011518074730123	0.701816900391973
TSs48	0	0.6624857136069026	0.2102469737430193	1	0.741307831794018	0.9023189301319874	0.8735011640285986	0.8253097518919471	0.5643456031365096	0.2988266686624304	0.8923192305597133	0.7506062327066676	0.7320094308813686	0.2073681301842157	0.4219208911646285	0.5592648401114529	0.3263784865503466	0.6768949453011759	0.8309831990612737	0.8318684731212737	0.7964241402720146	0.7849909581481637	0.7807026167415146	0.5611001216638581	0.6325804578189107
