ID	ID	Class	Mean	stdev	Predicted_0.01	Median	score_0	score_1	score_2	score_3	score_4	score_5	score_6	score_7	score_8	score_9	score_10	score_11	score_12	score_13	score_14	score_15	score_16	score_17	score_18	score_19
TSs156A	0	0.4986947913683458	0.006350121987224037	1	0.5	0.5	0.4893044587814023	0.5	0.5	0.4845909666608629	0.5	0.5	0.5	0.5	0.5104786873476891	0.5106957504130752	0.4895215053824855	0.5	0.5	0.5	0.5	0.5	0.5	0.48930445878140216	0.5
TSs361	0	0.5032842578482648	0.02042844616911416	1	0.5	0.5275853841572485	0.4893044587814023	0.5315250209920086	0.5275853841572485	0.4845909666608629	0.5284528642670256	0.5	0.44496693262756215	0.5	0.5104786873476891	0.5106957504130752	0.4895215053824855	0.5	0.5315250209920086	0.5	0.5	0.5	0.5	0.4894531811866786	0.5
TSs368	0	0.49594313799972395	0.013571844396001745	1	0.5	0.5	0.4893044587814023	0.5	0.5	0.4845909666608629	0.5	0.5	0.44496693262756215	0.5	0.5104786873476891	0.5106957504130752	0.4895215053824855	0.5	0.5	0.5	0.5	0.5	0.5	0.48930445878140216	0.5
TSs49	0	0.49515866864894703	0.016219616385153592	1	0.5	0.5	0.5	0.4847881273246004	0.5	0.46013299977536953	0.5	0.51313618892148	0.44496693262756215	0.5	0.5104786873476891	0.5106957504130752	0.4895215053824855	0.5	0.5	0.5	0.5	0.5	0.5	0.4894531811866786	0.5
TSs138B	1	0.49609119394375945	0.012794318333882823	1	0.5	0.5220245763602924	0.5	0.4847881273246004	0.5	0.46013299977536953	0.5	0.51313618892148	0.5	0.5	0.5	0.47797917259968115	0.4895215053824855	0.5	0.5	0.5	0.5	0.5	0.48478812732460036	0.4894531811866786	0.5
TSs22B	0	0.4971421606269916	0.01399347132842225	1	0.5	0.5	0.5	0.5	0.5	0.4845909666608629	0.5	0.51313618892148	0.44496693262756215	0.5	0.5104786873476891	0.5106957504130752	0.4895215053824855	0.5	0.5	0.5	0.5	0.5	0.5	0.4894531811866786	0.5
TSs287	0	0.4971736041008059	0.00762012637085536	1	0.5	0.5	0.4893044587814023	0.4847881273246004	0.5	0.4845909666608629	0.5	0.5	0.5	0.5	0.5104786873476891	0.5106957504130752	0.4895215053824855	0.5	0.5	0.5	0.5	0.5	0.48478812732460036	0.48930445878140216	0.5
TSs383	0	0.4957173214268839	0.013724826879903972	1	0.5	0.5	0.5	0.5	0.5	0.4845909666608629	0.5	0.5	0.44496693262756215	0.5	0.5104786873476891	0.5106957504130752	0.4895215053824855	0.5	0.5	0.5	0.5	0.5	0.48478812732460036	0.48930445878140216	0.5
TSs314A	0	0.4975791438786684	0.014658109496739933	1	0.5	0.5220245763602924	0.5	0.5	0.5	0.4845909666608629	0.5	0.5	0.44496693262756215	0.5	0.5104786873476891	0.5106957504130752	0.4895215053824855	0.5	0.5	0.5	0.5	0.5	0.5	0.48930445878140216	0.5
TSs30	1	0.49451803988720516	0.015328047116852782	1	0.5	0.5220245763602924	0.5	0.4847881273246004	0.5	0.46013299977536953	0.5	0.51313618892148	0.5	0.5	0.5	0.47797917259968115	0.45805842425140014	0.5	0.5	0.5	0.5	0.5	0.48478812732460036	0.4894531811866786	0.5
TSs291	0	0.49935160081441987	0.007124381253083193	1	0.5	0.5	0.4893044587814023	0.5	0.5	0.4845909666608629	0.5	0.51313618892148	0.5	0.5	0.5104786873476891	0.5106957504130752	0.4895215053824855	0.5	0.5	0.5	0.5	0.5	0.5	0.48930445878140216	0.5
TSs157A	0	0.4945028590218593	0.016118882602429916	1	0.5	0.5	0.4893044587814023	0.5	0.5	0.4845909666608629	0.5	0.51313618892148	0.44496693262756215	0.5	0.5	0.5106957504130752	0.45805842425140014	0.5	0.5	0.5	0.5	0.5	0.5	0.48930445878140216	0.5
TSs27	1	0.49451803988720516	0.015328047116852782	1	0.5	0.5220245763602924	0.5	0.4847881273246004	0.5	0.46013299977536953	0.5	0.51313618892148	0.5	0.5	0.5	0.47797917259968115	0.45805842425140014	0.5	0.5	0.5	0.5	0.5	0.48478812732460036	0.4894531811866786	0.5
TSs363	0	0.495839353812028	0.01430238814675024	1	0.5	0.5	0.4893044587814023	0.4847881273246004	0.5	0.4845909666608629	0.5	0.51313618892148	0.44496693262756215	0.5	0.5104786873476891	0.5106957504130752	0.4895215053824855	0.5	0.5	0.5	0.5	0.5	0.5	0.48930445878140216	0.5
TSs9	0	0.49659994744579794	0.01408661018506987	1	0.5	0.5	0.4893044587814023	0.5	0.5	0.4845909666608629	0.5	0.51313618892148	0.44496693262756215	0.5	0.5104786873476891	0.5106957504130752	0.4895215053824855	0.5	0.5	0.5	0.5	0.5	0.5	0.48930445878140216	0.5
TSs133	0	0.49368186265982494	0.01764762003636059	1	0.5	0.5	0.5	0.5	0.5	0.46013299977536953	0.5	0.5	0.44496693262756215	0.5	0.5104786873476891	0.5106957504130752	0.45805842425140014	0.5	0.5	0.5	0.5	0.5	0.5	0.48930445878140216	0.5
TSs155	1	0.49451803988720516	0.015328047116852782	1	0.5	0.5220245763602924	0.5	0.4847881273246004	0.5	0.46013299977536953	0.5	0.51313618892148	0.5	0.5	0.5	0.47797917259968115	0.45805842425140014	0.5	0.5	0.5	0.5	0.5	0.48478812732460036	0.4894531811866786	0.5
TSs209	0	0.49594313799972395	0.013571844396001745	1	0.5	0.5	0.4893044587814023	0.5	0.5	0.4845909666608629	0.5	0.5	0.44496693262756215	0.5	0.5104786873476891	0.5106957504130752	0.4895215053824855	0.5	0.5	0.5	0.5	0.5	0.5	0.48930445878140216	0.5
TSs136	0	0.4940999572206327	0.015853929548461283	1	0.5	0.5	0.4893044587814023	0.5	0.5	0.46013299977536953	0.5	0.51313618892148	0.44496693262756215	0.5	0.5	0.5106957504130752	0.4895215053824855	0.5	0.5	0.5	0.5	0.5	0.48478812732460036	0.4894531811866786	0.5
TSs22A	0	0.4940814925362142	0.01379514874781783	1	0.5	0.5	0.5	0.4847881273246004	0.5	0.4845909666608629	0.5	0.5	0.44496693262756215	0.5	0.5104786873476891	0.47797917259968115	0.4895215053824855	0.5	0.5	0.5	0.5	0.5	0.5	0.48930445878140216	0.5
TSs357	0	0.4933114495031302	0.01674770438522112	1	0.5	0.5220245763602924	0.4893044587814023	0.5	0.5	0.4845909666608629	0.5	0.5	0.44496693262756215	0.5	0.5	0.47797917259968115	0.45805842425140014	0.5	0.5	0.5	0.5	0.5	0.5	0.48930445878140216	0.5
TSs161	1	0.49451060376694134	0.015330669412866678	1	0.5	0.5220245763602924	0.5	0.4847881273246004	0.5	0.46013299977536953	0.5	0.51313618892148	0.5	0.5	0.5	0.47797917259968115	0.45805842425140014	0.5	0.5	0.5	0.5	0.5	0.48478812732460036	0.48930445878140216	0.5
TSs11	0	0.49506087483969397	0.01687319599290648	1	0.5	0.5220245763602924	0.4893044587814023	0.4847881273246004	0.5	0.46013299977536953	0.5	0.5	0.44496693262756215	0.5	0.5104786873476891	0.5106957504130752	0.4895215053824855	0.5	0.5	0.5	0.5	0.5	0.5	0.48930445878140216	0.5
TSs5A	0	0.49594313799972395	0.013571844396001745	1	0.5	0.5	0.4893044587814023	0.5	0.5	0.4845909666608629	0.5	0.5	0.44496693262756215	0.5	0.5104786873476891	0.5106957504130752	0.4895215053824855	0.5	0.5	0.5	0.5	0.5	0.5	0.48930445878140216	0.5
TSs131	0	0.49594313799972395	0.013571844396001745	1	0.5	0.5	0.4893044587814023	0.5	0.5	0.4845909666608629	0.5	0.5	0.44496693262756215	0.5	0.5104786873476891	0.5106957504130752	0.4895215053824855	0.5	0.5	0.5	0.5	0.5	0.5	0.48930445878140216	0.5
TSs294	0	0.4905322826218792	0.01740102204523672	1	0.5	0.5	0.5	0.4847881273246004	0.5	0.46013299977536953	0.5	0.5	0.44496693262756215	0.5	0.5104786873476891	0.47797917259968115	0.45805842425140014	0.5	0.5	0.5	0.5	0.5	0.48478812732460036	0.4894531811866786	0.5
TSs378	0	0.4959433149879988	0.014940122754229764	1	0.5	0.5220245763602924	0.5	0.5	0.5	0.4845909666608629	0.5	0.5	0.44496693262756215	0.5	0.5104786873476891	0.47797917259968115	0.4895215053824855	0.5	0.5	0.5	0.5	0.5	0.5	0.48930445878140216	0.5
TSs111	1	0.49451803988720516	0.015328047116852782	1	0.5	0.5220245763602924	0.5	0.4847881273246004	0.5	0.46013299977536953	0.5	0.51313618892148	0.5	0.5	0.5	0.47797917259968115	0.45805842425140014	0.5	0.5	0.5	0.5	0.5	0.48478812732460036	0.4894531811866786	0.5
TSs56	0	0.4950754704996315	0.010928154711317304	1	0.5	0.5	0.4893044587814023	0.5	0.5	0.46013299977536953	0.5	0.5	0.5	0.5	0.5104786873476891	0.47797917259968115	0.4895215053824855	0.5	0.5	0.5	0.5	0.5	0.48478812732460036	0.48930445878140216	0.5
TSs3A	1	0.4957409382314798	0.013279064908527299	1	0.5	0.5220245763602924	0.5	0.4847881273246004	0.5	0.4845909666608629	0.5	0.51313618892148	0.5	0.5	0.5	0.47797917259968115	0.45805842425140014	0.5	0.5	0.5	0.5	0.5	0.48478812732460036	0.4894531811866786	0.5
TSs95	1	0.49451803988720516	0.015328047116852782	1	0.5	0.5220245763602924	0.5	0.4847881273246004	0.5	0.46013299977536953	0.5	0.51313618892148	0.5	0.5	0.5	0.47797917259968115	0.45805842425140014	0.5	0.5	0.5	0.5	0.5	0.48478812732460036	0.4894531811866786	0.5
TSs2	0	0.4981708570009614	0.005728553397322504	1	0.5	0.5	0.4893044587814023	0.5	0.5	0.4845909666608629	0.5	0.5	0.5	0.5	0.5	0.5106957504130752	0.4895215053824855	0.5	0.5	0.5	0.5	0.5	0.5	0.48930445878140216	0.5
TSs44C	0	0.495182544365954	0.013757505752812295	1	0.5	0.5	0.4893044587814023	0.4847881273246004	0.5	0.4845909666608629	0.5	0.5	0.44496693262756215	0.5	0.5104786873476891	0.5106957504130752	0.4895215053824855	0.5	0.5	0.5	0.5	0.5	0.5	0.48930445878140216	0.5
TSs201	0	0.49659994744579794	0.01408661018506987	1	0.5	0.5	0.4893044587814023	0.5	0.5	0.4845909666608629	0.5	0.51313618892148	0.44496693262756215	0.5	0.5104786873476891	0.5106957504130752	0.4895215053824855	0.5	0.5	0.5	0.5	0.5	0.5	0.48930445878140216	0.5
TSs217	0	0.4947905275981034	0.018715120891722337	1	0.5	0.5220245763602924	0.5	0.5	0.5	0.46013299977536953	0.5	0.5	0.44496693262756215	0.5	0.5104786873476891	0.5106957504130752	0.45805842425140014	0.5	0.5	0.5	0.5	0.5	0.5	0.4894531811866786	0.5
TSs168	0	0.495839353812028	0.014302388146750241	1	0.5	0.5	0.4893044587814023	0.5	0.5	0.4845909666608629	0.5	0.51313618892148	0.44496693262756215	0.5	0.5104786873476891	0.5106957504130752	0.4895215053824855	0.5	0.5	0.5	0.5	0.5	0.48478812732460036	0.48930445878140216	0.5
TSs98	1	0.49594313799972395	0.013571844396001745	1	0.5	0.5	0.4893044587814023	0.5	0.5	0.4845909666608629	0.5	0.5	0.44496693262756215	0.5	0.5104786873476891	0.5106957504130752	0.4895215053824855	0.5	0.5	0.5	0.5	0.5	0.5	0.48930445878140216	0.5
TSs116	0	0.49594313799972395	0.013571844396001745	1	0.5	0.5	0.4893044587814023	0.5	0.5	0.4845909666608629	0.5	0.5	0.44496693262756215	0.5	0.5104786873476891	0.5106957504130752	0.4895215053824855	0.5	0.5	0.5	0.5	0.5	0.5	0.48930445878140216	0.5
TSs53	1	0.4950419742545896	0.0156998688834045	1	0.5	0.5220245763602924	0.5	0.4847881273246004	0.5	0.46013299977536953	0.5	0.51313618892148	0.5	0.5	0.5104786873476891	0.47797917259968115	0.45805842425140014	0.5	0.5	0.5	0.5	0.5	0.48478812732460036	0.4894531811866786	0.5
TSs63A	0	0.49473605748089733	0.01093777803731965	1	0.5	0.5	0.5	0.5	0.5	0.4845909666608629	0.5	0.5	0.5	0.5	0.5	0.47797917259968115	0.45805842425140014	0.5	0.5	0.5	0.5	0.5	0.48478812732460036	0.48930445878140216	0.5
TSs158	0	0.4958467899322918	0.014298849915341014	1	0.5	0.5	0.4893044587814023	0.4847881273246004	0.5	0.4845909666608629	0.5	0.51313618892148	0.44496693262756215	0.5	0.5104786873476891	0.5106957504130752	0.4895215053824855	0.5	0.5	0.5	0.5	0.5	0.5	0.4894531811866786	0.5
TSs269	0	0.49671129939030123	0.010680177807495674	1	0.5	0.5	0.4893044587814023	0.5	0.5	0.46013299977536953	0.5	0.5	0.5	0.5	0.5104786873476891	0.5106957504130752	0.4895215053824855	0.5	0.5	0.5	0.5	0.5	0.48478812732460036	0.48930445878140216	0.5
TSs317	0	0.49607601307841354	0.013733688765982547	1	0.5	0.5	0.4893044587814023	0.5	0.5	0.4845909666608629	0.5	0.51313618892148	0.44496693262756215	0.5	0.5	0.5106957504130752	0.4895215053824855	0.5	0.5	0.5	0.5	0.5	0.5	0.48930445878140216	0.5
TSs49A	0	0.4979416338548397	0.0070477049601712265	1	0.5	0.5	0.4893044587814023	0.5	0.5	0.4845909666608629	0.5	0.5	0.5	0.5	0.5104786873476891	0.5106957504130752	0.4895215053824855	0.5	0.5	0.5	0.5	0.5	0.48478812732460036	0.4894531811866786	0.5
TSs417	0	0.4944327934257295	0.013470427064979746	1	0.5	0.5	0.5	0.4847881273246004	0.5	0.4845909666608629	0.5	0.5	0.44496693262756215	0.5	0.5	0.5106957504130752	0.4895215053824855	0.5	0.5	0.5	0.5	0.5	0.48478812732460036	0.48930445878140216	0.5
TSs195	1	0.49451803988720516	0.015328047116852782	1	0.5	0.5220245763602924	0.5	0.4847881273246004	0.5	0.46013299977536953	0.5	0.51313618892148	0.5	0.5	0.5	0.47797917259968115	0.45805842425140014	0.5	0.5	0.5	0.5	0.5	0.48478812732460036	0.4894531811866786	0.5
TSs371	1	0.49451803988720516	0.015328047116852782	1	0.5	0.5220245763602924	0.5	0.4847881273246004	0.5	0.46013299977536953	0.5	0.51313618892148	0.5	0.5	0.5	0.47797917259968115	0.45805842425140014	0.5	0.5	0.5	0.5	0.5	0.48478812732460036	0.4894531811866786	0.5
TSs23	0	0.49636847979828547	0.011271782024093105	1	0.5	0.5	0.4893044587814023	0.5	0.5	0.4845909666608629	0.5	0.5	0.5	0.5	0.5104786873476891	0.5106957504130752	0.45805842425140014	0.5	0.5	0.5	0.5	0.5	0.48478812732460036	0.4894531811866786	0.5
TSs51	0	0.49594313799972395	0.013571844396001745	1	0.5	0.5	0.4893044587814023	0.5	0.5	0.4845909666608629	0.5	0.5	0.44496693262756215	0.5	0.5104786873476891	0.5106957504130752	0.4895215053824855	0.5	0.5	0.5	0.5	0.5	0.5	0.48930445878140216	0.5
TSs59B	0	0.49594313799972395	0.013571844396001745	1	0.5	0.5	0.4893044587814023	0.5	0.5	0.4845909666608629	0.5	0.5	0.44496693262756215	0.5	0.5104786873476891	0.5106957504130752	0.4895215053824855	0.5	0.5	0.5	0.5	0.5	0.5	0.48930445878140216	0.5
TSs365	0	0.4970698051712216	0.006385954013372601	1	0.5	0.5	0.5	0.5	0.5	0.4845909666608629	0.5	0.5	0.5	0.5	0.5	0.47797917259968115	0.4895215053824855	0.5	0.5	0.5	0.5	0.5	0.5	0.48930445878140216	0.5
TSs224	0	0.49594313799972395	0.013571844396001745	1	0.5	0.5	0.4893044587814023	0.5	0.5	0.4845909666608629	0.5	0.5	0.44496693262756215	0.5	0.5104786873476891	0.5106957504130752	0.4895215053824855	0.5	0.5	0.5	0.5	0.5	0.5	0.48930445878140216	0.5
TSs325	0	0.49418563958279427	0.01679641286147434	1	0.5	0.5220245763602924	0.4893044587814023	0.5	0.5	0.46013299977536953	0.5	0.5	0.44496693262756215	0.5	0.5104786873476891	0.47797917259968115	0.4895215053824855	0.5	0.5	0.5	0.5	0.5	0.5	0.48930445878140216	0.5
TSs119A	0	0.49704436681773856	0.014759891322789764	1	0.5	0.5220245763602924	0.4893044587814023	0.5	0.5	0.4845909666608629	0.5	0.5	0.44496693262756215	0.5	0.5104786873476891	0.5106957504130752	0.4895215053824855	0.5	0.5	0.5	0.5	0.5	0.5	0.48930445878140216	0.5
TSs166	0	0.495182544365954	0.013757505752812295	1	0.5	0.5	0.4893044587814023	0.4847881273246004	0.5	0.4845909666608629	0.5	0.5	0.44496693262756215	0.5	0.5104786873476891	0.5106957504130752	0.4895215053824855	0.5	0.5	0.5	0.5	0.5	0.5	0.48930445878140216	0.5
TSs297	0	0.4927415911727639	0.015880859601619186	1	0.5	0.5	0.4893044587814023	0.5	0.5	0.4845909666608629	0.5	0.5	0.44496693262756215	0.5	0.5104786873476891	0.47797917259968115	0.45805842425140014	0.5	0.5	0.5	0.5	0.5	0.5	0.4894531811866786	0.5
TSs338	0	0.49594313799972395	0.013571844396001745	1	0.5	0.5	0.4893044587814023	0.5	0.5	0.4845909666608629	0.5	0.5	0.44496693262756215	0.5	0.5104786873476891	0.5106957504130752	0.4895215053824855	0.5	0.5	0.5	0.5	0.5	0.5	0.48930445878140216	0.5
TSs293	1	0.49451803988720516	0.015328047116852782	1	0.5	0.5220245763602924	0.5	0.4847881273246004	0.5	0.46013299977536953	0.5	0.51313618892148	0.5	0.5	0.5	0.47797917259968115	0.45805842425140014	0.5	0.5	0.5	0.5	0.5	0.48478812732460036	0.4894531811866786	0.5
TSs24	0	0.4917998827636253	0.015092842013034673	1	0.5	0.5	0.4893044587814023	0.5	0.5	0.46013299977536953	0.5	0.5	0.44496693262756215	0.5	0.5	0.47797917259968115	0.4895215053824855	0.5	0.5	0.5	0.5	0.5	0.48478812732460036	0.48930445878140216	0.5
TSs334	0	0.49121296778496004	0.015840064059224362	1	0.5	0.5	0.4893044587814023	0.4847881273246004	0.5	0.4845909666608629	0.5	0.5	0.44496693262756215	0.5	0.5104786873476891	0.47797917259968115	0.45805842425140014	0.5	0.5	0.5	0.5	0.5	0.48478812732460036	0.48930445878140216	0.5
TSs1A	0	0.49903542655259053	0.008879613916087608	1	0.5	0.5220245763602924	0.4893044587814023	0.4847881273246004	0.5	0.4845909666608629	0.5	0.5	0.5	0.5	0.5104786873476891	0.5106957504130752	0.4895215053824855	0.5	0.5	0.5	0.5	0.5	0.5	0.48930445878140216	0.5
TSs266	0	0.493390964498574	0.01645992577712816	1	0.5	0.5	0.4893044587814023	0.5	0.5	0.4845909666608629	0.5	0.51313618892148	0.44496693262756215	0.5	0.5104786873476891	0.47797917259968115	0.45805842425140014	0.5	0.5	0.5	0.5	0.5	0.5	0.48930445878140216	0.5
TSs277	1	0.4976750560454148	0.014732066854954222	1	0.5	0.5220245763602924	0.5	0.5	0.5	0.46013299977536953	0.5	0.51313618892148	0.5	0.5	0.5	0.5106957504130752	0.45805842425140014	0.5	0.5	0.5	0.5	0.5	0.5	0.4894531811866786	0.5
TSs60B	0	0.4954192036323395	0.013177712515919125	1	0.5	0.5	0.4893044587814023	0.5	0.5	0.4845909666608629	0.5	0.5	0.44496693262756215	0.5	0.5	0.5106957504130752	0.4895215053824855	0.5	0.5	0.5	0.5	0.5	0.5	0.48930445878140216	0.5
TSs303	1	0.49451803988720516	0.015328047116852782	1	0.5	0.5220245763602924	0.5	0.4847881273246004	0.5	0.46013299977536953	0.5	0.51313618892148	0.5	0.5	0.5	0.47797917259968115	0.45805842425140014	0.5	0.5	0.5	0.5	0.5	0.48478812732460036	0.4894531811866786	0.5
TSs120	0	0.4971347245067278	0.013997811137229246	1	0.5	0.5	0.5	0.5	0.5	0.4845909666608629	0.5	0.51313618892148	0.44496693262756215	0.5	0.5104786873476891	0.5106957504130752	0.4895215053824855	0.5	0.5	0.5	0.5	0.5	0.5	0.48930445878140216	0.5
TSs132	0	0.49594313799972395	0.013571844396001745	1	0.5	0.5	0.4893044587814023	0.5	0.5	0.4845909666608629	0.5	0.5	0.44496693262756215	0.5	0.5104786873476891	0.5106957504130752	0.4895215053824855	0.5	0.5	0.5	0.5	0.5	0.5	0.48930445878140216	0.5
TSs78	0	0.49472767577571314	0.015596387842143004	1	0.5	0.5	0.4893044587814023	0.5	0.5	0.46013299977536953	0.5	0.5	0.44496693262756215	0.5	0.5104786873476891	0.5106957504130752	0.4895215053824855	0.5	0.5	0.5	0.5	0.5	0.5	0.4894531811866786	0.5
TSs61	0	0.49858055796234957	0.011683984001310037	1	0.5	0.5220245763602924	0.4893044587814023	0.5	0.5	0.46013299977536953	0.5	0.5	0.5	0.5	0.5104786873476891	0.5106957504130752	0.4895215053824855	0.5	0.5	0.5	0.5	0.5	0.5	0.4894531811866786	0.5
TSs60	0	0.49594313799972395	0.013571844396001745	1	0.5	0.5	0.4893044587814023	0.5	0.5	0.4845909666608629	0.5	0.5	0.44496693262756215	0.5	0.5104786873476891	0.5106957504130752	0.4895215053824855	0.5	0.5	0.5	0.5	0.5	0.5	0.48930445878140216	0.5
TSs274	1	0.49013038063963876	0.01743383384722074	1	0.5	0.5	0.4893044587814023	0.4847881273246004	0.5	0.46013299977536953	0.5	0.51313618892148	0.44496693262756215	0.5	0.5	0.47797917259968115	0.45805842425140014	0.5	0.5	0.5	0.5	0.5	0.48478812732460036	0.4894531811866786	0.5
TSs10A	0	0.49594313799972395	0.013571844396001745	1	0.5	0.5	0.4893044587814023	0.5	0.5	0.4845909666608629	0.5	0.5	0.44496693262756215	0.5	0.5104786873476891	0.5106957504130752	0.4895215053824855	0.5	0.5	0.5	0.5	0.5	0.5	0.48930445878140216	0.5
TSs96	0	0.4998034563066243	0.00821224531046979	1	0.5	0.5220245763602924	0.4893044587814023	0.5	0.5	0.4845909666608629	0.5	0.5	0.5	0.5	0.5104786873476891	0.5106957504130752	0.4895215053824855	0.5	0.5	0.5	0.5	0.5	0.5	0.4894531811866786	0.5
TSs282	0	0.49594313799972395	0.013571844396001745	1	0.5	0.5	0.4893044587814023	0.5	0.5	0.4845909666608629	0.5	0.5	0.44496693262756215	0.5	0.5104786873476891	0.5106957504130752	0.4895215053824855	0.5	0.5	0.5	0.5	0.5	0.5	0.48930445878140216	0.5
TSs56A	0	0.49594313799972395	0.013571844396001745	1	0.5	0.5	0.4893044587814023	0.5	0.5	0.4845909666608629	0.5	0.5	0.44496693262756215	0.5	0.5104786873476891	0.5106957504130752	0.4895215053824855	0.5	0.5	0.5	0.5	0.5	0.5	0.48930445878140216	0.5
TSs296	0	0.4953154194446435	0.013924833124224233	1	0.5	0.5	0.4893044587814023	0.4847881273246004	0.5	0.4845909666608629	0.5	0.51313618892148	0.44496693262756215	0.5	0.5	0.5106957504130752	0.4895215053824855	0.5	0.5	0.5	0.5	0.5	0.5	0.48930445878140216	0.5
TSs33	0	0.4962837731839686	0.014989721093646973	1	0.5	0.5220245763602924	0.4893044587814023	0.5	0.5	0.4845909666608629	0.5	0.5	0.44496693262756215	0.5	0.5104786873476891	0.5106957504130752	0.4895215053824855	0.5	0.5	0.5	0.5	0.5	0.48478812732460036	0.48930445878140216	0.5
TSs311	0	0.4987056340618913	0.00534358037431598	1	0.5	0.5	0.5	0.5	0.5	0.4845909666608629	0.5	0.5	0.5	0.5	0.5	0.5106957504130752	0.4895215053824855	0.5	0.5	0.5	0.5	0.5	0.5	0.48930445878140216	0.5
TSs68	0	0.49538448522178713	0.016098621943755255	1	0.5	0.5	0.4893044587814023	0.5	0.5	0.46013299977536953	0.5	0.51313618892148	0.44496693262756215	0.5	0.5104786873476891	0.5106957504130752	0.4895215053824855	0.5	0.5	0.5	0.5	0.5	0.5	0.4894531811866786	0.5
TSs104	0	0.49594313799972395	0.013571844396001745	1	0.5	0.5	0.4893044587814023	0.5	0.5	0.4845909666608629	0.5	0.5	0.44496693262756215	0.5	0.5104786873476891	0.5106957504130752	0.4895215053824855	0.5	0.5	0.5	0.5	0.5	0.5	0.48930445878140216	0.5
TSs58	0	0.49704436681773856	0.014759891322789764	1	0.5	0.5220245763602924	0.4893044587814023	0.5	0.5	0.4845909666608629	0.5	0.5	0.44496693262756215	0.5	0.5104786873476891	0.5106957504130752	0.4895215053824855	0.5	0.5	0.5	0.5	0.5	0.5	0.48930445878140216	0.5
TSs358	0	0.500632638030796	0.018357945559199403	1	0.5	0.5220245763602924	0.4893044587814023	0.4847881273246004	0.5	0.4845909666608629	0.5284528642670256	0.5	0.44496693262756215	0.5	0.5104786873476891	0.5106957504130752	0.4895215053824855	0.5	0.5	0.5275853841572485	0.5	0.5	0.5	0.5202435072936785	0.5
TSs82	0	0.49465860999856953	0.013337434596054092	1	0.5	0.5	0.4893044587814023	0.4847881273246004	0.5	0.4845909666608629	0.5	0.5	0.44496693262756215	0.5	0.5	0.5106957504130752	0.4895215053824855	0.5	0.5	0.5	0.5	0.5	0.5	0.48930445878140216	0.5
TSs15	0	0.49424831441690964	0.018713276148328125	1	0.5	0.5220245763602924	0.4893044587814023	0.5	0.5	0.46013299977536953	0.5	0.5	0.44496693262756215	0.5	0.5104786873476891	0.5106957504130752	0.45805842425140014	0.5	0.5	0.5	0.5	0.5	0.5	0.48930445878140216	0.5
TSs3	1	0.4938612304411312	0.014759154126666927	1	0.5	0.5220245763602924	0.5	0.4847881273246004	0.5	0.46013299977536953	0.5	0.5	0.5	0.5	0.5	0.47797917259968115	0.45805842425140014	0.5	0.5	0.5	0.5	0.5	0.48478812732460036	0.4894531811866786	0.5
TSs4	0	0.49594313799972395	0.013571844396001745	1	0.5	0.5	0.4893044587814023	0.5	0.5	0.4845909666608629	0.5	0.5	0.44496693262756215	0.5	0.5104786873476891	0.5106957504130752	0.4895215053824855	0.5	0.5	0.5	0.5	0.5	0.5	0.48930445878140216	0.5
TSs331	0	0.4954192036323395	0.013177712515919125	1	0.5	0.5	0.4893044587814023	0.5	0.5	0.4845909666608629	0.5	0.5	0.44496693262756215	0.5	0.5	0.5106957504130752	0.4895215053824855	0.5	0.5	0.5	0.5	0.5	0.5	0.48930445878140216	0.5
TSs314B	0	0.49360939030939976	0.016047244368179024	1	0.5	0.5	0.4893044587814023	0.5	0.5	0.4845909666608629	0.5	0.5	0.44496693262756215	0.5	0.5104786873476891	0.5106957504130752	0.45805842425140014	0.5	0.5	0.5	0.5	0.5	0.48478812732460036	0.48930445878140216	0.5
TSs333	0	0.4971216373117916	0.01096363803136157	1	0.5	0.5	0.4893044587814023	0.5	0.5	0.4845909666608629	0.5	0.5	0.5	0.5	0.5104786873476891	0.5106957504130752	0.45805842425140014	0.5	0.5	0.5	0.5	0.5	0.5	0.48930445878140216	0.5
TSs7	0	0.49437742006343355	0.01596498873480908	1	0.5	0.5	0.4893044587814023	0.5	0.5	0.4845909666608629	0.5	0.5	0.44496693262756215	0.5	0.5104786873476891	0.5106957504130752	0.45805842425140014	0.5	0.5	0.5	0.5	0.5	0.5	0.4894531811866786	0.5
TSs38	0	0.4930844107647797	0.015550962913520351	1	0.5	0.5	0.4893044587814023	0.5	0.5	0.46013299977536953	0.5	0.5	0.44496693262756215	0.5	0.5104786873476891	0.47797917259968115	0.4895215053824855	0.5	0.5	0.5	0.5	0.5	0.5	0.48930445878140216	0.5
TSs10	0	0.4938353838705146	0.017127561113683482	1	0.5	0.5220245763602924	0.4893044587814023	0.5	0.5	0.4845909666608629	0.5	0.5	0.44496693262756215	0.5	0.5104786873476891	0.47797917259968115	0.45805842425140014	0.5	0.5	0.5	0.5	0.5	0.5	0.48930445878140216	0.5
TSs48	0	0.49431815180259975	0.013237743337860916	1	0.5	0.5	0.5	0.5	0.5	0.4845909666608629	0.5	0.5	0.44496693262756215	0.5	0.5	0.47797917259968115	0.4895215053824855	0.5	0.5	0.5	0.5	0.5	0.5	0.48930445878140216	0.5
