ID	ID	Class	Mean	stdev	Predicted_0.21	Median	score_0	score_1	score_2	score_3	score_4	score_5	score_6	score_7	score_8	score_9	score_10	score_11	score_12	score_13	score_14	score_15	score_16	score_17	score_18	score_19
TSs156A	1	0.49135809390080454	0.37111846325244424	1	0.38939022863231454	0.052911077696338314	0.2061414275239352	0.192558684815244	0.47314166838547755	0.48295171656619745	0.1875821659210136	0.06300747894594977	0.9864394103483466	0.5888280621900231	0.9283479912858807	0.9758928873205138	0.11891903922023968	0.8929726904063775	0.9082807380388571	0.9897693043252309	0.9545621157548727	0.27939084902580075	0.06838059356820919	0.1714451877984302	0.3056387888791515
TSs361	0	0.4037560877677301	0.480066604080875	1	0.029133355134984714	0.019747233754823883	0.02033408328591822	0.032176872667831605	0.9276807153118164	0.026751070895724517	0.022966871702218533	0.014474247914204676	0.9988170577578738	0.9559752996259383	0.9709754190556406	0.9979354016013096	0.020746325308927095	0.9649007894527355	0.02994136851836366	0.9968193491334781	0.9987515445890419	0.01574106703489344	0.011501575462365117	0.028325341751605768	0.02056012052989152
TSs368	0	0.0862833334992617	0.07384378303973595	0	0.06782835266876534	0.10429506422659568	0.22964866615756888	0.01630874520199077	0.062273907892581803	0.08091989366796898	0.03258322711478175	0.09509285655630542	0.01712773205528917	0.20656855021044834	0.028387050178885147	0.13395703603660353	0.06864013649558741	0.07723211803637035	0.03369907745737238	0.02802191617544804	0.06701656884194328	0.02111242529982488	0.06095699974572697	0.2800750784687331	0.08174962016520845
TSs49	0	0.03853069485432875	0.05927532095000131	0	0.016146827971950474	0.2490509651369812	0.030455213713402374	0.011724820149434418	0.04325758788367484	0.0030800538903935776	0.0489480359933765	0.11212859241611162	0.0038776701239211357	0.00559342493524247	0.01454809643079465	0.01759050741241285	0.004833932699679111	0.019008505477190015	0.01305048646431788	0.11621702654942376	0.0037535106861329363	0.017967355101869278	0.03612795828721246	0.004697005203515675	0.014703148531488101
TSs138B	0	0.7521845259056008	0.2039435598379156	1	0.8132972006315895	0.9168385839080947	0.4719087851323339	0.8629573460807205	0.9527331779323648	0.37304035882428055	0.4298755418292572	0.6032366194631346	0.9221634896128247	0.7898595872012861	0.9680157041830487	0.9594819009066973	0.5692873881133403	0.9187411084606621	0.7997905107045715	0.851022790978132	0.9885093216289722	0.7913673489609652	0.49136791358026904	0.8268038905586075	0.5566891500524521
TSs22B	0	0.015410882657530106	0.015197773803691302	0	0.008862255986654754	0.01540964892021333	0.027752657156581834	0.009223824721369945	0.0020512206508100012	0.00975275464769164	0.05242550155905288	0.006284062455498734	0.003392559265584213	0.006637228262994046	0.0035905274389545984	0.04955352289445449	0.001955625664822182	0.033435020857695105	0.007582201752828378	0.004623178345730484	0.03000009514344598	0.014456772108090394	0.008500687251939561	0.01391389022224409	0.007676673830600258
TSs287	0	0.30670315268072323	0.15301289060402007	1	0.2708929226231448	0.49894352051171903	0.22670343156700457	0.2838608530776208	0.33494203139733947	0.38637089741258435	0.5454862144557613	0.35275063313384875	0.18353728019454932	0.2023755915563828	0.0967653046488914	0.26851068216817925	0.24134059262227456	0.18258330055744643	0.17872718407218924	0.12373438746110618	0.2732751630781103	0.13954794038245977	0.5873393444726885	0.5062284795213465	0.5210402213229622
TSs383	0	0.9410890858334204	0.045524241777323116	1	0.9539556808966118	0.979130412593868	0.9074013780642647	0.9630349524584874	0.9843952681702133	0.9701226338174477	0.97429682879203	0.9823166791819875	0.9654776405208336	0.8943061518608646	0.9444536980745362	0.9031520948509769	0.9795821371919573	0.9382354179977905	0.9604734473547843	0.9474379144384392	0.7900354000833784	0.9635190421791259	0.9111872258166767	0.9202488831117223	0.9429745101090241
TSs314A	0	0.14954411648631527	0.09117230452985516	0	0.13449109952101135	0.05003218196859848	0.1675051282605725	0.10020526558737501	0.12817319752713158	0.21214636697463496	0.14080900151489115	0.253533733934654	0.08600341854495382	0.19483872394254992	0.20133713519315902	0.016322776943380263	0.08432645350548876	0.3686716363429712	0.06450098272497112	0.1775196207583284	0.061072943198896154	0.07754489068831433	0.23907963498540288	0.08399524356947066	0.2832639935605613
TSs30	0	0.2556709037616096	0.15346409902605238	1	0.22804903108811447	0.5351986015834235	0.12467490015409445	0.45879267718886624	0.33267233487589953	0.39049953165126944	0.6000836061329937	0.30461317688391515	0.21344291119716124	0.3233844789852494	0.0340993243191604	0.18903744243232704	0.22229903591749559	0.11492264237409013	0.16909524480272928	0.17639507211769834	0.037959544075328436	0.1077774966503047	0.29337384265801275	0.23379902625873336	0.2512971849734385
TSs291	1	0.9164290733150796	0.07284179321285171	1	0.9217099905976105	0.9791057312811025	0.9617161959511784	0.9845549390024395	0.9133100649092782	0.9281421585648195	0.9907307722370557	0.9818701582854568	0.8898879754200651	0.8854068224844547	0.9152778226304015	0.8397807689960773	0.9915335654537736	0.8889556083882483	0.8914774653690235	0.6780265649634669	0.9287719466861383	0.9655467094418694	0.9600963404262807	0.9026381876268024	0.8517516681836638
TSs157A	0	0.1449707634881167	0.21095489677662035	0	0.06501834975200323	0.12061512350912851	0.006055442585834511	0.10572946592471484	0.12457132360984255	0.16608097866759242	0.05587169606449554	0.022275015604686126	0.02634036451808469	0.48799327822711547	0.011031981655156547	0.060891225420653776	0.06914547408335267	0.0495978702356159	0.08977603521278961	0.04599750343882066	0.08215770742950101	0.013574557902935113	0.009055463321119017	0.6006476064368883	0.7520071559140066
TSs27	1	0.38477329875250754	0.13472057257281506	1	0.3881109290284139	0.5732319418802005	0.23644049785192398	0.15791850084931136	0.5610116910560597	0.3842065715162602	0.5753138441297702	0.34785354132053864	0.42481513956835604	0.39201528654056755	0.5164907129830147	0.3775468625014807	0.42637815646821153	0.5267599810088055	0.40325555010207315	0.4836962354875026	0.36102588309348516	0.29531495953209186	0.34196541624992366	0.16428439358995592	0.14594080932061868
TSs363	0	0.8019212122093619	0.2059528905935108	1	0.8840579898313099	0.8688251818494489	0.7616435027710245	0.9067931798748881	0.4799147031435607	0.8491387126135402	0.3690014740953926	0.5224868957070724	0.965563334962892	0.9257433452067813	0.973853545877914	0.9980478462417718	0.46381400283084695	0.9791150356910121	0.8712956654503796	0.9484145139098931	0.9986762123106103	0.9262536877429387	0.5334228401390236	0.8968203142122403	0.799600249556007
TSs9	0	0.20424242089533817	0.16917774055272897	0	0.151678879380566	0.11297458814667735	0.15409079113680915	0.09171212796501624	0.0748134159241181	0.2714333571787354	0.25102097406200635	0.16083178444572577	0.0497762653520473	0.17611263754703305	0.1492669676243229	0.6868844025119353	0.07908545095995081	0.24580323821341316	0.22169757874299906	0.06925564451387813	0.14825948355844168	0.08591483623889976	0.10917068839365235	0.5903843381628463	0.356359847228255
TSs151B	0	0.40006822779937573	0.481194116009756	1	0.027358878628160572	0.02298798361881785	0.014271516682683796	0.9904374316284527	0.01813273648569982	0.9505790938420583	0.009380475265119894	0.0088014757935372	0.03236891438430191	0.9538507194435997	0.9681835509126689	0.9978117931511656	0.00982326142219535	0.9635260630924772	0.9711982446715735	0.028390827624962655	0.9985802452206355	0.013629265757965114	0.01211496129092612	0.02632692963135849	0.010969066067316215
TSs133	1	0.5646156970034781	0.20866856469061004	1	0.5516833312365572	0.5585082639970501	0.5994932667882709	0.9714013113377522	0.22493360182518604	0.5750787851394693	0.5084043863980328	0.3971922945715976	0.7819952926230169	0.271026852502729	0.336723677191365	0.8996121603712195	0.5223419208818932	0.6014558297247012	0.40837880774220886	0.5664264100004673	0.9498526669999477	0.6779366862590642	0.44300216857884483	0.5448583984760644	0.45369115866067933
TSs155	0	0.861242942745236	0.14171442183987243	1	0.8992644356679131	0.9769701927614958	0.8302237410464415	0.9827297835240366	0.8932863054683929	0.8892235008692444	0.9033284985373566	0.884198299685301	0.9173060047072168	0.6955210071149301	0.9544546147903378	0.9838956239481516	0.9492771921511589	0.8952003727984695	0.6654156689083763	0.7824700831607455	0.997686216793819	0.9440375815590659	0.5204031602517242	0.9864845453485968	0.5727464614798589
TSs209	0	0.6903385667165404	0.17647624216870225	1	0.6683119640924924	0.9578320840279922	0.4792924369412837	0.9252173649850665	0.8592808560060062	0.4905151586919176	0.880536499036914	0.8910552912109186	0.5769122090711579	0.5740447263524603	0.7245312082885257	0.46619145507438164	0.8116668799498032	0.57752636546155	0.7398926043971719	0.389755598615606	0.5942054670994928	0.6120927198964592	0.7746602915872803	0.5827905476899512	0.8987715699468707
TSs136	0	0.10136544060641206	0.1202213875917999	0	0.05767701186685775	0.2980993796127583	0.05647318640639886	0.012113541978216685	0.05888083732731665	0.07721198827594222	0.0531539243548825	0.06860155946272564	0.016643492455746898	0.15892005169463788	0.009203510012325361	0.22373023514186663	0.062249930395990485	0.022633046276575145	0.026153228817664333	0.025016259303097792	0.12772206517874848	0.009341688575620876	0.028238880813404938	0.47356813844852946	0.21935386759579226
TSs22A	0	0.02470185131043188	0.023888445505550963	0	0.018673523621901354	0.02696517939730711	0.07156907860167536	0.02145130973630032	0.006314771228214633	0.012625615659714052	0.08145092171788534	0.015789747461529866	0.004816876357439306	0.021081987862358608	0.022047070249381434	0.07882317455484283	0.0019169601741862372	0.02470701001197713	0.01473090040563414	0.02161043915949274	0.0042144025274832	0.015714139723042083	0.0162650593814441	0.02461753008785679	0.007324851910872293
TSs357	1	0.4254069001782225	0.3123265681591723	1	0.2701888415219056	0.14346742794649028	0.24024668113425082	0.982275496186485	0.2755334524542253	0.21388490839343413	0.15711676195732988	0.20147327537543927	0.3135766857509944	0.644046038178879	0.8255193935400085	0.8648018563535557	0.2470768916045497	0.9826682945271101	0.3202922007091159	0.26484423058958595	0.9336300732800031	0.3624396906417675	0.14903116100788377	0.17075417754538197	0.21545930638795893
TSs161	0	0.870367375398936	0.10776201161356015	1	0.8919178905100322	0.8163946803668225	0.9418682770247307	0.8437347347671695	0.9529085353194846	0.8679720048952214	0.9708194139970184	0.9410224924955415	0.7374783989915086	0.9523440508496229	0.7808278261948521	0.7289266569794812	0.9600619841979966	0.539449552778346	0.8841643308933734	0.8601745164327343	0.8910264099171169	0.9296285128657081	0.9584448787341311	0.9572908791749094	0.8928093711029474
TSs11	0	0.6615629856092518	0.15990570260637915	1	0.6352904283325886	0.8709705189194363	0.8277843893685324	0.8619861078094208	0.755482315154783	0.6291737600137186	0.9395471783717038	0.6002651989230363	0.7196340211941081	0.6011621607412244	0.6615183409352996	0.4619629103751867	0.6414070966514588	0.4905706479377592	0.5246768137169127	0.8118015229412041	0.6072653423434271	0.4495719919064653	0.8540172669251367	0.44969398443181413	0.4727681435244082
TSs5A	0	0.39984766323070137	0.23069571412536866	1	0.425274643982246	0.4115456753440961	0.4192646982730014	0.7614899269684896	0.06662639306284929	0.36992656291451054	0.6630172605423933	0.08812180625898051	0.7916708403940275	0.10682224828767475	0.6965986969065976	0.5522350401180925	0.16995790563926005	0.2956279662212366	0.4312845896914906	0.4648050104943424	0.2275493723033487	0.48372126000527055	0.49347091052684006	0.036550207721331336	0.4666668929401928
TSs131	0	0.3008597534833869	0.12564345366739893	1	0.2870021417611628	0.16992992624761405	0.3240486378367358	0.1393561837938876	0.37909486996572983	0.31653272862838605	0.22139924589311036	0.4722046416128249	0.1366453607916745	0.5989221533218382	0.23273042332224245	0.3117358515340873	0.20692787967775428	0.341853551766644	0.2306333713929433	0.5522791498622937	0.19332855620819434	0.29428023888433147	0.27972404463799405	0.3450174678632777	0.2705507864261746
TSs294	0	0.5018500301907529	0.16769646215312703	1	0.523062776723724	0.6754456040090657	0.4343449168772304	0.519803467341887	0.712618006214717	0.3249764498822199	0.7770508193315427	0.7075036130835384	0.36971462861059906	0.2479302913799167	0.5670555362152524	0.3109061841794142	0.5387944515618919	0.6679359719314852	0.51697693611267	0.520987229898258	0.16719660253835636	0.5251383235491901	0.5919511984555824	0.32427864520546523	0.5363917274367751
TSs378	0	0.3491173897905681	0.1733954630326139	1	0.36170179799497126	0.8281831395286857	0.37375126688856575	0.5288386387389379	0.42498864943543174	0.17581067719081614	0.3399871856371069	0.293274477680345	0.2896893829963454	0.09663942954827982	0.4160441974696878	0.25238152831263416	0.17054539629554355	0.3736731652634891	0.47270442852284406	0.3876200550449958	0.0796439210337372	0.3497304307264534	0.45572224553548124	0.17043868028574194	0.5026808996762386
TSs336	0	0.19309163035797752	0.1198068605412915	0	0.16740705171782394	0.2395617487579363	0.23493407100869731	0.10181094504614434	0.12482694752127382	0.19309233720475028	0.27295053634656286	0.0425408434300587	0.31852395177659426	0.09321317294982305	0.25122759127418715	0.0982532953224156	0.19799890529828934	0.1417217662308976	0.1242315197124656	0.47827548245656415	0.25352245415678987	0.08202822948904888	0.4371571814916673	0.12193247235155213	0.054029155333832
TSs111	0	0.6755353751931089	0.2167615575106429	1	0.708238019334309	0.807218661490357	0.704731048400497	0.9301432060456253	0.4198879849747022	0.8886387923493203	0.7246303687858916	0.540936797486166	0.8032708133480027	0.7117449902681209	0.9148909526308413	0.7804363599689397	0.4674334132886559	0.8298293644710261	0.1530722710014803	0.6461923775858981	0.9422437630806592	0.25348252574668306	0.6704930663082127	0.6305417663087782	0.6908889803223208
TSs56	0	0.2355973326616244	0.23057420044803256	1	0.1464015675088836	0.8659271950837536	0.10705349261823437	0.23939361484596214	0.14166226438483778	0.6214730627436046	0.5306209805360975	0.26463139257559004	0.12974026675117556	0.15114087063292947	0.12983976164551916	0.19517685603523813	0.20228900933204252	0.053744685184630735	0.046895446916862676	0.05319647251928716	0.03945617060620165	0.08286860226443367	0.04574694961523788	0.5799653208388009	0.2311242381020481
TSs3A	0	0.19920169991515568	0.13498378277157205	0	0.15000211340795397	0.19303624040516476	0.46477560317094	0.044815105149255005	0.3733232355408282	0.12157013401633264	0.06187654066031495	0.4757828217881912	0.13813216768427714	0.199091551306097	0.25075779566564416	0.12456851422008411	0.15005615027413022	0.11417687246946254	0.314376289786686	0.14994807654177772	0.033541785692753096	0.22109712399906348	0.3744754064428367	0.08821098445068336	0.09042159903859184
TSs95	0	0.3229567101062936	0.18772838011860377	1	0.31411642876194007	0.4341861118413037	0.41209568469363156	0.4419160947527358	0.6414405384153412	0.053190413558570876	0.29290961483136774	0.41644080830613484	0.14866569329141685	0.5887698506784584	0.42721526309186875	0.3068548182588778	0.14769033082635136	0.4341131370339919	0.039170319445708424	0.6538845317835684	0.12104119724569234	0.10337152866929052	0.2030126616158657	0.27178756452069486	0.32137803926500236
TSs2	0	0.03538335796522877	0.0769915498119146	0	0.012703566569197003	0.03608635935408393	0.02603052085335748	0.004312763254528344	0.020103670409345905	0.007324392024274168	0.05295535234138767	0.0446901123205394	0.005369964421600144	0.021237006232181395	0.012234643658015862	0.35648024783085536	0.001214322137587139	0.007605177357470034	0.03291643267881309	0.009602998417959583	0.03262952191256445	0.013172489480378144	0.012052872720721305	0.008487519534785803	0.0031607923641264186
TSs44C	0	0.6113677798185744	0.15608769189122243	1	0.6091279175687221	0.7604313251531906	0.5144994391990367	0.5318739649748674	0.5160633362215504	0.3633607286039087	0.605390673018625	0.755216173546276	0.8506019967792202	0.41408451846090566	0.6399803168583105	0.7745773382492132	0.4977644233139914	0.3028817398751467	0.8668302074758948	0.5169381539679285	0.6769195880150755	0.612865162118819	0.6018012632258806	0.7507408999720296	0.6745343473416183
TSs201	0	0.6316017584862237	0.17464440456476335	1	0.6458292245881545	0.8962290384847295	0.6674085987033365	0.7076858999881321	0.6280386865721037	0.7198362267306856	0.9129197357945767	0.7908398477251297	0.34628700401952534	0.6229425148226858	0.6636197626042054	0.5630210974074527	0.4382116749821597	0.44043226573610816	0.5563808000649411	0.3614004421040188	0.4277913736900393	0.5144237712573491	0.7081022854602097	0.7705107296571483	0.8959534139199367
TSs217	0	0.8724585736107361	0.12590611029541648	1	0.9111784767129879	0.9961735234494176	0.8482172048490461	0.9939848272743015	0.9209146103922567	0.9796027803964928	0.9928500691663612	0.9233627870363277	0.797619027873734	0.8057318466439345	0.7491344164962623	0.8675838101135587	0.9809641874943134	0.6762985847180031	0.5853600761942703	0.9014423430337191	0.6423850047044968	0.9559368275143103	0.8831194370901074	0.9805222076484611	0.9679679001253488
TSs168	1	0.31807475799959467	0.2320162345435195	1	0.3395008168025504	0.5301369645556196	0.4019631594637398	0.16660801218396892	0.13402178571014414	0.277038474141361	0.07710205611346188	0.5948940835888452	0.5678712085034984	0.46665141413873845	0.031680204970019527	0.07819150484746457	0.12524234941571158	0.4040237189251408	0.049685321670375274	0.004681083876664189	0.5983540093716243	0.5657508888033499	0.6348446175919759	0.5481348750787929	0.10461942704139769
TSs98	1	0.5920252388678604	0.18987573685114023	1	0.6123244710670379	0.8236318547609263	0.6117318707385585	0.5773459476212992	0.7730251730833153	0.7234833141824831	0.8385395087447577	0.5696018730417804	0.18867068133118836	0.7721690186213459	0.6129170713955174	0.31352349570129406	0.7646572599118994	0.43428049111717126	0.4025066253377327	0.62272008361605	0.3169053716267076	0.4200031462092913	0.594461499444893	0.7929520472896152	0.6873784435813798
TSs116	0	0.2972033806006064	0.15189253863214847	1	0.28841409562925124	0.32490690221223056	0.5939948377306156	0.289696422356379	0.13150920782536124	0.13232763429363142	0.27311296979590055	0.28713176890212355	0.45236477258495206	0.13430919741768976	0.3325591032922692	0.1397909188376158	0.4967424453109995	0.14513594996962223	0.46175608045282424	0.35947354409014776	0.1999933979670382	0.5316048298091506	0.3412822047386168	0.061738517444439325	0.25463690698052116
TSs53	0	0.10165690306921471	0.08266760433361142	0	0.07663324710855587	0.027442706907845754	0.14051117434738272	0.0127679893571534	0.05061534727013825	0.21089179554674714	0.10543307961742691	0.041736761825752235	0.01854151841514797	0.23640908484027948	0.03317689231540293	0.24223274426021177	0.07480948608064608	0.07845700813646567	0.036848105632866314	0.06250729201984619	0.09487931983308726	0.02355687289791662	0.14013739876377268	0.2813218390097113	0.12086164430649414
TSs63A	0	0.4303533203588218	0.1508513018540579	1	0.4179599814239804	0.5634514222310042	0.537265358396325	0.5940820234812619	0.43177643349990513	0.5361480149177588	0.7495336456496752	0.3711601417516223	0.34485958616123585	0.4425108411275752	0.2861461391143283	0.45866710729855387	0.2910449285233326	0.2881141493037573	0.3527790631614561	0.2077439332589675	0.40414352934805564	0.2676883914563802	0.7321411071966697	0.29981744663004684	0.447993144668525
TSs158	1	0.8151504754102831	0.13942710536699354	1	0.8513161952274716	0.9334278172384141	0.7346007937812475	0.9051856861587506	0.8280968243446315	0.9427371569026572	0.957670461001224	0.8424149644601128	0.7521369355399584	0.7927107889258717	0.8790090160290573	0.579209761189506	0.8217397153386921	0.5248981429903349	0.9284043235843296	0.9432518490109175	0.8602174259948304	0.8961303811448558	0.7071950715033841	0.5212732100535679	0.9526991830133203
TSs269	0	0.06678500754928554	0.06804609795026875	0	0.03628239364474918	0.03344523145529502	0.11512854774841995	0.13509857991746654	0.011921873015266994	0.008351862086533457	0.22828701754870945	0.013340903064654342	0.13230367224007308	0.04173103020701303	0.015928124812205062	0.08501448804848483	0.056649943837770535	0.23018464958492948	0.013064398673510806	0.03248400270897006	0.0243828441935808	0.02552907135397896	0.06601966234281767	0.039119555834203346	0.02771469231182707
TSs317	0	0.18199180600671713	0.11823144021832124	0	0.16615026869023866	0.10771896382669922	0.12766262961730085	0.06884115277882775	0.2677130701939799	0.06853038919835476	0.36353225732332883	0.14699351633662555	0.10815644973537314	0.264276825535937	0.34101919455565655	0.010365124308442136	0.18530702104385177	0.10542172991984056	0.21121956240010087	0.33000887903936515	0.03599076880035597	0.22432986405265032	0.3785187292304389	0.024333600452698792	0.2698963917845153
TSs49A	0	0.5595309365847267	0.20250454349468355	1	0.5767846899164099	0.5222529488343598	0.5363021943544857	0.33318332561436187	0.5552873406088238	0.8463220289352038	0.7916956471747466	0.7046334693838644	0.7078988684209947	0.5835262934055003	0.18525595865124714	0.6783952216828716	0.6434117051897239	0.2975627870212922	0.775359924865858	0.6937099277629489	0.2521287514474543	0.7723102586252201	0.22836484068053084	0.5700430864273194	0.5129741526077296
TSs417	1	0.7380607760537796	0.15676555374234216	1	0.7978388086048677	0.923069281089597	0.8391313225707395	0.5475498091973141	0.8942056669172623	0.8382516255331578	0.9015976173004363	0.86645137923943	0.7047281561736419	0.5122629933908479	0.9217269802131116	0.5503311840061431	0.8191616791870814	0.776515938022654	0.5507118232884856	0.676853050305224	0.6005358424453873	0.6085414614681331	0.8579668168763986	0.47959762999040073	0.8920252638601457
TSs195	0	0.4450702645573001	0.18067148789044643	1	0.44890472305553286	0.40918021820665595	0.45996974990230993	0.48496053415159	0.31439929239181386	0.4104017555515645	0.413365637452125	0.15914756363974708	0.6049776456316527	0.2930834006717314	0.4378396962087558	0.7322751309504876	0.19579813294238463	0.7931836995272841	0.47860577889578704	0.6649123982678017	0.5138979095829608	0.6257879803396825	0.2153565704291558	0.20095703939687598	0.49330515700563476
TSs371	1	0.7888506806554229	0.19233186253204848	1	0.8589807215900033	0.9689655005322865	0.8295183251392576	0.9347995417153213	0.9703233229340574	0.7765123547449295	0.9569579344771157	0.8447810923071911	0.6539700846879687	0.6319019477625144	0.8731803508728154	0.6374764513978999	0.9330931728662304	0.613242913888323	0.89436611649215	0.9191085099497772	0.23923589426149444	0.7295165429205648	0.9095090055797653	0.5029479156261434	0.9576066349526486
TSs23	0	0.613465766651246	0.11711748700527387	1	0.6373581318360908	0.6217339556765183	0.7623220152567622	0.7256756011317244	0.4881665404574951	0.6814976419762845	0.7203860273692202	0.5829203059653031	0.366842168027936	0.4459711135031188	0.6427663027732723	0.6758674406772348	0.48885286909455755	0.48803302835489826	0.6319499608989094	0.6788408250265605	0.697968083888937	0.6065871488040149	0.64753078889009	0.4974935641827894	0.8179099510692938
TSs51	0	0.12637476009990506	0.08965068560207426	0	0.10101382742633823	0.24595705067850318	0.09223627797216648	0.03779013255414988	0.31057972616937873	0.10891178599359337	0.20470348249120285	0.29702520820753686	0.044255751830400925	0.22367111572789344	0.05966749896523157	0.03172465646465455	0.09311586885908309	0.08785772532148552	0.06002023711562779	0.14689221097314858	0.016373053687196798	0.03155771857269367	0.16688660311212433	0.13120408435710162	0.13706501294492823
TSs59B	0	0.012236847310170672	0.018999590343372633	0	0.006442390038014789	0.010372105119015458	0.008347395379663988	0.0031098528202411916	0.004020031268055888	0.01299856232960588	0.005765201105883692	0.007119578970145887	0.0077198643498014065	0.005755524719993833	0.0023595531487123063	0.06345904344745057	0.0023950909888562967	0.007981247418876592	0.005335541481785012	0.0024211857097525204	0.010586095846663706	0.0033271071514125792	0.0033425107930847133	0.07052147790099567	0.007799976253416306
TSs365	0	0.626140876574873	0.25268393873455497	1	0.7019188975471427	0.7019510718098452	0.3640698231754473	0.4510056323983496	0.3404489559421897	0.48312317156929796	0.7018867232844402	0.43234833789693883	0.9776768470434634	0.5582789178487215	0.7927857438745991	0.9937273211005213	0.3269270669747368	0.7981679432934966	0.7565862451592079	0.8827410808365129	0.7094378136483547	0.9184279632125486	0.06989091044712614	0.4475941074224845	0.8157418545591774
TSs224	1	0.6109129253780744	0.18393923063607828	1	0.6402442507192103	0.6570626688227229	0.6880707459830953	0.6116400358787565	0.6234258326156978	0.2530079727305724	0.6226642245350257	0.44347482339356536	0.8020894006735972	0.4702757691673764	0.8082828095082782	0.7915878177477792	0.43962771406447737	0.7708834342243476	0.7723800161513542	0.7902496441135903	0.8398864099839098	0.4553163569593621	0.3954260538978913	0.2845398041142704	0.6983669729958188
TSs325	0	0.7292273011700218	0.16401363907642538	1	0.7698063264917802	0.913881060401396	0.6599819468147279	0.7753604732801486	0.93912972873605	0.7178550028968649	0.9299484138570443	0.9321926810401436	0.5468241337952806	0.4882516082607617	0.7657988220760686	0.4905832551668177	0.7738138309074917	0.8059544343182301	0.7849360243126696	0.8846450635750865	0.41708460359952915	0.594994012474882	0.8908167197158804	0.616230746782853	0.656263461388511
TSs119A	0	0.3977122164726094	0.1559797693680734	1	0.39456184273897604	0.6188496318191959	0.37199887542873095	0.47912531916982265	0.42009945969865686	0.2810375306269222	0.6375124859135183	0.4593723512591941	0.5705493397518963	0.46332564586045005	0.5450123455180224	0.1324287498155299	0.1781719138784849	0.6450455447147382	0.2628323820209496	0.36777848110623945	0.20829361097279495	0.41712481004922114	0.3394342650934121	0.21612747148459746	0.34012411526981157
TSs166	0	0.4452501640159978	0.24537334929606291	1	0.4803872799859026	0.5763588534999496	0.25669908943265285	0.39526861647403794	0.6749475126388845	0.577199260603671	0.6111213607773962	0.33405022510947335	0.21053037520232964	0.7835446818918291	0.37974770011020903	0.02169670822448066	0.8466960056220614	0.44019627283041046	0.6729892967208977	0.5939237448544107	0.20000088646400493	0.08820544416341082	0.05841522324407934	0.5205782871413948	0.6628337353143733
TSs297	0	0.15321835166150935	0.11429984804882203	0	0.11135215040919925	0.11650519991349825	0.41943504274633764	0.052840947080241105	0.039873541777785404	0.0517857663295223	0.3540237886653414	0.12855124719235872	0.16536088487795741	0.2036382939907269	0.07564603872622558	0.23815625274329352	0.19441785703403397	0.07247709144613183	0.348184748509013	0.07460275576091523	0.08059719455843618	0.0873396511836494	0.22828956370481115	0.026442066085008948	0.10619910090490026
TSs338	0	0.18214815395746303	0.15016858520321125	0	0.10801233164304473	0.03615067347430086	0.23956395177920625	0.06975563861341755	0.0743915539672832	0.1347406539008679	0.49311475599333254	0.09653400365359446	0.3389534810861029	0.119490659632495	0.15708296217358103	0.4385566007610775	0.09100631412131578	0.09058887255737925	0.18226459406133538	0.08203458278416789	0.4658200626611223	0.05030385346939921	0.34635680427038146	0.046801956695022004	0.08945110349387875
TSs293	0	0.11935556199450256	0.08640141064392934	0	0.10213160640755174	0.15171899504100805	0.13803598349558685	0.10927651883337434	0.15032636622851114	0.09169696705526141	0.23843891774893797	0.21927885412781706	0.04045969231057374	0.10700061043385255	0.09726260238125094	0.056964607211507715	0.3150200310720214	0.027126522927227274	0.09153718534756282	0.030255014535715247	0.01613197949268709	0.059311006334755965	0.27998556938742164	0.03083865584165039	0.1364451600833275
TSs24	0	0.47801967801218714	0.2604657284989079	1	0.4484550617823382	0.07528595925310143	0.7918682911701506	0.1439608893946912	0.7775880550908084	0.6254989785387383	0.45029153784128995	0.8255945433834344	0.7323205345529231	0.44661858572338636	0.3563256621559363	0.029417228219294204	0.404125321241082	0.3909455085982715	0.5900611858221392	0.6302426762205227	0.20341145357846266	0.6043127056593706	0.9077384523827637	0.3346977668117705	0.24008822460560392
TSs334	0	0.3783574216970192	0.1877224955422453	1	0.36571656318458035	0.8348592507276899	0.345193799395033	0.3862393269741277	0.5607867497871062	0.5336247766856257	0.6704551289870492	0.5601876579214011	0.19395877141895546	0.44827901273514414	0.16587337750741277	0.17442228067581497	0.4178918760139487	0.1714288944234963	0.195979979019295	0.23538143599052402	0.16405249869913652	0.3107584770890143	0.4173174601484997	0.4543165412084517	0.32614113853265747
TSs1A	0	0.05171495707281816	0.07741546197199363	0	0.03847054732392747	0.05086875360279144	0.039850801949030484	0.0042804867521071275	0.00918563609540974	0.026990125411754464	0.07065712864568362	0.07509725320935667	0.046382956484369714	0.028800940988325408	0.003256077616140673	0.36976301432036474	0.008823535247089266	0.037090292698824454	0.045585384919464934	0.02873419877175727	0.046944194468781314	0.042537547949146846	0.04369770100478854	0.03708160776057019	0.018671503560606248
TSs266	0	0.15445667502310942	0.09247166798086968	0	0.14746018172670916	0.13851863526648248	0.10309431420931015	0.04913082518229047	0.18233138139065655	0.3372868754707364	0.19984239606566548	0.17899906985449066	0.08306827492006034	0.3417395281384876	0.13158282685097286	0.1763887047417132	0.08534713595783452	0.2718430509392915	0.06961185783176119	0.06998836239844763	0.055965031246649234	0.024080093935689648	0.15640172818693582	0.1779831055685076	0.2559303023062054
TSs277	0	0.40941610331678174	0.22614130721299833	1	0.42066878984106715	0.42214806159992857	0.470600341503138	0.10518788005067269	0.4484620353089832	0.3131568237571035	0.15020490406965822	0.7706965972210199	0.7953080555914093	0.35668502552791864	0.41918951808220567	0.6364507778318884	0.16017410434055035	0.46937212207110995	0.34850419905941915	0.6250008892120982	0.21529817483617872	0.06912605265230848	0.7589325966283467	0.4975013748210948	0.15632253217060407
TSs60B	0	0.3032183378761717	0.20437994127480624	1	0.24887521981625396	0.21592590283720686	0.3667066984486233	0.11874523940807102	0.16862410535915728	0.4323762257536106	0.4319042584493732	0.3711824563115518	0.28182453679530106	0.4856399415117099	0.11355282909073183	0.7612530208542665	0.0728272893126328	0.35723798070539864	0.0966338004290801	0.1762426085018243	0.15432786660196324	0.2047218243616449	0.3447041996698856	0.7851537123135377	0.12478226080786431
TSs303	0	0.3745539237884524	0.19222165492777823	1	0.3134987457085975	0.6031887996504356	0.4733343413447016	0.13285423537651192	0.6680316237990879	0.2376178041512992	0.22999752130733758	0.6274073946269926	0.37346895798325525	0.5812432588822135	0.3211345248120216	0.027712684224175617	0.6353836402321046	0.3058629666051734	0.4329950697790111	0.25937497570417506	0.227901359502232	0.27821238390138614	0.6182079886209741	0.18504536837323893	0.2721035768927214
TSs120	0	0.7379806229362345	0.14720900901029557	1	0.7792387270853693	0.926720404999933	0.7018906051737286	0.8950273251810897	0.8582283495867622	0.6385494424106747	0.866271867099111	0.6931860944206198	0.6222189278198711	0.5472670323095127	0.7953065925706917	0.5042928076903277	0.8577227196981707	0.7631708616000469	0.8709667890262577	0.8348919671980908	0.5427549305023001	0.578228905581919	0.8571228804502969	0.5062623063035998	0.899531649101686
TSs132	0	0.48472863838152486	0.1605841215298204	1	0.48342378279471043	0.9046124305958448	0.45209347485873635	0.541347361699214	0.6325612124078775	0.33825158584560644	0.6919382574863242	0.6256574528629661	0.3999417595715194	0.521795072431294	0.4957487849480276	0.477980384652836	0.4039841886246626	0.5468677980299916	0.39701766429243673	0.43876290255351863	0.23172480762129036	0.1631376869790192	0.528339715107107	0.41394304612564076	0.4888671809365848
TSs78	1	0.833968107525715	0.20934223971823324	1	0.9126862772785975	0.9768842238048498	0.9696604840012085	0.9737124533586616	0.9237058001690686	0.8681765336715762	0.9919131354255856	0.9936523747270535	0.9944416704757648	0.7751030612048059	0.8521445351936331	0.41024568828326	0.9836391305260571	0.31356347258903117	0.5740278339361831	0.8488071388813602	0.9016667543881266	0.955262614235591	0.9829209563713647	0.8743222447443177	0.5155120445268022
TSs61	0	0.6363773325034815	0.17533836792108998	1	0.649485817841746	0.8548531303267546	0.7568216974343914	0.8374881345375755	0.4089494486926552	0.50150230966504	0.7125627832755329	0.44670941330645114	0.7778536580495573	0.4739151030924499	0.9198847508401214	0.5864088524079589	0.5363607282377728	0.7888079968049203	0.5034970987297032	0.7738944063403069	0.7663441569806247	0.4085855623714841	0.7588507398048975	0.3507788580711966	0.5634778211002353
TSs60	0	0.07616726552719338	0.09920482818832566	0	0.02699088170061717	0.020214465932413262	0.0868590955974733	0.008757318678079933	0.012572187276303392	0.3056543994197691	0.023794778360256605	0.024145981205723	0.0341746057842673	0.12967247634809556	0.01676839581814049	0.3324594006930487	0.01630644672779323	0.11723786495975784	0.024560533259303727	0.015360440879705966	0.029421230141930616	0.009697269269015018	0.04825414521594965	0.22743473703718858	0.03999953793965278
TSs274	1	0.7308222492242124	0.20561959505607677	1	0.8517140802533121	0.36280547534317525	0.7824828073224543	0.599816688298292	0.8520537628095944	0.32615812431364133	0.8627201776188713	0.8513743976970298	0.9011184210346667	0.8551474242641667	0.8894249618091353	0.7516856151545753	0.8833493910404486	0.6452684107996333	0.9595910728970216	0.8846060108247091	0.4948166653592753	0.8550126897018504	0.8587633005341516	0.3169423493585895	0.683307238302964
TSs10A	0	0.04651700436925032	0.06551596073245967	0	0.01992481002690772	0.019439446312741856	0.05951921013067204	0.012441652238875646	0.01000234418184339	0.0936598851477157	0.058847400425168055	0.04933624406458556	0.006220344092737712	0.020410173741073588	0.01117849221581529	0.29374987776250405	0.00741989028005889	0.01766562894194221	0.03162769008391607	0.005177071044693755	0.028326791703205702	0.008344867981353688	0.017764998413909182	0.10505918757704533	0.0741488910451485
TSs96	0	0.47865594570966563	0.2147382365801702	1	0.5117909938730655	0.5227794590934314	0.6967220582110868	0.325543789592506	0.5724600284916384	0.5008025286526996	0.8158445608340813	0.7518513830692902	0.36859612156740446	0.6518112828584902	0.325969518557192	0.10162380255572157	0.5660985538845186	0.18163924392014572	0.37979773719941884	0.21118302616761853	0.21936995309860283	0.5257353980347268	0.8164790284402073	0.389137378785384	0.649674061179149
TSs282	0	0.08341166161780987	0.19612757091153238	0	0.0026695363004093343	0.0008988037848775135	0.015094820472999324	0.0015761444801177635	0.0005085387080810113	0.20485253629846945	0.006070470017989985	0.000518813893086382	0.0015046124028238914	0.039530049753403164	0.0005684849365954102	0.6463126492807701	0.0017404361428689896	0.03167586202090197	0.0035986364579496787	0.00045854468282094396	0.04280745554523295	0.0005959043405201196	0.0014906167320377995	0.636069515507249	0.03236033689740193
TSs56A	0	0.7032138913203483	0.18604484870930638	1	0.7392056422465204	0.5274542813563992	0.7950179703964845	0.7392267237604295	0.7391845607326113	0.9013469284133868	0.9105944606690974	0.8784543896048066	0.7202805964821708	0.9061925614405018	0.6948599717014565	0.4510675371491757	0.8715852507503794	0.43222441567136655	0.5151757928294506	0.3394783644507834	0.8397550208880409	0.6234355663913709	0.9299917030003148	0.4842308882916599	0.7647208424270763
TSs296	0	0.030018663175639792	0.03435425455054459	0	0.017144012503303073	0.04249351493187878	0.041258273078507025	0.012843235448322497	0.009982868477348554	0.004914222446885323	0.08067942358232999	0.07327579928226322	0.008058115993194576	0.009555489043623116	0.015422747048630576	0.14339518385564612	0.004182904820475158	0.004643681407067249	0.01886527795797557	0.023301306876565387	0.02900241266795185	0.029188642593608875	0.013821488432446705	0.03122039304201632	0.004268282526059087
TSs33	0	0.4105199840446879	0.17788742437994903	1	0.42331112213606575	0.6941051491116441	0.5416842861997577	0.5081117099610126	0.42088969403724924	0.5129183577907042	0.7177529098120223	0.5181367528933658	0.1331029134598537	0.4175040858832427	0.1892584420706174	0.46217654944263736	0.21493779319157796	0.6221711333184795	0.15875429576007097	0.1916280776981329	0.37080518609387925	0.42573255023488227	0.39892774927321445	0.508589884735397	0.2032121599260159
TSs311	1	0.6532324278464323	0.19325040444990124	1	0.6455434189288978	0.8397923957988096	0.8244777680202164	0.7833082389729704	0.5992444459914901	0.6251447057544908	0.8542687075944692	0.892481293469586	0.637529446093632	0.8025853850086104	0.6153193395534696	0.4418745289457825	0.6910247097577937	0.20070335343195317	0.3974516193175111	0.6535573917641634	0.5895289028565037	0.8442674945493251	0.8277356284907952	0.6307587507589552	0.31359445079811954
TSs68	0	0.07130534988658783	0.15355582670200146	0	0.025160179061554336	0.021457249365703132	0.0697315960353194	0.011349896824193881	0.01978897365269785	0.03202763314418888	0.0912226580383832	0.025223304589800565	0.012136662261750978	0.053990181828661755	0.010321718937988876	0.7104332601422209	0.005069924878242824	0.046957390910620046	0.025097053533308107	0.011254570220174303	0.06839932454335072	0.023506686346726324	0.00967329619787579	0.1188098289493196	0.05965578733122928
TSs104	0	0.3361943427303794	0.10948476717714506	1	0.32154184810681286	0.17714778959558972	0.4853483580881167	0.33222438342580574	0.30896128410635904	0.517218896722325	0.4173258291728612	0.22759848868717855	0.288731050434108	0.2669931033507222	0.3608040060443579	0.31085931278782003	0.3823033911368165	0.4744423962240493	0.3715447213429759	0.2930651390423794	0.2399618590169847	0.1957896197748054	0.5437658728905028	0.34688502066381866	0.18291633210001274
TSs58	1	0.3001617240246786	0.14916783932451302	1	0.31571468377371276	0.6498715667308904	0.4990059671579662	0.43722439441560534	0.32010178412903045	0.3515108636754066	0.43167295390342325	0.30249562805218105	0.29810425780631394	0.32339967737152	0.38532986415752757	0.3933741041360164	0.18843181804490602	0.17662887449004794	0.09232632197983587	0.17354344439073538	0.31132758341839506	0.0953022369473361	0.11192667990818261	0.355759827144597	0.10589663263365612
TSs358	0	0.30826198123224635	0.45109106906056845	1	0.027334249748158054	0.012867196552794617	0.011968069395145884	0.030028295457468233	0.017424983037345264	0.024804675359401954	0.011525927281922737	0.01797464580139081	0.028923693700784802	0.952938094012059	0.9700371333804028	0.9977572442990126	0.011104946199022081	0.965902715976591	0.026652642618575098	0.028015856877741014	0.9986033159424854	0.03074421155789906	0.02346151491397346	0.9925985009680403	0.011905961312870496
TSs82	0	0.6581542502930151	0.18505234843555995	1	0.6737951028353545	0.8535739412423341	0.872267280466761	0.7750205185863779	0.5458663804584478	0.7666606750930964	0.8781541751094636	0.5528454167762235	0.6787373661532974	0.8557660029976228	0.6688528395174116	0.46870813719062016	0.9671865991091191	0.4005871552641218	0.42426657773135984	0.5957813627326805	0.5163692459926913	0.3091964307161081	0.7463002713471217	0.5360232640445947	0.7509213653308514
TSs15	1	0.5564217895752965	0.2018006166408725	1	0.5626567034366188	0.863914903956813	0.868615577684249	0.5975321828145356	0.5472233699779842	0.3932419725171984	0.8097404534644973	0.6489061584743402	0.5780900368952533	0.44739715371680855	0.1502725224252475	0.8311125407421569	0.38707693169717144	0.18438597166210752	0.679518224848759	0.48391334989921997	0.4062575328570582	0.4914590769147919	0.6440886261562141	0.6120554952324886	0.5036337095690352
TSs3	0	0.11477531359136886	0.08760837435912415	0	0.08847265678990573	0.15178696023762883	0.26234834792223527	0.12247131811505765	0.06854691252845352	0.07297985343918163	0.30476043705096334	0.13505289425378647	0.020778707751974688	0.1591218343121751	0.09451682240249963	0.3079003752315303	0.014598597717821866	0.03535916998152599	0.09392071418813867	0.026003488831834162	0.07493362486115086	0.05448830653349525	0.14318036106423482	0.06973294601201614	0.08302459939167278
TSs4	0	0.16168828138760505	0.1371271497958122	0	0.12579073922873218	0.10216915549666049	0.2189598009617139	0.019223113513369812	0.09637640907130363	0.17144880916485677	0.11865588585845806	0.21633091701907572	0.1824224079279508	0.29836296915024757	0.1227755572314978	0.6677232062754734	0.06555958266770848	0.07005107167709111	0.1544221145566348	0.126115951677015	0.0813163382491273	0.03544559367242745	0.20156137711346725	0.12546552678044934	0.15937983968757227
TSs331	0	0.7674194838725138	0.150249087533474	1	0.7953249508811506	0.8175136013295612	0.9385878454071412	0.7998692822542889	0.8805944994726003	0.7465602095483678	0.7907806195080123	0.9446543993771601	0.8697629309594805	0.873210549000392	0.8153960426047955	0.6662147756453864	0.7134622443359678	0.7145717942160724	0.8395840576772005	0.6882223731575556	0.3200597059634964	0.6932723589554902	0.9801753818002769	0.558428302971319	0.6974687032657105
TSs314B	0	0.12070501262800101	0.08176141228318523	0	0.10764205383039706	0.018355816219900054	0.0660934442225611	0.026872375752188496	0.20813745631816774	0.24491396190734216	0.2580894065966903	0.06244005248555856	0.007071483677655183	0.16949728769934727	0.2533098174958421	0.1027068934639707	0.10304935840907266	0.19543160197083503	0.17034753578113537	0.017531073856680006	0.13402965256086774	0.07263183284124489	0.1368514199651884	0.11223474925172146	0.05450503208405085
TSs333	0	0.27885121180384387	0.14516011016901767	1	0.23478783395003644	0.43173543100103495	0.19574114521485705	0.30830305514987355	0.48137419713733853	0.416537187126986	0.4853078900398243	0.43986664229762706	0.13626746543591917	0.1402338196318338	0.4665879649267229	0.132959185228936	0.48246977091364285	0.15917014435522264	0.21851156942946795	0.10338182161305794	0.15236046006504905	0.11507227502655042	0.2510640984706049	0.17510129779591516	0.2849788152164134
TSs7	0	0.20933395210275973	0.13589667038631806	0	0.19239930189210142	0.23086708457735633	0.36263214353779083	0.09438633752053925	0.0872433987881467	0.07944206919458971	0.2894939304477414	0.2845329971395286	0.14698524341992847	0.04320499945127345	0.1964045548598609	0.4850562503416366	0.09456035495845967	0.20153764733092602	0.5592414272096816	0.15751155561231248	0.19396334110246388	0.12726220742639852	0.2670050689100522	0.09451316754476945	0.19083526268173895
TSs38	0	0.6073461380245264	0.3110270354893233	1	0.6089556387266168	0.9823713683245313	0.22812629738452903	0.9593271372153879	0.8811071939243299	0.9478053729383319	0.993155589376239	0.912192300386767	0.3309939205781022	0.4359689131912616	0.816507551562073	0.410705846038668	0.8613298767288249	0.47792234132726114	0.166996130754058	0.1699706357839219	0.8659559231142137	0.7399889361259725	0.2703819995054075	0.2775619523988867	0.4185534738317647
TSs10	1	0.5941321403322125	0.1946686520963581	1	0.5904786210833695	0.7397315023425879	0.6675201072844407	0.8567440142863145	0.47353053483712854	0.49573556761679244	0.8867948339782092	0.4973348693271195	0.7723098718162282	0.37508339185126427	0.48851864740537854	0.46415962739264766	0.2855607956485681	0.7860310867792533	0.7589654480321653	0.7609198572034814	0.5909593810986612	0.5899978610680778	0.5860029537808317	0.14112613353442016	0.6656163213606817
TSs48	0	0.7822114078489171	0.194728902970705	1	0.8354810549989624	0.9452591332969389	0.810336695587707	0.08347303016574445	0.8615710157484417	0.7698402086770582	0.9282107941448037	0.936434175310097	0.9458979880738854	0.8337636962302831	0.6784336906682179	0.5215870447945344	0.8509207617235964	0.7360068276641538	0.9075184362776884	0.8779101853667518	0.7007494356931073	0.8421851661963187	0.7958384836469116	0.7810929739444618	0.8371984137676416
