ID	ID	Class	Mean	stdev	Predicted_0.17	Median	score_0	score_1	score_2	score_3	score_4	score_5	score_6	score_7	score_8	score_9	score_10	score_11	score_12	score_13	score_14	score_15	score_16	score_17	score_18	score_19
TSs156A	0	0.18234550378299808	0.1820504324352831	1	0.13600621983448635	0.07733513421210786	0.11635065903791232	0.4341957899707556	0.008941131571035512	0.26817061691273686	0.19193545086207892	0.03615137286065341	0.14953359694482016	0.5409004283846723	0.12247884272415258	0.016596547593205183	0.16355795149200333	0.0037839024740911106	0.007285069663624743	0.6146660701308932	0.025299613816514736	0.33436047012973114	0.04086407986600281	0.19577329375680264	0.2987300532561662
TSs361	0	0.5431084795059096	0.42986163433498453	1	0.4315717239653172	0.983491081205296	0.3293957734656112	0.9815676199873427	0.01884153066069282	0.9844414943723083	0.13710592506842018	0.005001438453755269	0.9838196908635188	0.9895185375417787	0.9842379186720603	0.006742400648908529	0.30955631049300286	0.02761494285149219	0.0018489794672817226	0.9771558423746379	0.3154797541606192	0.9877468637136513	0.34157992551948557	0.5215635224111488	0.9754600381871773
TSs368	1	0.37385216339393396	0.19696464012657824	1	0.33633710156222374	0.22041792562020618	0.3350374271381702	0.691254990615685	0.36737122037323783	0.1218347879572449	0.25978530531388466	0.5669213358572216	0.4295918965615176	0.17376260330627077	0.1449285089853104	0.729717984165469	0.15706313840236955	0.6408059077964235	0.6133648265620321	0.24720879814143157	0.35429328668488885	0.5898015195610667	0.29096742112754864	0.2052776077224231	0.33763677598627734
TSs49	0	0.8440855741861686	0.1364837545104981	1	0.9009928284569637	0.9357534822978163	0.9542701313862147	0.4658707599147776	0.8035709075967973	0.9652448367411115	0.9476857290831344	0.9663999798164681	0.9687054662056319	0.8236581277254172	0.9026296500970633	0.8352137722007332	0.9055035363317278	0.8611091753078018	0.9541676901032252	0.7063595751139571	0.6867894566569713	0.6901441243769397	0.9444872125344115	0.6647918634163104	0.8993560068168641
TSs138B	0	0.4577864130561921	0.2582765014257442	1	0.3928429976762544	0.5118029598649059	0.34725848999232606	0.3818367010581633	0.3287772137202099	0.11807159533383776	0.3369708632800745	0.24375906617045862	0.7024073914164026	0.8088065046896074	0.7238802045746346	0.13329525812543985	0.4038492942943456	0.04555621747695347	0.3369908923775545	0.8190449941605009	0.5994037743931744	0.9202974911922466	0.1560377366479691	0.6127750062854895	0.6249066060695491
TSs22B	0	0.2101325837866559	0.2152566571584233	1	0.13308633303535114	0.18550294401592202	0.03560732916956292	0.1460996345530424	0.02689146381303532	0.6405179359269452	0.15153477360679102	0.5603120766973048	0.024077095584425095	0.07843982080017077	0.11772503072794802	0.11801207173451034	0.08022597931865956	0.21298345501794294	0.7690666238370224	0.1882726160108849	0.4080594475395709	0.12007303151765988	0.09486904563105658	0.00917287370634653	0.23520842652431645
TSs287	0	0.2664338559352883	0.12906433415965818	1	0.27134973898521275	0.2966548259382952	0.6021222722536584	0.3505924624972817	0.2780894190137694	0.17235332712246815	0.2646100589566562	0.1418522946824753	0.33453101901307414	0.17931790541330822	0.16331989528623417	0.2955079208427369	0.2342454404558133	0.20429609683209177	0.3505522395301638	0.4765083323852462	0.306875945917647	0.09158544322531306	0.36648657452955935	0.11562293332241452	0.10355271148756039
TSs383	1	0.48908699329234784	0.24606618070044015	1	0.4373585552262971	0.7739524816198587	0.7289583603396736	0.7300179369416173	0.5282103235675986	0.41900053086265887	0.7968405864657768	0.29858300611676836	0.4557165795899352	0.22235916462191924	0.8224655096378508	0.16093329748648283	0.2705405938430436	0.11398650785565734	0.6091089635425918	0.2809212780487689	0.7375330018646576	0.411414899811294	0.8452676954044273	0.2465306097467475	0.32939853847962763
TSs314A	0	0.43710473219233476	0.2696813193850242	1	0.4908517010058506	0.6486261517033232	0.7708873024009011	0.340822300290295	0.09389470821126465	0.5858436827942218	0.5936361114878485	0.11538368153446826	0.16518217008983432	0.16364014233377544	0.27405944807132	0.7265520384731593	0.11852325396237749	0.548924214454699	0.20803632719171092	0.7054638707212924	0.6973796965381543	0.0250336209449896	0.7629432006555034	0.43277918755700223	0.7644835344305556
TSs30	0	0.5697365755390189	0.2403319702411579	1	0.5565499620078345	0.8212907946823745	0.8288602669726125	0.8577638093124457	0.9207396696392378	0.5698924465530006	0.5193229034252116	0.5432074774626683	0.8180124638715963	0.41752310543025173	0.34282471108406853	0.8487824721395814	0.1500823737553522	0.29519804670113864	0.6602101166756073	0.6568855719101339	0.16990167543183174	0.34817049740565303	0.7375517025980639	0.5057277239264797	0.3827836818030664
TSs291	0	0.5460130696155641	0.23651434333555427	1	0.4753727985702787	0.8544651806411035	0.8049413246345627	0.6426211576437248	0.32262762632745184	0.4634751787712565	0.48176232663929364	0.6065847539053325	0.7066210479703136	0.46898327050126376	0.835472278237534	0.11614117131358331	0.4251974793144994	0.23838903970663933	0.41745030164555136	0.7422755744265634	0.7672041003336382	0.37293489693519	0.9802007843552111	0.27728766768976215	0.39562623131880614
TSs157A	0	0.8084308437158956	0.18356690008091944	1	0.8588768314615294	0.9542316661218724	0.9101800921000399	0.9910898680361899	0.6492287381065047	0.31900893861949065	0.8305479964883669	0.7367304790164583	0.7507068045960733	0.4398117464366895	0.7457246676478312	0.994400139114901	0.7416140445258972	0.887205666434692	0.9844535758368639	0.9396736384295585	0.9235818150520136	0.903609627468037	0.9886078897862765	0.695786796478873	0.7824226840212778
TSs27	0	0.6910723669261056	0.22369069273023154	1	0.7229417176600654	0.84391315789468	0.8859887984291699	0.9266398063402463	0.5673556088175375	0.8948597937497462	0.7063440265086719	0.9301578315821734	0.654467035424839	0.3661812917167231	0.3348305219652307	0.7395394088114591	0.11972872294945495	0.5631927860847759	0.574907457785184	0.8270736636713861	0.7918725056847665	0.5983644205782856	0.9221681740835863	0.6916142059904512	0.8822481204537459
TSs363	0	0.3214820256473282	0.2595930767949852	1	0.30289160519864505	0.05730880680084824	0.5053897639051679	0.5125524557222265	0.08026470685131801	0.3747829368585075	0.1383453673691207	0.07629344230967469	0.23100027353878264	0.43939582722841086	0.44294022578876135	0.046250308121289954	0.6761523917320197	0.013217170290063498	0.06624424997848863	0.948884119144942	0.4222065208541848	0.5901871317217704	0.10949082170508125	0.1697207389989052	0.529013254027001
TSs9	0	0.2149770929696877	0.1838889002763632	1	0.18229689419635603	0.0975916630525883	0.07262528603011781	0.6732967809071252	0.07322800816159218	0.031119833883850468	0.22966960709822376	0.35972713591423106	0.1249357540918208	0.03817859047885663	0.06522362216306411	0.12843071242470916	0.08001631480150587	0.14674203105984732	0.681090385337332	0.21785175733286474	0.21905685842436484	0.24773125536454355	0.2474995059625332	0.24696258499693258	0.3185641719076498
TSs151B	1	0.1317697716023964	0.21300863510513324	0	0.03781211596281287	0.07849854362940567	0.006109229653404186	0.055143705067475415	0.020480526858150324	0.2067098122220912	0.1390270119595012	0.005305855847296553	0.010378770310903432	0.06483963002748946	0.4168897792046227	0.0015056663221867037	0.005406211488128044	0.002630178016158298	0.0019008442524946212	0.8047432472972843	0.004093599044132867	0.08409371473640573	0.005246341613083804	0.5091773335266558	0.2132154309710574
TSs133	0	0.18247832710315914	0.14611058966481785	1	0.14315438509553058	0.20381864797085247	0.016524512636202478	0.10585369519985413	0.11468994265072578	0.1643170961738704	0.30649858327310175	0.08349155012558691	0.16371773824843372	0.40326820431224475	0.261029962678745	0.00645726512992636	0.19458869992664785	0.008418628196761058	0.1208856664568212	0.36993729275532555	0.12259103194262744	0.41943895125238634	0.010979872519983848	0.09260677125290531	0.48045242936018057
TSs155	0	0.11801653569061817	0.11839894400807252	0	0.08005180220913458	0.3365846103947174	0.06494702700309798	0.16952140689559309	0.02263135508432287	0.125087721432278	0.014917119765711893	0.05912681137257216	0.41997639338213183	0.21057377647698172	0.08917988746318169	0.003425254532420863	0.028787568615497906	0.003285497155257891	0.03172785644478191	0.09537912356112709	0.22241389843154383	0.2759432748926849	0.07772973762413495	0.026718526490191376	0.08237386679413419
TSs209	0	0.9108408502559863	0.08299680744548375	1	0.937968986863575	0.9540700873709843	0.9716212955408882	0.972468489096867	0.9603849150385118	0.9714235641768765	0.9581090111857921	0.6795117793774921	0.9870590546238087	0.9281737867556485	0.9442790587684087	0.8986464437722189	0.8034383554055392	0.9342292321127631	0.7366786646545261	0.9126684703347836	0.9095190447349131	0.852490637851625	0.9848124924070348	0.9155238802966533	0.9417087416143869
TSs136	0	0.31080053471742564	0.21308160397454107	1	0.23181621632897206	0.5423486690631498	0.17803253649441664	0.5039537787424291	0.014652645101581659	0.05574795090188032	0.33759602246954695	0.16219658661678485	0.45022656642780334	0.13936019687434048	0.26234396001608534	0.1703148554061301	0.4763505024095791	0.34990740766819967	0.7162214158642902	0.5862887860146729	0.13935725412062036	0.09322261233093662	0.6699102075249247	0.1666902676592817	0.20128847264185878
TSs22A	0	0.3944090947205928	0.2953559531383488	1	0.35777713388790866	0.6194786285399859	0.37790576337375525	0.1751300985995432	0.07193652389807599	0.7515053377672548	0.12364288157394308	0.9112463845957202	0.11805225997060263	0.3555470397648969	0.540277300617908	0.9729914291416989	0.30501211708881143	0.6696784133742953	0.6214722945189	0.10545347867462895	0.18427893542414464	0.36000722801092044	0.023740753421647456	0.04217433058719289	0.5586506954679304
TSs357	0	0.5448935136251088	0.31579558266918895	1	0.5317953488064888	0.9309730980304175	0.31832636549960436	0.7713174455682245	0.3624873950597059	0.8972593075702638	0.33053437819785353	0.14453064470776264	0.9412084149336698	0.934212653442546	0.953395645315426	0.05866682101789262	0.5816657623444663	0.05397856957004465	0.3438542890195677	0.4929349989900119	0.5234280888437187	0.9131327624823816	0.540162608769259	0.632769593802613	0.17303142933674714
TSs161	0	0.4316831100933161	0.26105289712123947	1	0.41280573160047396	0.25254072428633695	0.9470156240013424	0.7443264501718455	0.4656939994547113	0.6345379306014349	0.4717571172413213	0.3513604605755819	0.20296438722726434	0.1659881743926073	0.44349045036050044	0.3821210128404474	0.14148500896439928	0.28595501214618596	0.4481553806968125	0.2768800888371223	0.72777496853472	0.06516725240597906	0.8487400846174606	0.700507309896135	0.07720076461411111
TSs11	0	0.549058108645794	0.23850242093850044	1	0.5627924590463128	0.1894827372689102	0.7843326971233302	0.9095256740491496	0.8792846887504719	0.8066490369810381	0.5202633020299502	0.7787605221165665	0.3948812271231914	0.5013230481035308	0.628435946387089	0.32149419905357296	0.656490371560845	0.32070714782791976	0.4648102467775786	0.662503385290268	0.8259910765332178	0.18057626603635418	0.6053216160626754	0.2318991866079649	0.31842979723225784
TSs5A	0	0.8754132818158563	0.08083898123917947	1	0.8937274354307334	0.9143580201998922	0.8452781366567406	0.8833998610501903	0.9219991528815225	0.8868707286936788	0.9222597622754858	0.9154826782113272	0.9850625960737543	0.9569225301733056	0.9294058940762624	0.8632378576252846	0.8627972753809857	0.8937473083078622	0.647104570389453	0.9045131003724932	0.6803266270711532	0.8350588991508069	0.8940435603126027	0.8937075625536047	0.8726895148607181
TSs131	0	0.30749921556618137	0.16115873419970164	1	0.3024024748406755	0.24400028245416336	0.40663064267356747	0.2070861487252028	0.3086453000134431	0.32241670371251996	0.30990809779319883	0.07634320815361884	0.3177206675525836	0.1354322596079896	0.2545374890904769	0.6263911545144949	0.18497458502057854	0.3475006484661813	0.29615964966790786	0.3521154022490401	0.27148401055091914	0.08330170299256522	0.58060521441449	0.6519312194023607	0.17279992426832547
TSs294	0	0.33808743591932944	0.18054084068893816	1	0.36311140316412677	0.45975710861197966	0.40676996617524247	0.13771518377279107	0.3969465365646298	0.35856207436918164	0.5884244386388968	0.1983030767991931	0.6180737073669407	0.2548402918953618	0.6053994377937578	0.42255780192894854	0.10741814437456715	0.1969900212813378	0.3738501078630965	0.1509905105438449	0.05412820224957291	0.154010626613573	0.3676607319590719	0.624457015335105	0.2848937342494961
TSs378	1	0.5763806819773597	0.20151311170673483	1	0.512833382586865	0.9315618472533183	0.8661986121119537	0.6254964323822577	0.513590718360779	0.7826133863464381	0.3230808675738416	0.5120760468129508	0.7592419320950572	0.5682214719943272	0.4206832087027871	0.358572494246273	0.37317855556576546	0.6043700370903075	0.7858341161837255	0.43163065804678824	0.45829797872065114	0.5042115613227969	0.9456425004922657	0.3627439765103676	0.400367237734541
TSs336	0	0.6239440249433209	0.17788971019979807	1	0.6279371833241578	0.6143084791955178	0.6538364324247341	0.1573290096289373	0.5249026688322579	0.6288367608238917	0.8087745195368994	0.7250247916205337	0.45753726625269237	0.5350978585052107	0.638623716652984	0.5909880925688155	0.9380554628943312	0.8035061424733226	0.8264201378375597	0.6885463159079972	0.6270376058244239	0.5861547037452801	0.5275975357392441	0.7961722009285327	0.3501307974732532
TSs111	0	0.3596485447492751	0.2478462992124992	1	0.34843894912621587	0.4415199409021175	0.08963391063948978	0.3058430868263164	0.4187555515731023	0.39793743887704597	0.3590802582426062	0.1926031614061977	0.8550982303596074	0.5747437258960474	0.7079696171220252	0.022336787421936257	0.3816137986861317	0.03945208431800337	0.0992918988346986	0.44336420696821416	0.08718098370659709	0.867984816862994	0.24691226873925115	0.3377976400098256	0.3238514875932943
TSs56	0	0.7275131907199806	0.1878117803666397	1	0.7881391451991056	0.7637155353510651	0.6888890380762035	0.8490393578539737	0.6858682807972106	0.4274627334821997	0.5397430017781019	0.9389048136546145	0.8390394171522215	0.5404382488576268	0.671907538247758	0.9602333100704933	0.476143214170138	0.8857494918036025	0.9347787964656974	0.8351154331196743	0.2964682371429646	0.8657574731685175	0.8636680908353255	0.8125627550471461	0.6747790473250803
TSs3A	0	0.49716509699801537	0.23288610371349874	1	0.4990833746173487	0.662092648635895	0.5746323873387479	0.5346168220438018	0.45663442721122494	0.871506671299575	0.5006941265755823	0.36849616124767604	0.7930774520848903	0.7787349798250859	0.8252735777927004	0.3068159857131899	0.23252535938708285	0.6417180023110893	0.49747262265911507	0.12745968500564378	0.6924234190690506	0.30065726209746874	0.11051691396128621	0.43320107850296957	0.23475235719823248
TSs95	0	0.7749360645717338	0.1992115497349383	1	0.8689707616189142	0.45506910231787	0.9184487921345929	0.9208524626148417	0.9751031794527242	0.663313826976986	0.8769629950386846	0.4052500428046955	0.8930383641190837	0.8609785281991437	0.9495178351424564	0.9751895745172997	0.8973326717862163	0.7595765082444963	0.9172371343029896	0.7293412456888916	0.7490673209470701	0.3717318156455634	0.7827125253488273	0.9291075902071388	0.46888977594510417
TSs2	0	0.14103849701666246	0.17254896002700942	0	0.07277586752533113	0.31699055126655445	0.16575749908176618	0.07388666388995883	0.053457458716466885	0.07166507116070342	0.011803253896460912	0.4969064100792287	0.16572674131211587	0.03839346300796095	0.025199725183289477	0.01859741044840858	0.34813695180133336	0.015417444951322383	0.6220195215038619	0.1207875288329102	0.11169559414614158	0.08184905942991547	0.011150257501515626	0.02222001230836101	0.04910932181497405
TSs44C	1	0.4100052787643872	0.1926591901676237	1	0.39312102778786573	0.25524547365795475	0.27611482814399213	0.3683779869780087	0.30766135785876797	0.26710595879695853	0.516884458151128	0.45676096317456527	0.4178640685977228	0.5565655133095978	0.17927359302505205	0.15663564187851114	0.6037656517319143	0.14879044364301938	0.6243213709041587	0.8651344192249953	0.4570334052038673	0.3438902073383743	0.494600209883021	0.22618413826385605	0.6778958855222779
TSs201	0	0.7422296468419584	0.14170185290717846	1	0.7785170404727522	0.7800825535653364	0.7557590894856243	0.8528534504173954	0.8396234380466785	0.9125574618328132	0.776951527380168	0.8650432167563313	0.8416680134738811	0.7651221179112752	0.5057568168051689	0.5259955301223909	0.7505453511167913	0.7918752945643296	0.8888902926841111	0.616001713700533	0.9354716233686121	0.4592210653729882	0.7806784255158923	0.5833373935004316	0.6171585612184135
TSs217	1	0.6952662776685015	0.22203776951118823	1	0.7333477579039871	0.4723490143308579	0.7360638275468687	0.8924765645424939	0.8518794480694231	0.7385360631549089	0.4279936149636097	0.8399438808644882	0.7207438443216925	0.7484551554965941	0.7306316882611054	0.8076009732063856	0.6423511611073404	0.6731192532471503	0.9295763072341269	0.7254852731220857	0.9361410808233148	0.68740376984098	0.9704450077813883	0.16580635403530686	0.20832327141990747
TSs168	0	0.4831941319506251	0.2179770749288242	1	0.4776714106030585	0.7459320206269877	0.7345303984845312	0.5167091003252224	0.41455142250917654	0.8238428109839401	0.4440450108482522	0.08715139337799283	0.4743300846945474	0.575165609718377	0.41064285217187413	0.15671645944340673	0.3033102563409975	0.48101273651156956	0.22878820406766592	0.29021805968010533	0.8979362337853772	0.6378606749213371	0.33094854998444895	0.6105076646746128	0.4996830958620809
TSs98	1	0.7546331748077287	0.2269924031538515	1	0.8472685486255461	0.3782792069771169	0.9622525434789807	0.850485350342909	0.951327203986424	0.4646389576336489	0.8440517469081833	0.4466020697625418	0.8918933251963421	0.20264810826890972	0.7974602813097014	0.8999794599428039	0.841538724576277	0.9348081320815546	0.8983968920581792	0.8381734878982643	0.8978640666299872	0.45940596813203916	0.8944194547382897	0.8887837006616589	0.749654815570767
TSs116	0	0.4953353717452985	0.261930008277175	1	0.46796434615923177	0.2999681743676444	0.4977672288421995	0.2890533454608418	0.7232120995273184	0.4294054673989172	0.9683122386295129	0.35689670259208106	0.7464749809041079	0.4452900852853365	0.7444092667283376	0.8698667433525937	0.5010593499708622	0.5759012450963191	0.16214318746480003	0.4906386070331271	0.11825208705989466	0.10047973646416417	0.33642080277180986	0.9263545067694363	0.32480157918666325
TSs53	0	0.2667553939003839	0.1811181139550064	1	0.2335817188916847	0.05112221738267811	0.2352467354900781	0.2354272787901982	0.18445895374950283	0.106889821598114	0.5070757211260314	0.2769966746363296	0.19508928152703384	0.08344051156742416	0.018906717293308783	0.5459849746677179	0.15885117476145727	0.32824131807192225	0.23435282152237905	0.4272300687588881	0.23281061626099034	0.11722019063355608	0.7166824538663927	0.22184508378166032	0.4572352625220154
TSs63A	1	0.6791920800249686	0.15289136399936304	1	0.7058137404441582	0.7705321332311817	0.8328470225784986	0.8487326449250719	0.8672113380367723	0.7309110175320819	0.4350170403964036	0.6968222416251254	0.7148052392631912	0.4968278054591352	0.7986570657567884	0.6813978083543094	0.6520730245830157	0.7174337124520002	0.6466697097748823	0.5624362996796732	0.6610907020359831	0.7688772938392165	0.8307090470294698	0.2488572333458985	0.6219332206006751
TSs158	0	0.38076844847641667	0.19729414670161632	1	0.3981560951620706	0.1484369598729907	0.7179919607474718	0.6967192831069187	0.5335623444838679	0.45053313817288665	0.34745352745813385	0.08946704686962165	0.18959974960819087	0.12226343758657865	0.4599103431182303	0.3938930918196978	0.5243966181991634	0.40339241730207015	0.2433998413638067	0.395159283485128	0.6777739232789927	0.4011529068390132	0.49712255605297967	0.09233614334557523	0.23080439681701495
TSs269	0	0.80321452095625	0.19646777251173833	1	0.8634302460605128	0.9828971113124455	0.5748873600839416	0.9196679147749259	0.862604559621335	0.9681908012627758	0.9807679625495345	0.9272943220943385	0.6746934760623534	0.9359658931356563	0.9608196038599379	0.8642559324996905	0.8582894683329871	0.963558496144044	0.6266473407131233	0.19840369365686694	0.7147534931349143	0.8409063406758625	0.6561377651517178	0.6406698229941902	0.9128790610643605
TSs317	1	0.5845703185157196	0.24178561794588674	1	0.6525075959993708	0.517308231978227	0.9047533866727909	0.17203933210216837	0.36977974711340084	0.6589678487985212	0.960251394587826	0.748195001935114	0.4607915680784477	0.2973659962514218	0.7322283937067078	0.8788509910723825	0.7038711075612852	0.7668969886521281	0.740320890349158	0.39585557315492653	0.4064269854081817	0.19205191292783855	0.8046027749508163	0.6460473432002204	0.334800901812828
TSs49A	0	0.4906147909817967	0.25022374664642727	1	0.506377046248719	0.44297143580144427	0.7010748674355748	0.07263550249341687	0.12264380990784766	0.2095435133683006	0.46685573897468313	0.5126705144278249	0.0926228179863657	0.13926383031544784	0.456903808436015	0.7660106583667902	0.4969440507176771	0.519216665088787	0.8322171610766576	0.7787850500565523	0.6327045462869082	0.8799302531184142	0.592399319930597	0.5000835780696132	0.5968186977770167
TSs417	1	0.6040864791923234	0.19611520623384449	1	0.5865451419976564	0.6010546796496805	0.449101464061243	0.7306077024942915	0.7210941209303371	0.7827186363376564	0.819972602793672	0.5544489507237972	0.32354838851392476	0.35085408028561726	0.7267644002053889	0.2787238974474172	0.5623435363540791	0.4195098453849476	0.5720356043456323	0.7717275828263486	0.8612448533142799	0.39559083706489967	0.9350013001589483	0.7678060960417745	0.45758100491253223
TSs195	1	0.6427795302835151	0.19970805711879983	1	0.7059324075945794	0.5671216036880284	0.33363204407762825	0.3090011995805849	0.6634670483606693	0.39034208993089264	0.7455293723034625	0.7008358902105476	0.8794216729143982	0.6504494375775106	0.7110289249786111	0.7471459267876187	0.6745449058420508	0.7773459609373485	0.7596143207989715	0.5428569151921644	0.7609114791346941	0.8529948244274206	0.1702899354554307	0.7211128402323201	0.8979442132399477
TSs371	1	0.5701903267448498	0.21859641096346988	1	0.6162844834631654	0.7349130489328403	0.41423038719316624	0.7281955568142733	0.6175898242147879	0.6415570590333347	0.21198507604662536	0.2149284888780318	0.4162990921681727	0.3267964109374554	0.7230678633130245	0.82131615875705	0.29116774899109577	0.5967720888160477	0.7774785921169952	0.7971359117535498	0.614979142711543	0.6720222584089202	0.954086248714468	0.3126003418156519	0.5366852352799664
TSs23	0	0.46328025128766004	0.15880111251455337	1	0.4621817428086046	0.31045852207214203	0.42376395575319065	0.5954278087451016	0.6518613755517928	0.4365801767029303	0.6505668002660282	0.2932389349278976	0.5803230206154525	0.17593741883505176	0.5309681515533028	0.63540302377336	0.693687349649677	0.5437944508764923	0.2856519888840452	0.4877833089142789	0.4159170752671259	0.42552931333492044	0.261426111507959	0.24907897663147607	0.6182072618909769
TSs51	0	0.6632850640251785	0.14846706285582578	1	0.6540598515615297	0.571090340423682	0.8208763944092852	0.6553081951980845	0.8880505068063198	0.49332116799425263	0.6934352170483284	0.5649111984527767	0.7893161701674956	0.5446540678638442	0.4393581393792641	0.8630196399232686	0.5804528111142668	0.7144311931047536	0.9143773445010446	0.660456093132075	0.5621512006143502	0.5074884624980105	0.652811507924975	0.8594848238696382	0.49070680607785855
TSs59B	0	0.2690100116572907	0.19211020664493325	1	0.25432364926123635	0.3919089882498278	0.21610593042001658	0.1781919700672814	0.17702195207322413	0.05211222970423872	0.34917276818361853	0.3585837346038556	0.059988107655516466	0.05020568220341534	0.09429541599745721	0.3097771470035343	0.2792961293963916	0.09840553896233031	0.8398998709519049	0.37395024726291937	0.3174489160946879	0.5087591751519566	0.2293511691260811	0.0851847888078051	0.410540471229751
TSs365	0	0.5493150328137594	0.24169880951401496	1	0.5631428037008734	0.7438141508313182	0.35543688742286705	0.33667447790197896	0.3150854542331153	0.49426195828540676	0.5662442119551072	0.39675712944557673	0.6157409260055209	0.9337892828504475	0.8470146571266705	0.10252304570899243	0.2803193921504339	0.5838921355693626	0.32618684112509516	0.8594793858082491	0.7726304422313387	0.9011068786556147	0.31224001788476646	0.5600413954466396	0.6830619856366872
TSs224	0	0.5926529314943904	0.17161328176890864	1	0.5882778099900006	0.5690658153605874	0.6461962014944082	0.7298469660475557	0.7400441991724666	0.5303054643697029	0.7952883770663534	0.5465194574945642	0.741178107757491	0.8358225375744847	0.8278384386957361	0.286711502148093	0.3401441922974071	0.31345435269736666	0.5594031318006214	0.4838550102471327	0.6074898046194136	0.7684398919290651	0.41508717922061034	0.4613868190164011	0.6549811808783459
TSs325	0	0.7514032369176951	0.20191004816149233	1	0.803341429554468	0.6035223854921146	0.941638750260448	0.9022801617265911	0.8771847966425571	0.9539551711883354	0.7169978496095358	0.6610694271855374	0.9179994020582782	0.3373472991738043	0.5822415698803067	0.887580731193413	0.8393445669305032	0.672343396534486	0.9650634261957453	0.7673382921784327	0.9171459406214765	0.2688344727505014	0.9197699883944448	0.7234864821874448	0.5729206281499417
TSs119A	1	0.640640356504145	0.1230588073983432	1	0.683762399612801	0.6042160139421117	0.7813415903862388	0.6048727279461245	0.6766690415346662	0.6573226630780419	0.6149497095084091	0.6951446431751666	0.7516780140231365	0.7639666056620213	0.690855757690936	0.3938216924574296	0.4517832065729646	0.4621335620756428	0.413454339220198	0.6963207193597781	0.7536159005269942	0.5820970399055099	0.7661867063329464	0.7384566635222415	0.7139205331623383
TSs166	0	0.7697088896872193	0.18040559235053014	1	0.8185279238777783	0.5483959523817467	0.9464236327502205	0.9062367429811218	0.9208430266143744	0.7728689969074309	0.7399677443910965	0.3459814429877522	0.7922357723178597	0.3906993628628217	0.9402740060675244	0.894231786349062	0.6947139048831686	0.8908267414268375	0.8832885281736482	0.71157029822085	0.8974339851376798	0.6234735064557688	0.9689569367749467	0.8448200754376969	0.6809353506227744
TSs297	1	0.16569542081049443	0.15194256153549957	0	0.14206423396749585	0.15743891266442528	0.31938964910885714	0.01820984497108088	0.03656126259083581	0.19914621562234439	0.2549257141113029	0.4819347912608586	0.42361297805220854	0.16807794344432977	0.194189564907933	0.013357288656403775	0.14145960324549625	0.056256555703341364	0.4614537913898213	0.013009049265384392	0.12460282165208723	0.05077318215684456	0.013808952740610754	0.1426688646894954	0.04303142997622681
TSs338	0	0.3668982860199536	0.22638695810862525	1	0.3890417443981635	0.47255554318138904	0.06642551336196936	0.11189026260942067	0.6805617676222813	0.17841217200888296	0.8566832905233818	0.5056108779903653	0.3840651199987384	0.4904981431495919	0.5341500254091844	0.10248899519447714	0.39401836879758867	0.2821308370286296	0.18851453419832856	0.09091965451653197	0.0661913335511432	0.6444351339249177	0.3728148754717807	0.43687407917033433	0.47872519269013386
TSs293	1	0.5371501829964908	0.2227377337639452	1	0.544177391033217	0.8085027060464	0.8367815671202359	0.6259385624820041	0.41971402989804	0.7811909086579283	0.733926914574403	0.773115283919109	0.575048509657644	0.45457703765273144	0.7267942541745784	0.6110225086388811	0.5133062724087902	0.7254078138024841	0.4955963265312582	0.048939970060689925	0.329387904583164	0.2905279693071842	0.15680325824994415	0.3972224563052765	0.43919940585906714
TSs24	0	0.5122768001915092	0.26197149104775014	1	0.5703531020730753	0.7561520854182903	0.6795898271801961	0.025834985269519897	0.5293405873099615	0.2894384901541657	0.8443020873890803	0.17289383280703163	0.3802467046633612	0.2451922193700271	0.4621763060553851	0.8148246307320463	0.17603541309588464	0.6971086289087395	0.6345403027135215	0.478638490885317	0.7106918574758596	0.7315433494421862	0.8640107512638265	0.6113656168361892	0.141609836859597
TSs334	1	0.6027191879343645	0.18284488409743632	1	0.6338777358763703	0.6271968163193941	0.4694622802278442	0.8663696888347265	0.8415129201176133	0.749426744968814	0.7192740455551052	0.7668227499825918	0.8508884656295174	0.5153279028953129	0.3684699976603198	0.46392963322945746	0.36954102356808305	0.7612280784312648	0.5683230861730914	0.2512483533167865	0.6405586554333464	0.3705543010956448	0.6796260717113853	0.6847533263367049	0.4898696172002836
TSs1A	0	0.13198237723899203	0.09937462794153759	0	0.12000123354333052	0.119359044401204	0.22603443621948674	0.23980321249425618	0.015230592381010691	0.13675375215828753	0.23729615630646625	0.2871650949079221	0.08376675192381242	0.041005431608430135	0.12064342268545704	0.04894182951979493	0.19732665585422487	0.06877696618542295	0.3515860185211518	0.05278080597578883	0.19839136258699572	0.13496660010390557	0.02063296659765449	0.029561529828164634	0.02962491452040406
TSs266	1	0.40988231421715265	0.16525059786250879	1	0.39241255937430664	0.35121532460179605	0.31673073896666115	0.6999300784277082	0.6666353716049488	0.18204875792514855	0.4324847796278817	0.3964136717106694	0.6638134493898975	0.29555417513360543	0.34267729924447904	0.38841144703794384	0.183434614872707	0.43704162297666976	0.35246329264207243	0.6010970223389701	0.12798532397421547	0.5279732151971336	0.4987795389330137	0.2555941019357308	0.4773624578018025
TSs277	0	0.2762614422917603	0.19204259420499045	1	0.2084499921036824	0.17439729249019245	0.29886184486423284	0.2803987355008355	0.20189034108845008	0.13035323328205634	0.18663384134303024	0.31400126282030966	0.5395788521757888	0.1559982988295693	0.4530042750878328	0.14214706393496762	0.2901432257623967	0.04036521424236451	0.821683847213318	0.2150096431189147	0.18587709843777517	0.5748101136266314	0.04326095700459762	0.3054442861384299	0.17136941887351323
TSs60B	0	0.32756417347230216	0.16693179685479068	1	0.317991579798363	0.4405902638096097	0.48426841065994136	0.2199142131969901	0.4160596097603138	0.38465555444853256	0.3553536885267684	0.7051691802355871	0.17215128471888988	0.08991519449298775	0.29377625077272623	0.25604026709414784	0.45354748142542306	0.06526444220373011	0.5523983130667007	0.2048163527054018	0.20538140450198084	0.505530840047393	0.3422069088239998	0.2750102445404518	0.1292335644144656
TSs303	1	0.4560415968476315	0.22668761468383028	1	0.4711959037067148	0.850993789032769	0.7113502664154809	0.19879491342461955	0.45138518267879035	0.35551157744291223	0.1842146634998995	0.11259473714211012	0.4910066247346393	0.8131383083836189	0.5762750786406682	0.5224313807979014	0.3508090985155982	0.5516557322113405	0.16221046729743635	0.30720257106392723	0.2805913119927256	0.49732179846772684	0.5698253000343388	0.8320692475287723	0.3014498876473544
TSs120	0	0.849321144118311	0.09812107389479306	1	0.8958472457967419	0.9174584213855114	0.9227381502642704	0.9353785511778177	0.8903280547032054	0.9234837040527002	0.9189401648588545	0.7107038220886912	0.8938033949118802	0.763141833045205	0.930805103834356	0.8978910966816035	0.6064582804724167	0.8980319384560899	0.8060924778160484	0.6815258106276876	0.820995102666232	0.8326886780787988	0.956251446712167	0.9165659425840403	0.7631409079486425
TSs132	0	0.8800422024502874	0.07076307260852593	1	0.8883150741076307	0.9279014075170147	0.8439751159457878	0.9456686559481036	0.9796143267695132	0.9714722911327656	0.8081578767915065	0.9390611214109201	0.8908200559266558	0.7372182366136409	0.947349627388218	0.8671158191282734	0.8065303174542863	0.8401993627059511	0.9214672581108769	0.8461864023666376	0.7528187663970779	0.8243215683286854	0.946864706747925	0.9182910400333064	0.8858100922886054
TSs78	0	0.593220500842994	0.31959214468892727	1	0.7150744859322342	0.8491696120014535	0.7142710335659668	0.433298953321749	0.49683693162953235	0.863312957377553	0.7879389139146062	0.3232733563505842	0.8721440123369884	0.7158779382985015	0.9590007634536314	0.11296259322105759	0.9672369219479224	0.1387803480268225	0.5901883898803517	0.8386488075047059	0.8156424594564304	0.2450839166477399	0.9397171124086818	0.1295971488518781	0.07142784666372409
TSs61	0	0.8790322755765523	0.06872158745261024	1	0.9013973359778171	0.9740320142003274	0.9001595776261129	0.8094954533772518	0.9545953786524227	0.9327010226496717	0.8660775160518694	0.8667024485586915	0.8590484411154686	0.9621042388054942	0.9211060980238109	0.7849400543894014	0.9242662142490219	0.9141885498055267	0.7028022203818328	0.8194594241438471	0.8637078698610111	0.9026350943295213	0.9126920706856917	0.916685624323835	0.7932462003002332
TSs60	0	0.291553138212416	0.20101858738190903	1	0.26771676304145847	0.16866495550425253	0.3018895388117549	0.2627629277124155	0.37936635137274577	0.01738485521784149	0.2823960674848815	0.8387206758007456	0.1086181664391585	0.17378054167560616	0.0625771558931274	0.341887082617316	0.3551010016550461	0.22731977952124838	0.6684719573515947	0.1984702741526595	0.27267059837050145	0.5379569494089649	0.1468861145902051	0.13945606641782507	0.34668170425042943
TSs274	0	0.678984386769259	0.20293825686558536	1	0.7222307518613099	0.6165662259874773	0.6199423319812513	0.7482255641281418	0.8747702728669728	0.8090711374456392	0.9168331462392435	0.35981250381861657	0.9163590883850927	0.6883838566640404	0.807045360356659	0.8233505922148532	0.6303312141956873	0.7926521150244003	0.3551847529548318	0.1741027446483218	0.5439902645329834	0.7798514976586024	0.696235939594478	0.8820558191529816	0.5449233075349054
TSs10A	0	0.3529922244346409	0.23558994913365341	1	0.2897749767228952	0.27765575572265366	0.2597420704328219	0.3018941977231367	0.4373498222616	0.013775773852901088	0.5939161846028235	0.8364442783234718	0.19408544997970706	0.08781061836515139	0.10490846825913869	0.7040842420352099	0.13981211700825374	0.4885620451140389	0.6679208048992737	0.14836356928266353	0.11676833896469219	0.5483843777104421	0.41249490580081494	0.22039861539614555	0.5054728529578777
TSs96	0	0.5387392530208535	0.22714623154473	1	0.5625248978686143	0.721104611477084	0.9820214561098862	0.6246661567123558	0.36017748880052847	0.6629384089320657	0.6186376056754987	0.27766452654542423	0.5678597431587752	0.11790663046421886	0.49784758755630104	0.5366936159515688	0.5571900525784533	0.4887624439964721	0.5720104964611908	0.4447463201745354	0.8056280938153456	0.2502262277902411	0.8986418797904215	0.6226401049059579	0.16742160952074642
TSs282	0	0.18358876561855259	0.2127721432928725	1	0.03984304591588362	0.011751894154812892	0.005880549582622509	0.26145650831446193	0.04880986067612518	0.00025127739230426145	0.16540851526201797	0.5369113880654559	0.00602179164518042	0.00375889420461533	0.004427857269913788	0.4108017640110942	0.014752899270490592	0.030876231155642062	0.5823310491311229	0.42343793071594577	0.00788298696652082	0.3488817012133126	0.2991554471548497	0.011070542948029914	0.4979062232365329
TSs56A	0	0.7428204437531368	0.12723575502461534	1	0.7467331343795192	0.7407927628550346	0.9494086570900307	0.8596943842199151	0.9093647402753168	0.6831931476083358	0.7644551301002036	0.8044995456472197	0.6252424753611553	0.5207130879697894	0.7023145462744544	0.6933353773541814	0.8211523928871599	0.5789369303180876	0.6884250599818089	0.8550328539287604	0.602439370474118	0.7708947031541659	0.9645802694152459	0.5692599342437497	0.7526735059040037
TSs296	0	0.2813948713392212	0.20664752270173725	1	0.19914217356986902	0.2094230111820065	0.08908176272451422	0.08934551072586602	0.07665118313774305	0.1888613359577315	0.32961308550681745	0.378625082036142	0.16183397888873385	0.1612648503556389	0.0984968800962307	0.2225567554968998	0.5039064552111158	0.12333002899462397	0.7229265246873706	0.6620753446229257	0.4845417062287546	0.1717781470250971	0.03934616975122024	0.36651489567978146	0.5477247184752105
TSs33	0	0.20231819602343562	0.11207917146424148	1	0.17284390092106494	0.1700306119465186	0.18861421826910646	0.37760227739539814	0.09031422864565802	0.43047454833658705	0.09284329251586378	0.3267722860289539	0.22830540590817605	0.17565718989561124	0.15568189580722008	0.14338383297615406	0.13107080329739282	0.0808814435861096	0.22071248644986033	0.30475041859649554	0.3028843519142118	0.1066081456562595	0.3578608306038356	0.03605681003474888	0.1258588426045517
TSs311	0	0.41500873861862775	0.20934229127546738	1	0.3847744262660917	0.27874850634381215	0.6955775514190513	0.40450693958791833	0.5709577879551295	0.2718816966355968	0.2927223581042572	0.7385869121119589	0.5157170285607442	0.1791520534525	0.36504191294426513	0.531387444568642	0.3417801030477477	0.45633038397424713	0.5369147783665642	0.2934674324555844	0.8953334881787953	0.24017911478997395	0.4632028610545039	0.17714247040907474	0.05154394841218594
TSs68	0	0.09566348945537875	0.13107080766797932	0	0.03951257473407156	0.04721144028745598	0.00729359132152311	0.10657410785204298	0.016520764648940048	0.016467636326458576	0.037755558333679586	0.40804168471554547	0.015436381087934433	0.008290120584236227	0.1062590934069664	0.04060794467432027	0.03151576025064321	0.07024382866596976	0.4737351585973676	0.19825478214988723	0.03237435564866349	0.05924817697111534	0.038417204793822844	0.003099961252115912	0.1959222375388866
TSs104	0	0.5673808492836764	0.1680837392918989	1	0.5709425794587321	0.4606850636161683	0.3500165167287736	0.6633476844946892	0.7530970768024741	0.42382395326545486	0.8270789664932021	0.8130175984954593	0.3223393202988616	0.4123247068146255	0.6296021476313265	0.6243796907396046	0.42711303554970287	0.6672930480215844	0.41193349839265925	0.8042400396131509	0.34278798364227553	0.5594266687530969	0.5824584901643672	0.5251972466161198	0.7474542495399331
TSs58	0	0.721757953758421	0.17081944516963743	1	0.7411008936906223	0.5759209867907182	0.7990323969176802	0.9014439947418534	0.9231330435096987	0.47959676035501847	0.7688308992316599	0.84521938029656	0.7108242807242033	0.22605956485815978	0.6661030090009473	0.6372378853543069	0.6029168034033197	0.6404404653968755	0.9104282731163583	0.855711181348718	0.7818466802519819	0.7000440349896497	0.9246389646697714	0.772359582061353	0.7133708881495845
TSs358	0	0.7313274625944421	0.36733107374710683	1	0.9808886399469985	0.985339068520442	0.9799505334077999	0.981826746486197	0.3342741079336015	0.9853166225585335	0.3502258307715214	0.42095968774541964	0.9835814060016272	0.9898011484725696	0.9846833635928618	0.0013478337819390624	0.9894821521544347	0.0022475442061426314	0.37028061570354465	0.9777296415985826	0.9860540228361073	0.9886333525914482	0.9833710105401088	0.3567723031726961	0.9746722598132656
TSs82	0	0.4444354402996642	0.2156579227331362	1	0.43585584975705716	0.19773032290089773	0.4266832731977116	0.6036832703706042	0.768420661730004	0.7017066482430789	0.27256698032243576	0.3608013377546267	0.18701878165272487	0.0899714918090664	0.7323359177723379	0.2762633751198446	0.6831507092423132	0.735360227385705	0.2679481203492017	0.49731099422266856	0.21706488249163933	0.29339713295662107	0.6238322924409611	0.4450284263164027	0.508433959714438
TSs15	0	0.6506930556318709	0.17893276669363245	1	0.6659336541665838	0.563281516968449	0.7617283791588303	0.5778044679770258	0.8855956286669809	0.5354949151131129	0.6778028954782854	0.39903820348469066	0.9478422540736281	0.5945042602531316	0.6540644128548821	0.7579287794320558	0.651801572560118	0.7397755748011465	0.7937669454144077	0.3757937115294145	0.767353184129309	0.5066196274511918	0.801755464595574	0.7823785224579437	0.23953079623723908
TSs3	0	0.2656081310754702	0.18901038719505814	1	0.1914352146954225	0.24817383500182735	0.1293180029035514	0.2818588979071274	0.10897755033083373	0.09211537001999036	0.07928996237286683	0.7083165049369303	0.44745873226711436	0.21385826577484224	0.10761338841151319	0.3574526960983554	0.15366491135577517	0.5300981183838928	0.6663065480882514	0.16556788027880742	0.2714080464917574	0.09338478317525464	0.32207548167209965	0.16621148242261108	0.16901216361600274
TSs4	0	0.273905255268186	0.1646236390053348	1	0.22002063628143453	0.1955101420863281	0.24007836682941353	0.3093233552138423	0.11431413898460999	0.21681418867511676	0.2793643663225459	0.6158538390914059	0.20226858309402193	0.09436870449301318	0.22322708388775234	0.13024337983975076	0.45337480909081335	0.1070254597469486	0.4628542098627272	0.48945566590291684	0.14113039083327394	0.515208225382999	0.17348498328855844	0.06817561589160728	0.4460295968460746
TSs331	0	0.5807752984426612	0.2315423398844828	1	0.5825581159562983	0.4416143553185514	0.5863063359945088	0.6578880730038499	0.8949426539695575	0.5100371200550216	0.769404706447683	0.2750917655850424	0.9174318029061711	0.4896653999876664	0.6812274764998011	0.8067193063081959	0.476820601255212	0.9112149704534598	0.2199309121589846	0.5788098959180877	0.2612228341073682	0.2505624719790742	0.41105027322756593	0.8761681545777213	0.5993968590996994
TSs314B	0	0.32560584128007497	0.2139716354048281	1	0.2683550144153828	0.37519090524906806	0.577268290115946	0.31622189922224386	0.23667921627809274	0.2834369924655491	0.5197750343169026	0.3490695509551008	0.10355618400771398	0.10458151798856392	0.26364519402910286	0.09421084848352251	0.08075131648438286	0.15987109601317243	0.2652887058205623	0.6899817624817378	0.5402221359314022	0.2714213230102033	0.8704181104924701	0.17425669746182282	0.2362700447939381
TSs333	0	0.7985163151094345	0.13078998979526335	1	0.8513264902424049	0.8515704485766233	0.951397589087572	0.7758173372920256	0.8510825319081864	0.9276296071446254	0.7047285728725468	0.8012774262613934	0.5062083535232953	0.5792331582127473	0.8515965405301623	0.5699885542687659	0.8539158788474355	0.8639028526320135	0.930062371819574	0.6901721485730354	0.8801836687626674	0.7592164306723395	0.9569146932377285	0.9015349920218172	0.7638931459441369
TSs7	0	0.19497653960890032	0.1457443170079389	1	0.15234653082511954	0.06799848304720822	0.0754220542385642	0.07717765172835246	0.28013881206424324	0.1695828134891844	0.12371946125214911	0.3819598137710607	0.16830880113840274	0.4106847703939323	0.13638426051183633	0.019930433797471423	0.287645423992116	0.06598884638523772	0.49784457347217903	0.05923130697342932	0.4150240839463908	0.1832349185854742	0.06151891019106459	0.09075027859729155	0.3269850946024186
TSs38	0	0.8138137251559778	0.2213216245852782	1	0.9059433048140739	0.17990000660194358	0.3271701891805972	0.9436517251417295	0.9304703860838472	0.7374047115867624	0.9673062460050669	0.9715085470663313	0.565454023661042	0.8006806590991323	0.9658680207853736	0.8094944366999839	0.8923897754947365	0.9718956764461457	0.8858391046193819	0.7529560208957335	0.9194968341334112	0.9277297661525072	0.9889341391441755	0.7658305987040277	0.9722936356176257
TSs10	0	0.5926318458149613	0.2035437022618558	1	0.5593282491664819	0.4908231117282271	0.6124281326703737	0.4568120320590421	0.8587525092127419	0.8479305754954521	0.8830554425340723	0.5091146571509773	0.9285618458950226	0.32424905612219684	0.7825952502558585	0.6069269406544857	0.47010742572576053	0.5823736137130239	0.2662088121901023	0.53628288461994	0.27495161656341677	0.42448672468842513	0.5038611435501892	0.7559054022838502	0.7372097391860674
TSs48	0	0.511768343089572	0.22690725819334764	1	0.5795694379893657	0.7375910180036496	0.777533522372933	0.37057494651045125	0.16082627505997102	0.6053196759559578	0.20863265793044392	0.5504234401589244	0.17910484824663955	0.5979225257930783	0.7870320010576236	0.6652398056756506	0.6538463482604409	0.5986346229626283	0.561216350185653	0.15733542434957581	0.47503752791103104	0.7018278647275882	0.4117510161853789	0.8264922886981257	0.20902470174569548
