ID	ID	Class	Mean	stdev	Predicted_0.28	Median	score_0	score_1	score_2	score_3	score_4	score_5	score_6	score_7	score_8	score_9	score_10	score_11	score_12	score_13	score_14	score_15	score_16	score_17	score_18	score_19
TSs156A	0	0.46277805555555557	0.12686789499760978	1	0.47234022556390975	0.276	0.5710666666666666	0.3711333333333333	0.5241111111111111	0.49769047619047624	0.196	0.361929761904762	0.5237243107769423	0.3952	0.708	0.47078571428571425	0.598	0.61	0.344	0.6033333333333334	0.386	0.47389473684210526	0.354925	0.53	0.4597666666666667
TSs361	1	0.3086	0.16752954177822205	1	0.309	0.102	0.252	0.11	0.35	0.208	0.142	0.18	0.598	0.174	0.388	0.334	0.424	0.648	0.342	0.51	0.306	0.312	0.076	0.522	0.194
TSs368	0	0.5371610212418301	0.056094868683310095	1	0.5431666666666667	0.4893333333333333	0.56	0.5326333333333333	0.5081111111111111	0.5404761904761904	0.5236000000000001	0.5682	0.5786666666666667	0.427	0.562	0.558	0.642	0.558	0.5818	0.5046666666666667	0.6033999999999999	0.392	0.5312426470588235	0.5458571428571429	0.5362333333333333
TSs49	0	0.6003766666666667	0.061158198754163784	1	0.599	0.659	0.515	0.591	0.474	0.594	0.675	0.6098666666666667	0.622	0.748	0.604	0.54	0.562	0.61	0.6286666666666666	0.538	0.6196666666666666	0.58	0.67	0.5733333333333333	0.594
TSs138B	0	0.4555511965811966	0.10502736779237547	1	0.4704166666666667	0.32643333333333335	0.5629	0.42713333333333336	0.4761111111111111	0.5648333333333334	0.246	0.344	0.5499514170040486	0.3018904761904762	0.474	0.3925190476190476	0.502	0.578	0.5676666666666668	0.56	0.396	0.44589473684210523	0.341	0.5878571428571429	0.4668333333333334
TSs22B	0	0.463393735380117	0.05396988575893315	1	0.4673833333333334	0.4625	0.392	0.4974666666666667	0.3881111111111111	0.4544904761904762	0.396	0.3985583333333334	0.4737243107769423	0.47933333333333333	0.4653333333333333	0.53	0.466	0.506	0.5413333333333333	0.478	0.5784	0.39	0.414	0.4878571428571428	0.4687666666666667
TSs287	0	0.505549141542582	0.05226084860455314	1	0.517	0.543	0.404	0.4966666666666667	0.5801111111111111	0.5051904761904762	0.534	0.4875916666666667	0.4307719298245614	0.49	0.492	0.4704	0.522	0.388	0.5888	0.518	0.534	0.52	0.5264509803921569	0.564	0.516
TSs383	0	0.4565282151693337	0.06411956800919648	1	0.444	0.46756666666666674	0.436	0.4301333333333333	0.43344444444444447	0.40885714285714286	0.5755	0.517925	0.4921318681318681	0.5	0.402	0.546	0.376	0.384	0.45	0.32866666666666666	0.444	0.5098947368421053	0.5561111111111111	0.444	0.42833333333333334
TSs314A	0	0.5721305555555556	0.03816786354176022	1	0.5657	0.5486666666666666	0.534	0.648	0.608111111111111	0.54	0.604	0.618	0.49333333333333335	0.618	0.594	0.5614	0.558	0.57	0.5337999999999999	0.602	0.5923999999999999	0.534	0.545	0.556	0.5839
TSs30	1	0.4805	0.045969669634616586	1	0.476	0.546	0.478	0.512	0.504	0.434	0.47	0.44	0.458	0.384	0.458	0.478	0.476	0.476	0.428	0.562	0.47	0.502	0.51	0.452	0.572
TSs291	0	0.43229466269841266	0.06370370371982575	1	0.4377	0.43939999999999996	0.363	0.446	0.4501111111111111	0.4099047619047619	0.5529333333333334	0.5114666666666667	0.4622857142857143	0.434	0.436	0.405	0.35	0.448	0.371	0.35	0.358	0.44	0.5787916666666666	0.376	0.464
TSs157A	1	0.47237285714285715	0.07854753839125359	1	0.453	0.456	0.402	0.58	0.486	0.45	0.4776	0.48	0.634	0.5	0.58	0.394	0.552	0.594	0.388	0.44	0.412	0.366	0.382	0.44385714285714284	0.43
TSs27	0	0.4832818606801695	0.04999317188392665	1	0.4774617673992674	0.42	0.448	0.5061333333333333	0.5001111111111111	0.49566666666666664	0.573	0.4787916666666666	0.4761318681318681	0.41433333333333333	0.416	0.5287999999999999	0.464	0.43	0.5225	0.57	0.44	0.514	0.4416454248366013	0.5531904761904761	0.4733333333333334
TSs363	0	0.45204917277167284	0.11147985738277445	1	0.4709973684210526	0.2949666666666667	0.5475666666666666	0.4069666666666667	0.4941111111111111	0.5141666666666668	0.24243333333333333	0.3584630952380953	0.5089037979564295	0.344	0.652	0.41828571428571426	0.586	0.5073333333333333	0.43	0.6293333333333333	0.296	0.46789473684210525	0.3737916666666667	0.4946666666666667	0.47409999999999997
TSs9	0	0.45180992145711196	0.05755118643883283	1	0.443	0.4571	0.43489999999999995	0.378	0.386	0.448	0.4576	0.4027916666666666	0.4566180836707152	0.422	0.4321666666666667	0.4206666666666667	0.52	0.464	0.5604666666666667	0.438	0.5769	0.402	0.3691315359477125	0.5238571428571429	0.486
TSs133	0	0.4948647368421053	0.12128985449461178	1	0.5006666666666666	0.436	0.5985666666666666	0.5976666666666667	0.456	0.511	0.3125	0.344	0.564	0.42033333333333334	0.679	0.388	0.542	0.616	0.47	0.6553333333333332	0.47	0.5478947368421052	0.204	0.5946666666666668	0.4903333333333333
TSs155	0	0.4110646428571429	0.07934498709037391	1	0.415	0.3211666666666667	0.5579	0.2984666666666667	0.34	0.4355238095238096	0.31633333333333336	0.39416666666666667	0.5101052631578947	0.3345	0.4605	0.35628571428571426	0.408	0.47433333333333333	0.422	0.542	0.30733333333333335	0.47389473684210526	0.3716166666666667	0.47	0.42716666666666675
TSs209	0	0.5646412447786131	0.04876436302444204	1	0.5525	0.5643333333333334	0.5903999999999999	0.5471333333333334	0.6221111111111111	0.549	0.6603333333333333	0.5770333333333333	0.5916190476190476	0.586	0.513	0.522	0.514	0.539	0.5489666666666667	0.53	0.49	0.5958947368421053	0.676	0.556	0.52
TSs136	0	0.4959507548518733	0.06798853407375365	1	0.5125	0.4913333333333333	0.522	0.5521333333333335	0.38611111111111107	0.5361428571428571	0.37	0.4443297619047619	0.5658461538461538	0.4211904761904762	0.5373333333333332	0.472	0.548	0.5713333333333332	0.5779666666666667	0.452	0.5883999999999999	0.4338947368421053	0.538	0.408	0.503
TSs22A	1	0.47928000000000004	0.06918438065283082	1	0.494	0.598	0.396	0.488	0.378	0.4265	0.522	0.503	0.436	0.563	0.57	0.432	0.5	0.52	0.558	0.508	0.408	0.466	0.348	0.524	0.44110000000000005
TSs357	0	0.5228893565644882	0.10027301323653921	1	0.5296095238095238	0.3872333333333334	0.68	0.47866666666666663	0.566	0.5903452380952381	0.3840333333333333	0.3998714285714286	0.5972847503373818	0.4183333333333334	0.558	0.5236190476190475	0.52	0.5653333333333332	0.6157999999999999	0.666	0.41933333333333334	0.401	0.4633333333333333	0.688	0.5356000000000001
TSs161	0	0.5477515726817043	0.08732302144622461	1	0.5626666666666666	0.6053333333333333	0.378	0.553	0.6364	0.4652738095238095	0.624	0.6036	0.5223909774436091	0.6173333333333333	0.57	0.612	0.542	0.4105	0.538	0.4966666666666667	0.5553333333333332	0.636	0.6287999999999999	0.35	0.6103999999999999
TSs11	0	0.48889998949579844	0.0762577671291454	1	0.49342857142857144	0.5009	0.487	0.4441333333333333	0.47	0.3438333333333334	0.664	0.5608	0.552	0.552	0.392	0.4693333333333334	0.392	0.37	0.535	0.4753333333333334	0.5069	0.568	0.47890931372549017	0.49985714285714283	0.516
TSs5A	0	0.6233669987468671	0.06436667688947569	1	0.6371473684210526	0.5787333333333333	0.6604	0.6136666666666667	0.6404	0.6701904761904762	0.5862	0.5439380952380953	0.6433333333333333	0.4731904761904762	0.646	0.5102857142857142	0.68	0.702	0.6796333333333333	0.698	0.5805	0.6338947368421052	0.6045499999999999	0.7138571428571429	0.6085666666666666
TSs131	1	0.5305239629711533	0.04662511026106102	1	0.5201815476190477	0.5558333333333333	0.5116666666666667	0.616	0.564	0.4915	0.5226666666666667	0.5176964285714285	0.48143859649122805	0.5485238095238095	0.616	0.5833333333333333	0.574	0.538	0.5137999999999999	0.504	0.512	0.494	0.5423537581699346	0.42233333333333334	0.5013333333333333
TSs294	0	0.550666656162465	0.047376367565461576	1	0.5521213235294118	0.6113333333333333	0.5639	0.432	0.564	0.48833333333333334	0.571	0.584	0.486	0.548	0.512	0.534	0.548	0.5386666666666666	0.65	0.574	0.592	0.548	0.5562426470588235	0.5758571428571428	0.536
TSs378	1	0.48008333333333325	0.06487037231801866	1	0.464	0.472	0.418	0.444	0.444	0.49233333333333335	0.6161666666666666	0.5138333333333333	0.418	0.55	0.48	0.444	0.45	0.391	0.622	0.436	0.462	0.578	0.466	0.43	0.47433333333333333
TSs111	0	0.4484066164799253	0.0678957257860908	1	0.4542555555555555	0.356	0.5526666666666668	0.36646666666666666	0.4565111111111111	0.5323214285714285	0.4321666666666667	0.37912500000000005	0.517438596491228	0.3304904761904762	0.485	0.42	0.452	0.3806666666666667	0.49000000000000005	0.5366666666666667	0.38183333333333336	0.5058947368421053	0.4031176470588235	0.506	0.4837666666666667
TSs56	0	0.465449950696878	0.058899781446333704	1	0.4724473684210526	0.4273333333333334	0.541	0.4901333333333333	0.42	0.477	0.4221666666666667	0.484125	0.5958461538461538	0.418	0.5	0.454	0.492	0.468	0.5446666666666667	0.358	0.5244	0.47689473684210526	0.41157598039215687	0.3978571428571429	0.406
TSs3A	0	0.5461307988721804	0.05871337538047321	1	0.551595238095238	0.5916666666666667	0.46	0.556	0.568	0.4815238095238096	0.5432	0.5631964285714286	0.5661052631578947	0.666	0.612	0.5903999999999999	0.544	0.599	0.42	0.5193333333333334	0.591	0.464	0.533	0.5471904761904761	0.507
TSs95	0	0.6531425000000001	0.044106689986987094	1	0.6541333333333333	0.578	0.6513333333333332	0.6921333333333334	0.708	0.655	0.6532666666666667	0.6901333333333334	0.6553333333333332	0.6688	0.696	0.636	0.648	0.623	0.704	0.598	0.572	0.706	0.70775	0.596	0.6241
TSs2	0	0.4036555900167085	0.08410348888858146	1	0.3860458333333333	0.5112666666666666	0.3515	0.5371333333333334	0.2321111111111111	0.4488333333333333	0.27	0.37275833333333336	0.44	0.5428571428571429	0.526	0.40066666666666667	0.37	0.42	0.4639	0.3433333333333334	0.3696666666666667	0.3678947368421053	0.348	0.3578571428571429	0.3993333333333333
TSs44C	0	0.4451722335486153	0.04404837161691598	1	0.4388	0.43710000000000004	0.43016666666666664	0.5307333333333334	0.534	0.4695	0.462	0.411725	0.45595141700404856	0.514	0.4126666666666667	0.415	0.362	0.41333333333333333	0.4706	0.4113333333333334	0.4405	0.408	0.4623111111111111	0.4505238095238095	0.412
TSs201	0	0.482639246031746	0.0791785612566823	1	0.47575	0.541	0.47	0.45466666666666666	0.4881111111111111	0.454	0.652	0.45572500000000005	0.468	0.5273333333333333	0.386	0.5124	0.404	0.295	0.4815	0.39733333333333337	0.5093333333333333	0.601	0.554125	0.5388571428571429	0.4624
TSs217	0	0.4718861111111111	0.04445979674538197	1	0.4645	0.4573333333333333	0.4844	0.465	0.464	0.4206666666666667	0.558	0.516	0.5153333333333333	0.4166666666666667	0.5106666666666667	0.49	0.41	0.454	0.45766666666666667	0.504	0.432	0.514	0.5325555555555556	0.414	0.4214333333333333
TSs168	0	0.5168673672161173	0.05996212869874589	1	0.5228992673992674	0.517	0.4874	0.581	0.5444	0.5573333333333332	0.436	0.445425	0.5241318681318681	0.5116571428571429	0.6506666666666667	0.5593333333333332	0.586	0.53	0.53	0.55	0.5105	0.41	0.4613333333333333	0.5216666666666667	0.4235
TSs98	0	0.5104137646198831	0.06551425648411838	1	0.507	0.528	0.5346666666666666	0.471	0.4741111111111111	0.4796666666666667	0.6596000000000001	0.5539333333333334	0.509	0.5053333333333333	0.527	0.506	0.508	0.4905	0.6074666666666667	0.3546666666666667	0.4604	0.5018947368421053	0.603036111111111	0.426	0.508
TSs116	1	0.561334399540518	0.06678548521958019	1	0.56325	0.5745	0.533	0.584	0.6	0.552	0.43	0.5916666666666668	0.6	0.595	0.722	0.468	0.632	0.635	0.4998	0.6086666666666666	0.5277333333333334	0.4918947368421053	0.5099027777777778	0.5351904761904761	0.5363333333333332
TSs53	0	0.52368962823726	0.06460167355971393	1	0.5253333333333334	0.465	0.447	0.568	0.606111111111111	0.4824761904761905	0.578	0.4118	0.5014385964912281	0.4803333333333334	0.57	0.516	0.664	0.542	0.4909666666666667	0.562	0.576	0.409	0.553	0.5166666666666667	0.534
TSs63A	0	0.47967427521008404	0.046135636448055926	1	0.47841666666666666	0.5050666666666667	0.482	0.4084	0.49	0.48033333333333333	0.57	0.5046666666666667	0.408390977443609	0.4453333333333333	0.46	0.4921333333333333	0.466	0.388	0.4756666666666667	0.468	0.518	0.46589473684210525	0.5542426470588235	0.5348571428571429	0.4765
TSs158	1	0.4401638888888889	0.04272600906037704	1	0.4315	0.464	0.422	0.42	0.482	0.433	0.4981666666666667	0.508	0.454	0.41	0.368	0.4	0.462	0.398	0.378	0.426	0.404	0.508	0.49811111111111106	0.43	0.44
TSs269	0	0.5810264484126983	0.05481645680872499	1	0.5623928571428571	0.5885	0.5949	0.5444	0.586	0.5511333333333334	0.5715	0.5616666666666668	0.5622857142857142	0.5543333333333332	0.62	0.511	0.556	0.716	0.5625	0.646	0.6	0.53	0.5584527777777778	0.6998571428571428	0.506
TSs317	1	0.5460511111111112	0.05772877368558131	1	0.5294	0.45	0.477	0.6073333333333333	0.656	0.45822222222222225	0.626	0.5906666666666668	0.579	0.596	0.606	0.516	0.586	0.53	0.526	0.496	0.562	0.506	0.518	0.506	0.5287999999999999
TSs49A	0	0.40073236721611727	0.05136415413207625	1	0.3992	0.4574	0.3964	0.3141333333333333	0.3351111111111111	0.5055555555555555	0.3256	0.35796666666666666	0.4554652014652015	0.4043333333333334	0.4893333333333334	0.388	0.402	0.432	0.394	0.39	0.4044	0.432	0.3776583333333334	0.40652380952380957	0.34676666666666667
TSs417	0	0.4145973015873016	0.04250445720492237	1	0.4087	0.39039999999999997	0.387	0.4616	0.4921111111111111	0.4361904761904762	0.5025	0.412	0.402	0.4128	0.364	0.406	0.434	0.308	0.4051666666666667	0.45	0.394	0.405	0.4021111111111111	0.4156666666666667	0.4114
TSs195	0	0.6223340674603175	0.06520212022715151	1	0.6256071428571429	0.6252142857142858	0.626	0.5563333333333333	0.604111111111111	0.6546904761904762	0.5696	0.5538666666666667	0.567	0.5073333333333333	0.63	0.654	0.616	0.68	0.7239999999999999	0.714	0.6653333333333333	0.646	0.5163416666666667	0.7398571428571429	0.597
TSs371	0	0.5240025198412698	0.06234248585287584	1	0.5173333333333334	0.518	0.5356666666666666	0.4776666666666667	0.614	0.4978333333333333	0.606	0.6215714285714286	0.5512857142857143	0.5266666666666666	0.5166666666666667	0.504	0.464	0.47333333333333333	0.4644666666666667	0.474	0.51	0.536	0.661036111111111	0.4058571428571428	0.522
TSs23	0	0.45183020363408544	0.043757392957242416	1	0.4431666666666667	0.414	0.5076666666666667	0.459	0.52	0.481	0.444	0.4675916666666667	0.39477192982456144	0.42525	0.3506666666666667	0.4341333333333333	0.424	0.424	0.5111666666666667	0.442	0.4791666666666667	0.476	0.424	0.5158571428571429	0.44233333333333336
TSs51	0	0.5904868107769421	0.050448733185445106	1	0.5785069444444444	0.6986	0.5538333333333333	0.675	0.6621111111111111	0.5591904761904761	0.6136	0.558525	0.5327719298245613	0.6056666666666666	0.5566666666666668	0.6204	0.592	0.555	0.6018333333333332	0.6133333333333334	0.6433333333333333	0.536	0.5650138888888889	0.5398571428571429	0.527
TSs59B	1	0.384247778599969	0.06783835924051207	1	0.3849285714285714	0.42756666666666665	0.338	0.4281333333333333	0.2441111111111111	0.3885238095238095	0.364	0.291125	0.4636180836707153	0.38133333333333336	0.3416666666666666	0.366	0.406	0.432	0.4366666666666667	0.488	0.5029	0.344	0.2763537581699346	0.3638571428571429	0.4011
TSs365	0	0.4782885576923076	0.07446634828039281	1	0.46899523809523813	0.47573333333333334	0.48156666666666664	0.42546666666666666	0.4473333333333333	0.4590714285714286	0.374	0.426125	0.5429037979564295	0.46799047619047623	0.64	0.4500190476190476	0.596	0.5933333333333333	0.47	0.542	0.334	0.46389473684210525	0.414	0.482	0.48033333333333333
TSs224	0	0.5289462811676627	0.06360825324998302	1	0.5132555555555556	0.48504761904761906	0.4884	0.4823333333333334	0.520511111111111	0.5718333333333333	0.506	0.46120000000000005	0.4759514170040485	0.48555000000000004	0.4975	0.496	0.546	0.5706666666666667	0.7118	0.568	0.538	0.536	0.4472083333333333	0.6438571428571429	0.5470666666666666
TSs325	1	0.5309299999999999	0.07898285097752557	1	0.538	0.422	0.61	0.46573333333333333	0.546	0.4723333333333333	0.728	0.5805333333333333	0.482	0.53	0.378	0.5473333333333333	0.504	0.518	0.598	0.592	0.482	0.45	0.61	0.552	0.5506666666666667
TSs119A	1	0.5244244444444445	0.04974674361528487	1	0.5265	0.406	0.452	0.527	0.548	0.5568888888888889	0.574	0.4968666666666667	0.526	0.5103333333333333	0.45	0.496	0.544	0.55	0.596	0.6	0.511	0.506	0.5104	0.582	0.546
TSs166	1	0.5933916666666668	0.06686230668736726	1	0.599	0.6158333333333332	0.651	0.554	0.586	0.5565	0.566	0.644	0.61	0.612	0.678	0.6	0.684	0.712	0.532	0.47	0.5085	0.598	0.647	0.47	0.573
TSs297	0	0.549931414835165	0.08107928618864592	1	0.554	0.6520333333333334	0.62	0.5876333333333333	0.642	0.4442380952380952	0.4408333333333333	0.598	0.5821318681318681	0.669	0.6786666666666668	0.564	0.514	0.618	0.4996333333333333	0.544	0.484	0.46	0.453125	0.48733333333333334	0.46
TSs338	0	0.5527644505494506	0.05263605860791045	1	0.5589999999999999	0.5995	0.564	0.5408	0.608	0.5746666666666668	0.514	0.5121	0.4835704646230962	0.5496666666666666	0.554	0.46	0.634	0.568	0.6045666666666666	0.602	0.548	0.45589473684210524	0.58	0.6145238095238095	0.488
TSs293	1	0.5604500000000001	0.03360686455218991	1	0.562	0.582	0.528	0.584	0.539	0.518	0.62	0.586	0.566	0.59	0.6015	0.514	0.584	0.552	0.546	0.514	0.56	0.564	0.6078333333333333	0.509	0.5436666666666666
TSs24	0	0.5721861904761905	0.06364155172229223	1	0.5691333333333333	0.6485	0.555	0.599	0.6173333333333333	0.5311904761904761	0.5232	0.5682666666666667	0.624	0.6636666666666666	0.6626666666666667	0.607	0.666	0.6025	0.486	0.57	0.5344	0.498	0.48599999999999993	0.53	0.471
TSs334	0	0.5502519590643276	0.05591341094735676	1	0.5683333333333334	0.5046666666666666	0.616	0.5838333333333332	0.590111111111111	0.5276666666666667	0.608	0.5686666666666667	0.45	0.47	0.46	0.596	0.502	0.468	0.6058	0.556	0.6	0.6058947368421052	0.568	0.54	0.5844
TSs1A	0	0.39657069444444454	0.0900451182639033	1	0.40525	0.4676666666666666	0.35766666666666663	0.4391333333333333	0.23011111111111113	0.4085	0.41	0.393	0.58	0.547	0.412	0.413	0.282	0.48	0.3366	0.49	0.402	0.342	0.2602361111111111	0.356	0.3245
TSs266	0	0.5388918315018315	0.049678990001039654	1	0.543	0.4988333333333333	0.535	0.551	0.6181111111111111	0.5542222222222222	0.58	0.5313333333333332	0.4678461538461538	0.4706666666666667	0.516	0.552	0.596	0.432	0.6169666666666667	0.558	0.572	0.524	0.584	0.49785714285714283	0.522
TSs277	0	0.428480148225957	0.06559143680233546	1	0.42973154761904764	0.4590333333333333	0.462	0.4193333333333334	0.4013333333333334	0.367	0.3192	0.42812976190476193	0.54	0.4863333333333333	0.5063333333333333	0.43133333333333335	0.332	0.4865	0.424	0.494	0.4014	0.476	0.28300653594771247	0.4346666666666667	0.418
TSs60B	0	0.37310170634920636	0.05307148258711993	1	0.387	0.41623333333333334	0.365	0.39713333333333334	0.31	0.34800000000000003	0.403	0.3288297619047619	0.42	0.3721666666666667	0.394	0.49	0.408	0.316	0.3955000000000001	0.368	0.3964	0.38	0.2458138888888889	0.4025238095238095	0.30543333333333333
TSs303	0	0.5701364035087718	0.05793283736334413	1	0.5718666666666666	0.5855	0.526	0.596	0.698	0.5363333333333333	0.48126666666666673	0.616	0.5853333333333333	0.617	0.6413333333333334	0.5584	0.638	0.614	0.502	0.494	0.536	0.5038947368421053	0.6	0.528	0.5456666666666666
TSs120	1	0.5798826441102757	0.056746420561868974	1	0.5741904761904761	0.5697142857142857	0.511	0.5603333333333332	0.59	0.593	0.6533333333333332	0.532	0.551438596491228	0.546	0.452	0.565	0.594	0.5786666666666667	0.676	0.56	0.522	0.628	0.6861666666666667	0.603	0.626
TSs132	0	0.525682897647588	0.04745021888102261	1	0.5341666666666667	0.5403333333333333	0.5856666666666667	0.5421333333333334	0.5541111111111111	0.541	0.603	0.4638333333333333	0.42595141700404854	0.5433333333333332	0.4766666666666667	0.5273333333333332	0.482	0.51	0.6085666666666666	0.4673333333333334	0.5045	0.528	0.5532287581699347	0.5006666666666667	0.556
TSs78	0	0.4424378434065933	0.06218712390787986	1	0.44694736842105265	0.5328333333333333	0.35	0.445	0.4741111111111111	0.5043333333333333	0.4415333333333333	0.49845833333333334	0.4882371312897628	0.527	0.4293333333333333	0.422	0.38	0.4045	0.34	0.466	0.3458333333333333	0.44889473684210524	0.5266888888888889	0.366	0.458
TSs61	0	0.4943580409356724	0.04371900971610742	1	0.49558333333333326	0.462	0.482	0.5277333333333334	0.5721111111111111	0.529	0.5296000000000001	0.461	0.45943859649122804	0.478	0.455	0.412	0.498	0.404	0.5296666666666667	0.534	0.4938333333333333	0.492	0.5244444444444444	0.546	0.4973333333333333
TSs60	0	0.4366557443476715	0.06582837197277608	1	0.4310333333333334	0.492	0.4214	0.4161333333333333	0.4081111111111111	0.4406666666666667	0.348	0.4082964285714286	0.5195128205128204	0.48619047619047623	0.486	0.447	0.56	0.442	0.42	0.38733333333333336	0.5069	0.29789473684210527	0.3562426470588235	0.51	0.37943333333333334
TSs274	1	0.5412966666666668	0.0501875662008987	1	0.5434	0.51	0.528	0.482	0.568	0.636	0.59	0.5428	0.544	0.591	0.466	0.544	0.574	0.562	0.486	0.522	0.5044	0.464	0.6177333333333334	0.596	0.498
TSs10A	1	0.5028693650793652	0.05034051785326292	1	0.5212952380952381	0.526	0.5595	0.465	0.4601111111111111	0.5221904761904763	0.4465	0.5655380952380952	0.5521052631578947	0.5404904761904761	0.532	0.504	0.544	0.556	0.4818	0.534	0.5204	0.3738947368421053	0.4553333333333333	0.4545238095238095	0.464
TSs96	0	0.527170138888889	0.051248978950470064	1	0.529	0.5411666666666666	0.509	0.576	0.614111111111111	0.4973333333333333	0.628	0.528	0.463	0.504	0.557	0.53	0.56	0.436	0.473	0.48000000000000004	0.544	0.476	0.559125	0.4876666666666667	0.58
TSs282	0	0.4665470789341378	0.09488149119138214	1	0.45898333333333335	0.434	0.4535	0.462	0.4141111111111111	0.506609523809524	0.2725	0.4559666666666667	0.6091794871794872	0.478	0.6513333333333333	0.422	0.588	0.594	0.412	0.4853333333333334	0.482	0.298	0.37945098039215686	0.4825238095238095	0.45043333333333335
TSs56A	1	0.4507186560150376	0.05257336509395739	1	0.45158333333333334	0.42706666666666665	0.418	0.5021333333333333	0.502	0.4601428571428572	0.548	0.4267916666666666	0.40710526315789475	0.442	0.4323333333333333	0.4784	0.424	0.324	0.45116666666666666	0.462	0.473	0.452	0.5247999999999999	0.364	0.4954333333333334
TSs296	0	0.4911521886446887	0.06813282236801532	1	0.4887445054945055	0.5474	0.459	0.5941333333333333	0.45	0.4913571428571429	0.3892	0.42246309523809533	0.4861318681318681	0.569	0.528	0.5018	0.574	0.5013333333333333	0.46359999999999996	0.378	0.594	0.566	0.406125	0.481	0.4205
TSs33	0	0.43496129490392643	0.052515456074007254	1	0.4407	0.45133333333333336	0.394	0.5113333333333333	0.426	0.47633333333333333	0.526	0.437	0.36139097744360904	0.459	0.456	0.422	0.364	0.314	0.396	0.418	0.44439999999999996	0.452	0.4929111111111111	0.4145238095238095	0.483
TSs311	0	0.4626708394383394	0.06659669251069175	1	0.46505555555555556	0.5316666666666667	0.348	0.4993333333333333	0.44811111111111107	0.431	0.5278333333333334	0.5564964285714287	0.4921318681318681	0.525	0.42266666666666663	0.4462857142857143	0.482	0.41	0.342	0.488	0.3893333333333333	0.517	0.571125	0.4313333333333333	0.3941
TSs68	0	0.4151208090928679	0.0688791332888105	1	0.41783333333333333	0.3947333333333333	0.442	0.39313333333333333	0.306	0.39749999999999996	0.3653333333333334	0.4423666666666667	0.43984615384615383	0.446	0.446	0.3822857142857143	0.408	0.558	0.558	0.374	0.454	0.434	0.2641176470588235	0.4276666666666667	0.36943333333333334
TSs104	0	0.5328317460317461	0.05734884526453226	1	0.5404166666666667	0.5388333333333333	0.516	0.571	0.606111111111111	0.601	0.596	0.4075	0.47	0.44302380952380954	0.484	0.5521666666666667	0.542	0.502	0.5356666666666667	0.5253333333333333	0.612	0.548	0.46	0.58	0.566
TSs58	0	0.49623089807852966	0.06593751740182352	1	0.494719298245614	0.41373333333333334	0.6015	0.504	0.4701111111111111	0.439	0.612	0.5048	0.48943859649122806	0.5363333333333332	0.4426666666666667	0.5	0.47	0.356	0.5243333333333333	0.46	0.4564	0.51	0.6301111111111111	0.4868571428571428	0.5173333333333333
TSs358	0	0.7044906159629845	0.10472640456304926	1	0.7190333333333334	0.6933333333333334	0.7130666666666666	0.688	0.6793333333333333	0.806	0.652	0.6898666666666666	0.7787985347985349	0.724	0.7915	0.7246190476190476	0.738	0.7613333333333333	0.7140666666666667	0.804	0.308	0.6718947368421052	0.651	0.765	0.736
TSs82	0	0.42693055555555554	0.06465597456622638	1	0.424	0.3576666666666667	0.43	0.46463333333333334	0.4465111111111111	0.4015	0.552	0.4718	0.418	0.412	0.314	0.37	0.412	0.332	0.504	0.326	0.468	0.472	0.486	0.498	0.4025
TSs15	0	0.49687397958036117	0.054252481633844545	1	0.4796785714285714	0.538	0.453	0.482	0.4641111111111111	0.47735714285714287	0.654	0.4768333333333334	0.46195141700404857	0.4673333333333334	0.462	0.5293333333333333	0.496	0.44266666666666665	0.5938	0.422	0.4705	0.49	0.5222361111111111	0.5398571428571429	0.4945
TSs4	0	0.3388607694103283	0.042694890154455906	1	0.3333333333333333	0.3877333333333334	0.336	0.3521333333333333	0.3031111111111111	0.43166666666666664	0.3015	0.32499642857142863	0.3362371312897629	0.4000000000000001	0.3306666666666666	0.3808	0.296	0.31	0.3435	0.306	0.3811666666666667	0.3118947368421053	0.25837598039215687	0.376	0.30943333333333334
TSs331	1	0.5525	0.03956008088970496	1	0.548	0.552	0.506	0.588	0.592	0.552	0.594	0.516	0.546	0.63	0.63	0.55	0.542	0.572	0.494	0.558	0.536	0.5	0.544	0.546	0.502
TSs314B	1	0.45633333333333337	0.06259850716602756	1	0.4525	0.44366666666666665	0.368	0.44	0.516	0.414	0.51	0.399	0.452	0.448	0.502	0.602	0.508	0.454	0.453	0.462	0.522	0.424	0.354	0.353	0.502
TSs333	0	0.49699125000000005	0.05917280209571107	1	0.5085	0.48406666666666665	0.5315	0.507	0.544	0.436	0.6	0.428125	0.365	0.5046666666666666	0.4726666666666667	0.58	0.51	0.3773333333333333	0.5203	0.482	0.5424	0.524	0.5126666666666667	0.52	0.49810000000000004
TSs7	0	0.3978709386446887	0.048602372734150995	1	0.39875	0.5232333333333333	0.379	0.4296333333333333	0.376	0.4471904761904762	0.45	0.372425	0.29028475033738194	0.4258333333333334	0.406	0.4003333333333334	0.322	0.3971666666666666	0.4211666666666667	0.39666666666666667	0.36956666666666665	0.36189473684210527	0.376	0.4125238095238095	0.4005
TSs38	0	0.5356154166666667	0.06075842794491742	1	0.5307166666666667	0.4995	0.546	0.535	0.52	0.634	0.491	0.6133666666666667	0.614	0.5905	0.6046666666666668	0.4588	0.514	0.558	0.516	0.4793333333333334	0.398	0.55	0.5917083333333334	0.472	0.5264333333333334
TSs10	1	0.5049416666666667	0.06218138142488018	1	0.516	0.4613333333333334	0.526	0.498	0.474	0.596	0.456	0.438	0.542	0.5445	0.562	0.407	0.542	0.57	0.562	0.506	0.392	0.416	0.482	0.598	0.526
TSs48	0	0.48145132936507934	0.06825086403277274	1	0.503	0.5114	0.5080666666666667	0.59	0.5361111111111111	0.537	0.434	0.4325	0.5306666666666667	0.5165238095238095	0.542	0.48719999999999997	0.546	0.504	0.37446666666666667	0.502	0.47	0.302	0.406325	0.4646666666666667	0.43410000000000004
