ID	ID	Class	Mean	stdev	Predicted_0.1	Median	score_0	score_1	score_2	score_3	score_4	score_5	score_6	score_7	score_8	score_9	score_10	score_11	score_12	score_13	score_14	score_15	score_16	score_17	score_18	score_19
TSs156A	0	0.49638815464490565	0.014027617435096383	1	0.5	0.5	0.4893044587814023	0.5	0.5	0.48296960401222094	0.5106957504130752	0.5	0.44496693262756215	0.5	0.5104786873476891	0.5106957504130752	0.4895215053824855	0.5	0.5	0.5	0.5	0.5	0.5	0.48913040392060286	0.5
TSs361	1	0.5005985567651863	0.014905607492623218	1	0.5	0.5220245763602924	0.5	0.5144737074683742	0.5	0.5	0.5	0.51313618892148	0.5	0.5	0.5	0.47797917259968115	0.45805842425140014	0.5	0.5	0.5	0.5	0.5	0.48478812732460036	0.5172620006975375	0.5242489376803604
TSs368	0	0.49638815464490565	0.014027617435096383	1	0.5	0.5	0.4893044587814023	0.5	0.5	0.48296960401222094	0.5106957504130752	0.5	0.44496693262756215	0.5	0.5104786873476891	0.5106957504130752	0.4895215053824855	0.5	0.5	0.5	0.5	0.5	0.5	0.48913040392060286	0.5
TSs49	0	0.492325967541239	0.015582141067481304	1	0.5	0.5	0.4893044587814023	0.5	0.5	0.46013299977536953	0.5106957504130752	0.5	0.44496693262756215	0.5	0.5	0.47797917259968115	0.4895215053824855	0.5	0.5	0.5	0.5	0.5	0.48478812732460036	0.48913040392060286	0.5
TSs138B	0	0.4943484957082906	0.015292793186793453	1	0.5	0.5220245763602924	0.5	0.4847881273246004	0.5	0.48296960401222094	0.5	0.5	0.44496693262756215	0.5	0.5104786873476891	0.47797917259968115	0.4895215053824855	0.5	0.5	0.5	0.5	0.5	0.48478812732460036	0.4894531811866786	0.5
TSs22B	0	0.49860502049287375	0.006560080899538017	1	0.5	0.5	0.4893044587814023	0.5	0.5	0.48296960401222094	0.5	0.5	0.5	0.5	0.5104786873476891	0.5106957504130752	0.4895215053824855	0.5	0.5	0.5	0.5	0.5	0.5	0.48913040392060286	0.5
TSs287	0	0.49748938346292026	0.0151460148667119	1	0.5	0.5220245763602924	0.4893044587814023	0.5	0.5	0.48296960401222094	0.5106957504130752	0.5	0.44496693262756215	0.5	0.5104786873476891	0.5106957504130752	0.4895215053824855	0.5	0.5	0.5	0.5	0.5	0.5	0.48913040392060286	0.5
TSs383	0	0.4996907239377612	0.006679728298546325	1	0.5	0.5	0.5	0.5	0.5	0.48296960401222094	0.5106957504130752	0.5	0.5	0.5	0.5104786873476891	0.5106957504130752	0.4895215053824855	0.5	0.5	0.5	0.5	0.5	0.5	0.4894531811866786	0.5
TSs314A	0	0.49528710281516586	0.014163538562516726	1	0.5	0.5	0.5	0.5	0.5	0.48296960401222094	0.5106957504130752	0.5	0.44496693262756215	0.5	0.5104786873476891	0.47797917259968115	0.4895215053824855	0.5	0.5	0.5	0.5	0.5	0.5	0.48913040392060286	0.5
TSs30	1	0.4950419742545896	0.0156998688834045	1	0.5	0.5220245763602924	0.5	0.4847881273246004	0.5	0.46013299977536953	0.5	0.51313618892148	0.5	0.5	0.5104786873476891	0.47797917259968115	0.45805842425140014	0.5	0.5	0.5	0.5	0.5	0.48478812732460036	0.4894531811866786	0.5
TSs291	0	0.4975668309452481	0.013064763414377952	1	0.5	0.5220245763602924	0.5	0.5	0.5	0.48296960401222094	0.5106957504130752	0.5	0.5	0.5	0.5104786873476891	0.47797917259968115	0.45805842425140014	0.5	0.5	0.5	0.5	0.5	0.5	0.48913040392060286	0.5
TSs157A	1	0.49609119394375945	0.012794318333882823	1	0.5	0.5220245763602924	0.5	0.4847881273246004	0.5	0.46013299977536953	0.5	0.51313618892148	0.5	0.5	0.5	0.47797917259968115	0.4895215053824855	0.5	0.5	0.5	0.5	0.5	0.48478812732460036	0.4894531811866786	0.5
TSs27	0	0.4962843704572097	0.014738881583423754	1	0.5	0.5	0.4893044587814023	0.4847881273246004	0.5	0.48296960401222094	0.5106957504130752	0.51313618892148	0.44496693262756215	0.5	0.5104786873476891	0.5106957504130752	0.4895215053824855	0.5	0.5	0.5	0.5	0.5	0.5	0.48913040392060286	0.5
TSs363	0	0.4975958800152133	0.014391649208983325	1	0.5	0.5	0.5	0.5	0.5	0.48296960401222094	0.5106957504130752	0.51313618892148	0.44496693262756215	0.5	0.5104786873476891	0.5106957504130752	0.4895215053824855	0.5	0.5	0.5	0.5	0.5	0.5	0.4894531811866786	0.5
TSs9	0	0.4932011923384148	0.01538743281623341	1	0.5	0.5	0.5	0.4847881273246004	0.5	0.46013299977536953	0.5	0.5	0.44496693262756215	0.5	0.5	0.5106957504130752	0.4895215053824855	0.5	0.5	0.5	0.5	0.5	0.48478812732460036	0.48913040392060286	0.5
TSs133	0	0.49472239006567864	0.015613915189053012	1	0.5	0.5	0.4893044587814023	0.5	0.5	0.46013299977536953	0.5106957504130752	0.5	0.44496693262756215	0.5	0.5	0.5106957504130752	0.4895215053824855	0.5	0.5	0.5	0.5	0.5	0.5	0.48913040392060286	0.5
TSs155	0	0.49948044319777224	0.009409013732346249	1	0.5	0.5220245763602924	0.4893044587814023	0.5	0.5	0.48296960401222094	0.5106957504130752	0.5	0.5	0.5	0.5104786873476891	0.5106957504130752	0.4895215053824855	0.5	0.5	0.5	0.5	0.5	0.48478812732460036	0.48913040392060286	0.5
TSs209	0	0.49638815464490565	0.014027617435096383	1	0.5	0.5	0.4893044587814023	0.5	0.5	0.48296960401222094	0.5106957504130752	0.5	0.44496693262756215	0.5	0.5104786873476891	0.5106957504130752	0.4895215053824855	0.5	0.5	0.5	0.5	0.5	0.5	0.48913040392060286	0.5
TSs136	0	0.49638815464490565	0.014027617435096383	1	0.5	0.5	0.4893044587814023	0.5	0.5	0.48296960401222094	0.5106957504130752	0.5	0.44496693262756215	0.5	0.5104786873476891	0.5106957504130752	0.4895215053824855	0.5	0.5	0.5	0.5	0.5	0.5	0.48913040392060286	0.5
TSs22A	1	0.49590807958517846	0.015516295997325217	1	0.5	0.5220245763602924	0.5	0.4824386725742988	0.5	0.45876468897828804	0.5	0.51313618892148	0.5	0.5	0.5	0.5106957504130752	0.45805842425140014	0.5	0.5	0.5	0.5	0.5	0.48478812732460036	0.4882551628801338	0.5
TSs357	0	0.49748531987816513	0.011884319136305712	1	0.5	0.5	0.5	0.5	0.5	0.45876468897828804	0.5106957504130752	0.51313618892148	0.5	0.5	0.5104786873476891	0.47797917259968115	0.4895215053824855	0.5	0.5	0.5	0.5	0.5	0.5	0.48913040392060286	0.5
TSs161	0	0.4956321101990408	0.014481579736728986	1	0.5	0.5	0.4893044587814023	0.4824386725742988	0.5	0.48296960401222094	0.5	0.51313618892148	0.44496693262756215	0.5	0.5104786873476891	0.5106957504130752	0.4895215053824855	0.5	0.5	0.5	0.5	0.5	0.5	0.48913040392060286	0.5
TSs11	0	0.49371394875861163	0.016407230093951463	1	0.5	0.5	0.5	0.5	0.5	0.48296960401222094	0.5106957504130752	0.5	0.44496693262756215	0.5	0.5104786873476891	0.47797917259968115	0.45805842425140014	0.5	0.5	0.5	0.5	0.5	0.5	0.48913040392060286	0.5
TSs5A	0	0.49638815464490565	0.014027617435096383	1	0.5	0.5	0.4893044587814023	0.5	0.5	0.48296960401222094	0.5106957504130752	0.5	0.44496693262756215	0.5	0.5104786873476891	0.5106957504130752	0.4895215053824855	0.5	0.5	0.5	0.5	0.5	0.5	0.48913040392060286	0.5
TSs131	1	0.49638815464490565	0.014027617435096383	1	0.5	0.5	0.4893044587814023	0.5	0.5	0.48296960401222094	0.5106957504130752	0.5	0.44496693262756215	0.5	0.5104786873476891	0.5106957504130752	0.4895215053824855	0.5	0.5	0.5	0.5	0.5	0.5	0.48913040392060286	0.5
TSs294	0	0.4963694954002129	0.01655053755937705	1	0.5	0.5	0.5	0.5	0.5	0.45876468897828804	0.5106957504130752	0.51313618892148	0.44496693262756215	0.5	0.5104786873476891	0.5106957504130752	0.4895215053824855	0.5	0.5	0.5	0.5	0.5	0.5	0.48913040392060286	0.5
TSs378	1	0.4950328443282787	0.01548325687305191	1	0.5	0.5220245763602924	0.5	0.4824386725742988	0.5	0.45876468897828804	0.5	0.51313618892148	0.5	0.5	0.5	0.47797917259968115	0.45805842425140014	0.5	0.5	0.5	0.5	0.5	0.5	0.4882551628801338	0.5
TSs111	0	0.49673333901705546	0.015623593144783041	1	0.5	0.5220245763602924	0.4893044587814023	0.4824386725742988	0.5	0.48296960401222094	0.5	0.51313618892148	0.44496693262756215	0.5	0.5104786873476891	0.5106957504130752	0.4895215053824855	0.5	0.5	0.5	0.5	0.5	0.5	0.48913040392060286	0.5
TSs56	0	0.49638815464490565	0.014027617435096383	1	0.5	0.5	0.4893044587814023	0.5	0.5	0.48296960401222094	0.5106957504130752	0.5	0.44496693262756215	0.5	0.5104786873476891	0.5106957504130752	0.4895215053824855	0.5	0.5	0.5	0.5	0.5	0.5	0.48913040392060286	0.5
TSs3A	0	0.4960382513317863	0.017589239724364488	1	0.5	0.5220245763602924	0.4893044587814023	0.5	0.5	0.48296960401222094	0.5	0.51313618892148	0.44496693262756215	0.5	0.5104786873476891	0.5106957504130752	0.45805842425140014	0.5	0.5	0.5	0.5	0.5	0.5	0.48913040392060286	0.5
TSs95	0	0.49638815464490565	0.014027617435096383	1	0.5	0.5	0.4893044587814023	0.5	0.5	0.48296960401222094	0.5106957504130752	0.5	0.44496693262756215	0.5	0.5104786873476891	0.5106957504130752	0.4895215053824855	0.5	0.5	0.5	0.5	0.5	0.5	0.48913040392060286	0.5
TSs2	0	0.49638815464490565	0.014027617435096383	1	0.5	0.5	0.4893044587814023	0.5	0.5	0.48296960401222094	0.5106957504130752	0.5	0.44496693262756215	0.5	0.5104786873476891	0.5106957504130752	0.4895215053824855	0.5	0.5	0.5	0.5	0.5	0.5	0.48913040392060286	0.5
TSs44C	0	0.4965675550396117	0.01552122011161256	1	0.5	0.5220245763602924	0.4893044587814023	0.4824386725742988	0.5	0.48296960401222094	0.5106957504130752	0.5	0.44496693262756215	0.5	0.5104786873476891	0.5106957504130752	0.4895215053824855	0.5	0.5	0.5	0.5	0.5	0.5	0.4882551628801338	0.5
TSs201	0	0.4949753007529668	0.013933421762413164	1	0.5	0.5	0.4893044587814023	0.4824386725742988	0.5	0.48296960401222094	0.5	0.5	0.44496693262756215	0.5	0.5104786873476891	0.5106957504130752	0.4895215053824855	0.5	0.5	0.5	0.5	0.5	0.5	0.48913040392060286	0.5
TSs217	0	0.4960637001449931	0.012016784597885917	1	0.5	0.5	0.4893044587814023	0.5	0.5	0.48296960401222094	0.5106957504130752	0.51313618892148	0.5	0.5	0.5	0.47797917259968115	0.45805842425140014	0.5	0.5	0.5	0.5	0.5	0.5	0.48913040392060286	0.5
TSs168	0	0.4952750049995734	0.015068436301708888	1	0.5	0.5220245763602924	0.4893044587814023	0.5	0.5	0.48296960401222094	0.5	0.5	0.44496693262756215	0.5	0.5104786873476891	0.47797917259968115	0.4895215053824855	0.5	0.5	0.5	0.5	0.5	0.5	0.4882551628801338	0.5
TSs98	0	0.49638815464490565	0.014027617435096383	1	0.5	0.5	0.4893044587814023	0.5	0.5	0.48296960401222094	0.5106957504130752	0.5	0.44496693262756215	0.5	0.5104786873476891	0.5106957504130752	0.4895215053824855	0.5	0.5	0.5	0.5	0.5	0.5	0.48913040392060286	0.5
TSs116	1	0.49638815464490565	0.014027617435096383	1	0.5	0.5	0.4893044587814023	0.5	0.5	0.48296960401222094	0.5106957504130752	0.5	0.44496693262756215	0.5	0.5104786873476891	0.5106957504130752	0.4895215053824855	0.5	0.5	0.5	0.5	0.5	0.5	0.48913040392060286	0.5
TSs53	0	0.497168968628061	0.011361059498028882	1	0.5	0.5	0.4893044587814023	0.5	0.5	0.45876468897828804	0.5106957504130752	0.5	0.5	0.5	0.5104786873476891	0.5106957504130752	0.4895215053824855	0.5	0.5	0.5	0.5	0.5	0.48478812732460036	0.48913040392060286	0.5
TSs63A	0	0.4955100882736206	0.014335876195065031	1	0.5	0.5	0.4893044587814023	0.4824386725742988	0.5	0.48296960401222094	0.5106957504130752	0.5	0.44496693262756215	0.5	0.5104786873476891	0.5106957504130752	0.4895215053824855	0.5	0.5	0.5	0.5	0.5	0.5	0.48913040392060286	0.5
TSs158	1	0.49427225069450875	0.015599603844573458	1	0.5	0.5220245763602924	0.5	0.4824386725742988	0.5	0.45876468897828804	0.5	0.51313618892148	0.5	0.5	0.5	0.47797917259968115	0.45805842425140014	0.5	0.5	0.5	0.5	0.5	0.48478812732460036	0.4882551628801338	0.5
TSs269	0	0.4929661831283051	0.018294806246082224	1	0.5	0.5	0.4893044587814023	0.5	0.5	0.45876468897828804	0.5	0.51313618892148	0.44496693262756215	0.5	0.5104786873476891	0.5106957504130752	0.45805842425140014	0.5	0.5	0.5	0.5	0.5	0.48478812732460036	0.48913040392060286	0.5
TSs317	1	0.4951940791178172	0.015371909775308836	1	0.5	0.5220245763602924	0.5	0.5	0.5	0.45876468897828804	0.5	0.51313618892148	0.5	0.5	0.5	0.47797917259968115	0.45805842425140014	0.5	0.5	0.5	0.5	0.5	0.48478812732460036	0.48913040392060286	0.5
TSs49A	0	0.4970427195895889	0.011087121238877102	1	0.5	0.5	0.4893044587814023	0.5	0.5	0.48296960401222094	0.5106957504130752	0.5	0.5	0.5	0.5	0.5106957504130752	0.45805842425140014	0.5	0.5	0.5	0.5	0.5	0.5	0.48913040392060286	0.5
TSs417	0	0.4910908595747	0.017992236981049344	1	0.5	0.5	0.4893044587814023	0.4824386725742988	0.5	0.45876468897828804	0.5106957504130752	0.5	0.44496693262756215	0.5	0.5104786873476891	0.47797917259968115	0.45805842425140014	0.5	0.5	0.5	0.5	0.5	0.5	0.48913040392060286	0.5
TSs195	0	0.49528710281516586	0.014163538562516726	1	0.5	0.5	0.5	0.5	0.5	0.48296960401222094	0.5106957504130752	0.5	0.44496693262756215	0.5	0.5104786873476891	0.47797917259968115	0.4895215053824855	0.5	0.5	0.5	0.5	0.5	0.5	0.48913040392060286	0.5
TSs371	0	0.49909604596150403	0.007161400267864069	1	0.5	0.5	0.4893044587814023	0.5	0.5	0.48296960401222094	0.5106957504130752	0.5	0.5	0.5	0.5104786873476891	0.5106957504130752	0.4895215053824855	0.5	0.5	0.5	0.5	0.5	0.5	0.4882551628801338	0.5
TSs23	0	0.4991636661585351	0.012386628904070085	1	0.5	0.5220245763602924	0.4893044587814023	0.5	0.5	0.45876468897828804	0.5106957504130752	0.51313618892148	0.5	0.5	0.5	0.5106957504130752	0.4895215053824855	0.5	0.5	0.5	0.5	0.5	0.5	0.48913040392060286	0.5
TSs51	0	0.49638815464490565	0.014027617435096383	1	0.5	0.5	0.4893044587814023	0.5	0.5	0.48296960401222094	0.5106957504130752	0.5	0.44496693262756215	0.5	0.5104786873476891	0.5106957504130752	0.4895215053824855	0.5	0.5	0.5	0.5	0.5	0.5	0.48913040392060286	0.5
TSs59B	1	0.49638815464490565	0.014027617435096383	1	0.5	0.5	0.4893044587814023	0.5	0.5	0.48296960401222094	0.5106957504130752	0.5	0.44496693262756215	0.5	0.5104786873476891	0.5106957504130752	0.4895215053824855	0.5	0.5	0.5	0.5	0.5	0.5	0.48913040392060286	0.5
TSs365	0	0.495177908893209	0.01613247907222246	1	0.5	0.5	0.4893044587814023	0.5	0.5	0.45876468897828804	0.5106957504130752	0.5	0.44496693262756215	0.5	0.5104786873476891	0.5106957504130752	0.4895215053824855	0.5	0.5	0.5	0.5	0.5	0.5	0.48913040392060286	0.5
TSs224	0	0.49638815464490565	0.014027617435096383	1	0.5	0.5	0.4893044587814023	0.5	0.5	0.48296960401222094	0.5106957504130752	0.5	0.44496693262756215	0.5	0.5104786873476891	0.5106957504130752	0.4895215053824855	0.5	0.5	0.5	0.5	0.5	0.5	0.48913040392060286	0.5
TSs325	1	0.49427225069450875	0.015599603844573458	1	0.5	0.5220245763602924	0.5	0.4824386725742988	0.5	0.45876468897828804	0.5	0.51313618892148	0.5	0.5	0.5	0.47797917259968115	0.45805842425140014	0.5	0.5	0.5	0.5	0.5	0.48478812732460036	0.4882551628801338	0.5
TSs119A	1	0.4931710218764942	0.014256977232032763	1	0.5	0.5	0.5	0.4824386725742988	0.5	0.45876468897828804	0.5	0.51313618892148	0.5	0.5	0.5	0.47797917259968115	0.45805842425140014	0.5	0.5	0.5	0.5	0.5	0.48478812732460036	0.4882551628801338	0.5
TSs166	1	0.49427225069450875	0.015599603844573458	1	0.5	0.5220245763602924	0.5	0.4824386725742988	0.5	0.45876468897828804	0.5	0.51313618892148	0.5	0.5	0.5	0.47797917259968115	0.45805842425140014	0.5	0.5	0.5	0.5	0.5	0.48478812732460036	0.4882551628801338	0.5
TSs297	0	0.4944130881463872	0.016178280183404732	1	0.5	0.5	0.4893044587814023	0.5	0.5	0.48296960401222094	0.5	0.51313618892148	0.44496693262756215	0.5	0.5	0.5106957504130752	0.45805842425140014	0.5	0.5	0.5	0.5	0.5	0.5	0.48913040392060286	0.5
TSs338	0	0.4926229042776738	0.018754871428465422	1	0.5	0.5	0.4893044587814023	0.4824386725742988	0.5	0.45876468897828804	0.5106957504130752	0.51313618892148	0.44496693262756215	0.5	0.5104786873476891	0.5106957504130752	0.45805842425140014	0.5	0.5	0.5	0.5	0.5	0.48478812732460036	0.48913040392060286	0.5
TSs293	1	0.49361545170815857	0.015425086344270346	1	0.5	0.5220245763602924	0.4893044587814023	0.4824386725742988	0.5	0.45876468897828804	0.5106957504130752	0.5	0.5	0.5	0.5	0.47797917259968115	0.45805842425140014	0.5	0.5	0.5	0.5	0.5	0.48478812732460036	0.4882551628801338	0.5
TSs24	0	0.49638815464490565	0.014027617435096383	1	0.5	0.5	0.4893044587814023	0.5	0.5	0.48296960401222094	0.5106957504130752	0.5	0.44496693262756215	0.5	0.5104786873476891	0.5106957504130752	0.4895215053824855	0.5	0.5	0.5	0.5	0.5	0.5	0.48913040392060286	0.5
TSs334	0	0.49611857602004206	0.014207310962129502	1	0.5	0.5	0.5	0.5	0.5	0.48296960401222094	0.5106957504130752	0.5	0.44496693262756215	0.5	0.5104786873476891	0.5106957504130752	0.4895215053824855	0.5	0.5	0.5	0.5	0.5	0.48478812732460036	0.4882551628801338	0.5
TSs1A	0	0.49726812653770924	0.01592150894807629	1	0.5	0.5220245763602924	0.4893044587814023	0.4824386725742988	0.5	0.48296960401222094	0.5106957504130752	0.51313618892148	0.44496693262756215	0.5	0.5104786873476891	0.5106957504130752	0.4895215053824855	0.5	0.5	0.5	0.5	0.5	0.5	0.48913040392060286	0.5
TSs266	0	0.49744562141089677	0.015172678958799651	1	0.5	0.5220245763602924	0.4893044587814023	0.5	0.5	0.48296960401222094	0.5106957504130752	0.5	0.44496693262756215	0.5	0.5104786873476891	0.5106957504130752	0.4895215053824855	0.5	0.5	0.5	0.5	0.5	0.5	0.4882551628801338	0.5
TSs277	0	0.4934677977530816	0.013838044668974541	1	0.5	0.5	0.4893044587814023	0.5	0.5	0.48296960401222094	0.5106957504130752	0.5	0.44496693262756215	0.5	0.5	0.47797917259968115	0.4895215053824855	0.5	0.5	0.5	0.5	0.5	0.48478812732460036	0.48913040392060286	0.5
TSs60B	0	0.49265240621591194	0.016220792611250544	1	0.5	0.5	0.4893044587814023	0.4824386725742988	0.5	0.48296960401222094	0.5106957504130752	0.5	0.44496693262756215	0.5	0.5	0.5106957504130752	0.45805842425140014	0.5	0.5	0.5	0.5	0.5	0.48478812732460036	0.48913040392060286	0.5
TSs303	0	0.49638815464490565	0.014027617435096383	1	0.5	0.5	0.4893044587814023	0.5	0.5	0.48296960401222094	0.5106957504130752	0.5	0.44496693262756215	0.5	0.5104786873476891	0.5106957504130752	0.4895215053824855	0.5	0.5	0.5	0.5	0.5	0.5	0.48913040392060286	0.5
TSs120	1	0.49427225069450875	0.015599603844573458	1	0.5	0.5220245763602924	0.5	0.4824386725742988	0.5	0.45876468897828804	0.5	0.51313618892148	0.5	0.5	0.5	0.47797917259968115	0.45805842425140014	0.5	0.5	0.5	0.5	0.5	0.48478812732460036	0.4882551628801338	0.5
TSs132	0	0.49638815464490565	0.014027617435096383	1	0.5	0.5	0.4893044587814023	0.5	0.5	0.48296960401222094	0.5106957504130752	0.5	0.44496693262756215	0.5	0.5104786873476891	0.5106957504130752	0.4895215053824855	0.5	0.5	0.5	0.5	0.5	0.5	0.48913040392060286	0.5
TSs78	0	0.49652101926387127	0.013748707608795548	1	0.5	0.5	0.5	0.5	0.5	0.48296960401222094	0.5	0.51313618892148	0.44496693262756215	0.5	0.5	0.5106957504130752	0.4895215053824855	0.5	0.5	0.5	0.5	0.5	0.5	0.48913040392060286	0.5
TSs61	0	0.4979349719960918	0.009019784911772154	1	0.5	0.5	0.5	0.5	0.5	0.48296960401222094	0.5106957504130752	0.51313618892148	0.5	0.5	0.5104786873476891	0.47797917259968115	0.4895215053824855	0.5	0.5	0.5	0.5	0.5	0.48478812732460036	0.48913040392060286	0.5
TSs60	0	0.49638815464490565	0.014027617435096383	1	0.5	0.5	0.4893044587814023	0.5	0.5	0.48296960401222094	0.5106957504130752	0.5	0.44496693262756215	0.5	0.5104786873476891	0.5106957504130752	0.4895215053824855	0.5	0.5	0.5	0.5	0.5	0.5	0.48913040392060286	0.5
TSs274	1	0.4927308430775835	0.017533811807903144	1	0.5	0.5220245763602924	0.5	0.4824386725742988	0.5	0.48296960401222094	0.5	0.51313618892148	0.44496693262756215	0.5	0.5	0.47797917259968115	0.45805842425140014	0.5	0.5	0.5	0.5	0.5	0.48478812732460036	0.4882551628801338	0.5
TSs10A	1	0.49638815464490565	0.014027617435096383	1	0.5	0.5	0.4893044587814023	0.5	0.5	0.48296960401222094	0.5106957504130752	0.5	0.44496693262756215	0.5	0.5104786873476891	0.5106957504130752	0.4895215053824855	0.5	0.5	0.5	0.5	0.5	0.5	0.48913040392060286	0.5
TSs96	0	0.4997062493108884	0.008397788235665357	1	0.5	0.5220245763602924	0.4893044587814023	0.5	0.5	0.48296960401222094	0.5	0.5	0.5	0.5	0.5104786873476891	0.5106957504130752	0.4895215053824855	0.5	0.5	0.5	0.5	0.5	0.5	0.48913040392060286	0.5
TSs282	0	0.49638815464490565	0.014027617435096383	1	0.5	0.5	0.4893044587814023	0.5	0.5	0.48296960401222094	0.5106957504130752	0.5	0.44496693262756215	0.5	0.5104786873476891	0.5106957504130752	0.4895215053824855	0.5	0.5	0.5	0.5	0.5	0.5	0.48913040392060286	0.5
TSs56A	1	0.49638815464490565	0.014027617435096383	1	0.5	0.5	0.4893044587814023	0.5	0.5	0.48296960401222094	0.5106957504130752	0.5	0.44496693262756215	0.5	0.5104786873476891	0.5106957504130752	0.4895215053824855	0.5	0.5	0.5	0.5	0.5	0.5	0.48913040392060286	0.5
TSs296	0	0.4985721115941196	0.006649851148652239	1	0.5	0.5	0.4893044587814023	0.5	0.5	0.48296960401222094	0.5106957504130752	0.5	0.5	0.5	0.5	0.5106957504130752	0.4895215053824855	0.5	0.5	0.5	0.5	0.5	0.5	0.4882551628801338	0.5
TSs33	0	0.4955837989591122	0.014254737019210317	1	0.5	0.5	0.4893044587814023	0.4847881273246004	0.5	0.48296960401222094	0.5106957504130752	0.5	0.44496693262756215	0.5	0.5104786873476891	0.5106957504130752	0.4895215053824855	0.5	0.5	0.5	0.5	0.5	0.5	0.4882551628801338	0.5
TSs311	0	0.49307015476399974	0.019131640292590242	1	0.5	0.5220245763602924	0.4893044587814023	0.5	0.5	0.45876468897828804	0.5106957504130752	0.5	0.44496693262756215	0.5	0.5104786873476891	0.47797917259968115	0.45805842425140014	0.5	0.5	0.5	0.5	0.5	0.5	0.48913040392060286	0.5
TSs68	0	0.4957035763831416	0.010949840167034437	1	0.5	0.5	0.4893044587814023	0.5	0.5	0.48296960401222094	0.5	0.5	0.5	0.5	0.5	0.5106957504130752	0.45805842425140014	0.5	0.5	0.5	0.5	0.5	0.48478812732460036	0.4882551628801338	0.5
TSs104	0	0.4955946416526576	0.013838292640848559	1	0.5	0.5	0.5	0.5	0.5	0.48296960401222094	0.5106957504130752	0.5	0.44496693262756215	0.5	0.5	0.5106957504130752	0.4895215053824855	0.5	0.5	0.5	0.5	0.5	0.48478812732460036	0.4882551628801338	0.5
TSs58	0	0.49405440695458147	0.016500896257108908	1	0.5	0.5	0.4893044587814023	0.5	0.5	0.48296960401222094	0.5106957504130752	0.5	0.44496693262756215	0.5	0.5104786873476891	0.5106957504130752	0.45805842425140014	0.5	0.5	0.5	0.5	0.5	0.48478812732460036	0.48913040392060286	0.5
TSs358	0	0.4645928273991008	0.01855870898093597	1	0.4724238179524849	0.47242381795248495	0.4584698704643965	0.4552378623825304	0.4724238179524849	0.4240549459114875	0.47975917014711555	0.4684906404415869	0.4059510880330185	0.46694871925205056	0.48055480342582735	0.47975917014711555	0.45969063499796675	0.47242381795248495	0.4684906404415869	0.47242381795248495	0.47242381795248517	0.47242381795248495	0.47242381795248495	0.461725710816465	0.4757565658534729
TSs82	0	0.49428021306769765	0.016026612905930188	1	0.5	0.5	0.4893044587814023	0.5	0.5	0.48296960401222094	0.5	0.5	0.44496693262756215	0.5	0.5104786873476891	0.5106957504130752	0.45805842425140014	0.5	0.5	0.5	0.5	0.5	0.5	0.48913040392060286	0.5
TSs15	0	0.4958642202775212	0.013664628055094344	1	0.5	0.5	0.4893044587814023	0.5	0.5	0.48296960401222094	0.5106957504130752	0.5	0.44496693262756215	0.5	0.5	0.5106957504130752	0.4895215053824855	0.5	0.5	0.5	0.5	0.5	0.5	0.48913040392060286	0.5
TSs4	0	0.49638815464490565	0.014027617435096383	1	0.5	0.5	0.4893044587814023	0.5	0.5	0.48296960401222094	0.5106957504130752	0.5	0.44496693262756215	0.5	0.5104786873476891	0.5106957504130752	0.4895215053824855	0.5	0.5	0.5	0.5	0.5	0.5	0.48913040392060286	0.5
TSs331	1	0.49451803988720516	0.015328047116852782	1	0.5	0.5220245763602924	0.5	0.4847881273246004	0.5	0.46013299977536953	0.5	0.51313618892148	0.5	0.5	0.5	0.47797917259968115	0.45805842425140014	0.5	0.5	0.5	0.5	0.5	0.48478812732460036	0.4894531811866786	0.5
TSs314B	1	0.49451803988720516	0.015328047116852782	1	0.5	0.5220245763602924	0.5	0.4847881273246004	0.5	0.46013299977536953	0.5	0.51313618892148	0.5	0.5	0.5	0.47797917259968115	0.45805842425140014	0.5	0.5	0.5	0.5	0.5	0.48478812732460036	0.4894531811866786	0.5
TSs333	0	0.4963883316331805	0.015355331083741562	1	0.5	0.5220245763602924	0.5	0.5	0.5	0.48296960401222094	0.5106957504130752	0.5	0.44496693262756215	0.5	0.5104786873476891	0.47797917259968115	0.4895215053824855	0.5	0.5	0.5	0.5	0.5	0.5	0.48913040392060286	0.5
TSs7	0	0.4951564346072801	0.013698060143194813	1	0.5	0.5	0.4893044587814023	0.5	0.5	0.46013299977536953	0.5106957504130752	0.5	0.5	0.5	0.5	0.5106957504130752	0.45805842425140014	0.5	0.5	0.5	0.5	0.5	0.48478812732460036	0.4894531811866786	0.5
TSs38	0	0.4942175382335822	0.013740062262520144	1	0.5	0.5	0.4893044587814023	0.5	0.5	0.48296960401222094	0.5	0.5	0.44496693262756215	0.5	0.5104786873476891	0.47797917259968115	0.4895215053824855	0.5	0.5	0.5	0.5	0.5	0.5	0.48913040392060286	0.5
TSs10	1	0.49451803988720516	0.015328047116852782	1	0.5	0.5220245763602924	0.5	0.4847881273246004	0.5	0.46013299977536953	0.5	0.51313618892148	0.5	0.5	0.5	0.47797917259968115	0.45805842425140014	0.5	0.5	0.5	0.5	0.5	0.48478812732460036	0.4894531811866786	0.5
TSs48	0	0.4956030984806115	0.01720139876023876	1	0.5	0.5220245763602924	0.4893044587814023	0.4847881273246004	0.5	0.46013299977536953	0.5106957504130752	0.5	0.44496693262756215	0.5	0.5104786873476891	0.5106957504130752	0.4895215053824855	0.5	0.5	0.5	0.5	0.5	0.5	0.4894531811866786	0.5
