ID	ID	Class	Mean	stdev	Predicted_0.26	Median	score_0	score_1	score_2	score_3	score_4	score_5	score_6	score_7	score_8	score_9	score_10	score_11	score_12	score_13	score_14	score_15	score_16	score_17	score_18	score_19
TSs156A	0	0.4568610523296292	0.3175345143168728	1	0.3888551836095143	0.7842310639670902	0.9760803000131839	0.7322511074780015	0.5567659541462332	0.4274121770977115	0.10321378335963347	0.32691792472962594	0.05396172665680253	0.22928248998884146	0.743475981930496	0.11068520784239894	0.25536148151279553	0.7859959541780699	0.4073754885767189	0.13854539568112267	0.9450766329607321	0.8881051951306337	0.2576121252823528	0.044536177417833195	0.3703348786423097
TSs361	0	0.5381042083519445	0.41751771971680496	1	0.6980927482355797	0.9103425514686131	0.9553461059266622	0.865529938307901	0.8941208810409513	0.01790459859853646	0.5675928149205096	0.4513802247263302	0.006611862527245239	0.010965632787953834	0.937980297892981	0.8991446350636814	0.019144127928477077	0.9482706700332834	0.029845424835088966	0.5347453601635763	0.9783473892457858	0.8762575554012205	0.8285926815506496	0.006992330619719454	0.022969083999724478
TSs368	0	0.4281595458448001	0.2360209347084571	1	0.4402258976442763	0.8271286916218668	0.4917083695510076	0.30390959913728216	0.7078139451300544	0.1751508976810702	0.45011311653425823	0.21368787373434958	0.4808435240953801	0.09241462795934019	0.07387672259756428	0.5072683938220334	0.7662294330209981	0.574805860985545	0.5134364963266915	0.41339898045605133	0.4303386787542943	0.09824421614674729	0.22491565951035286	0.8150696468751537	0.4028361829559621
TSs49	0	0.04607737373634362	0.06490058639947834	0	0.02034982712311379	0.26857176228950325	0.013570519910832341	0.005273342772004633	0.0030351006863274205	0.04955300527307557	0.022980551720284452	0.022507131914093575	0.09992508125363816	0.004911142090404341	0.0030452398354286203	0.007004941400288287	0.028746706654035732	0.08958528082455419	0.059102561549518984	0.00599339009649792	0.1451732173360665	0.01819252233213401	0.009810737670660465	0.014750556901401856	0.04981468221612232
TSs138B	0	0.5903213316213621	0.2754247544462073	1	0.6793647109635984	0.8017933808337108	0.7675569721874014	0.9382244738849191	0.716235837766391	0.3627944235929852	0.6424935841608058	0.33578391575665456	0.21318209180546457	0.6007439252545652	0.9038059740381181	0.8432392239555547	0.1594086131523323	0.767244269001537	0.2514220352765519	0.7297793991061825	0.8372446270927565	0.976084710462373	0.3547983252932447	0.19748968118273127	0.40710116862296297
TSs22B	0	0.11295803539679435	0.11119628473007837	0	0.09579281061660856	0.11197255745608752	0.12849084657124105	0.0326799607613836	0.10746649594236533	0.036674423256411966	0.022482063798339422	0.17849494239777783	0.09776841690129186	0.05853334310407965	0.04062244773610501	0.16634456263812905	0.1360541549702558	0.546772484908841	0.10886603277498966	0.06935425417464124	0.04960715778754876	0.09381720433192527	0.09187707950806619	0.05771283082361705	0.12356944809278916
TSs287	0	0.610300314127725	0.1653089304858598	1	0.6123665629559569	0.7801709470066145	0.6408544855720955	0.2546086111671248	0.8572372274655388	0.6423021045435339	0.39265567861042433	0.6124993687702035	0.5228894354302711	0.7676539729084311	0.6122337571417102	0.8860954621946201	0.6089310006112484	0.6148860708545338	0.5429118496633397	0.4509763738153338	0.5467812783515427	0.5090697668614489	0.45499369625118835	0.8870577986477712	0.6211973966875294
TSs383	0	0.8878123010708414	0.10661625333820225	1	0.9118639895532054	0.7061214314874985	0.9065115804324998	0.9622909984789154	0.916751695764796	0.9338441200995496	0.969521159741893	0.8481609101459203	0.9069762833416147	0.9586125978174355	0.9804255805498661	0.8626046071752226	0.9637846841656333	0.7721802144898633	0.8392934257032557	0.9544066389594142	0.5640076720380532	0.9052798989392136	0.9773388348814488	0.9875106011611717	0.8406230860435634
TSs314A	0	0.3372480783215183	0.16780364658407987	1	0.3201937467463227	0.15052322107394706	0.19321633982974157	0.24799903238426285	0.44866136175729493	0.367448212010784	0.3866645742076576	0.3130471138953586	0.20668708761082785	0.3509712576379774	0.47396605950178505	0.5233942307089877	0.7141968353547132	0.3273403795972868	0.5022680952468143	0.14054782065025098	0.6213179227471161	0.16089365713662904	0.2510635123839626	0.2501707388994457	0.1145841137955238
TSs30	0	0.6522468552960958	0.17601429449436126	1	0.6980684244366897	0.5123441719777411	0.6875326456727163	0.7086042032006631	0.754531879896634	0.6404614663756849	0.7785166217030249	0.40901086507101125	0.8211724719593559	0.5973681066021085	0.8559377500967554	0.7283557200270886	0.5340357214932852	0.7533520299827395	0.41646679800745406	0.7826234586396266	0.3468702718045424	0.37023011622141955	0.5603107647521831	0.9463845366522018	0.8408275057856802
TSs291	1	0.7334453834722106	0.17233000378149355	1	0.7379050481240279	0.28609782853877924	0.789519522198106	0.739793182869734	0.6907381332138497	0.9151745443028653	0.8869256085369296	0.7360169133783218	0.4513820163312519	0.6016216063222879	0.9336742895993662	0.8135307549350421	0.8914004713961532	0.6999371893917449	0.693700376233226	0.8760306049647749	0.5605850853818017	0.5950028701780606	0.872160225721365	0.9373699147432455	0.6982465312073056
TSs157A	0	0.94115555079974	0.13072721553175187	1	0.9749320355833827	0.9836691980307147	0.9860007544829392	0.9660984194684481	0.9974351790939512	0.9693670914333764	0.9711077817776199	0.9172281571997677	0.9964960195754377	0.9784091301656092	0.9884684566441572	0.920215948278187	0.9467500139982729	0.9922467900236219	0.9714549410011563	0.9858290996331117	0.9335978430786424	0.9822572257471032	0.39502131448621897	0.9846555145866617	0.9568021372898052
TSs27	1	0.7455984497142366	0.11676471415277084	1	0.7339693238744052	0.7219364661243294	0.8721647580187227	0.6775244024018059	0.6959543209077839	0.8642284336801968	0.9441753288811352	0.4640576985969313	0.6201248903969009	0.6924818758160207	0.8667125123483356	0.7555406361436371	0.8258963658781795	0.648031909691425	0.71474373070084	0.7812093440635449	0.6230163047361955	0.6707310431772411	0.8280708729829815	0.8993659181140435	0.746002181624481
TSs363	0	0.4397155663998034	0.3182282802354598	1	0.3413746777036765	0.6593769912979467	0.9646942029926135	0.9197456305764768	0.6482517251294682	0.27040785849371113	0.16324742089002267	0.25911505416601643	0.0591416945125443	0.13957715844263072	0.5615281128161338	0.2174565510473595	0.08724666049539348	0.8261632180423946	0.4123414969136419	0.18647128526260756	0.8893616668588876	0.7776158086317209	0.0866276956644469	0.12416910054813193	0.5417719952139196
TSs9	0	0.4869394133494923	0.18946781490795836	1	0.4766486358912013	0.6754036567170714	0.6915667187530403	0.25168624662145367	0.8051692542677046	0.09152002645248604	0.34761198055688064	0.4776183392570189	0.43261667451005875	0.5031060541030449	0.34472871336538397	0.420517067381475	0.6322576701323985	0.8562719509437474	0.4972170376629333	0.3436125030098433	0.29540896012795126	0.5701169423023401	0.4756789325253837	0.6159522755302762	0.4107272627693562
TSs151B	0	0.5362404302543836	0.4474237933170476	1	0.8467623190009486	0.8903922745441293	0.9498372469612872	0.84514731316278	0.8823712707887842	0.014048640743714603	0.533010842487955	0.014913676697148085	0.008233692760700666	0.014678615362683974	0.9181896452821243	0.8848799735224449	0.9672183580064726	0.9454213398286168	0.9800146468081646	0.01599480471248554	0.9723467513328371	0.8483773248391172	0.016352724264161907	0.0028039333800971115	0.020575529601964515
TSs133	0	0.5454023971988807	0.2681448163425477	1	0.523772097118199	0.637896974743141	0.8463771798455457	0.9513647249149407	0.8325757820630628	0.34817345501392766	0.18524161731641345	0.4245368996541515	0.2758246220987548	0.27879727378408037	0.915770580070872	0.7874514813229798	0.36144179807871396	0.6770369396962195	0.4652186687608707	0.31638916518652965	0.7968580189399057	0.8290392046026543	0.5823255254755274	0.21065587040340755	0.1850721620059136
TSs155	0	0.5919106296006802	0.23094007135486855	1	0.6105809459108922	0.7743621938690979	0.9136881603869881	0.8153375090884017	0.6976697594788798	0.6993644694067149	0.4643876486981507	0.259913368812385	0.143743784296376	0.5082868860802968	0.9355629617054908	0.722717997275421	0.24330502315740118	0.4301491134527678	0.5579287989873444	0.5450701778157302	0.7434397670615382	0.8779563756316717	0.6632330928344401	0.3344027975821672	0.5076927063923392
TSs209	0	0.7332068282968999	0.1661035592213487	1	0.7514487040997201	0.8910967356199516	0.8061546686781469	0.8570359580918419	0.8067067803514623	0.9740854997558723	0.9640399257809463	0.6905701146566792	0.537729404562906	0.7571186782672579	0.7622751263757735	0.6815402235265346	0.5573978114813013	0.657408473661873	0.7457787299321823	0.36856683824785524	0.7133956999241938	0.8396468072434808	0.5643376828458543	0.9765038036975862	0.5127476032363016
TSs136	0	0.22626004688617013	0.2344722067246307	0	0.1422209125809158	0.6206744896329255	0.14377087678654588	0.031182731374607038	0.6565029523127391	0.04637661202589576	0.032820222247121514	0.2396698800789394	0.2212004127122759	0.14067094837528574	0.040065408119274025	0.11824097321233727	0.07101149851681951	0.742865383489699	0.026864497331215084	0.23321293244039	0.16148907628746384	0.0676629765967193	0.02356340671065585	0.5776318992973803	0.32972376017511257
TSs22A	0	0.023682821564364832	0.03472222414672783	0	0.012021769282086947	0.0651345314019954	0.021713922295716375	0.002627056672659417	0.0038163486990353815	0.01473935480785697	0.04595901812189905	0.012657006953296811	0.005732019894418835	0.0011857465641334087	0.0017229736616781062	0.010364951299380271	0.013087483486695486	0.0739723683517248	0.011386531610877083	0.0034733284928850283	0.003664979044355402	0.01721700106768941	0.007519235903752454	0.014921293281639818	0.14276127967560706
TSs357	1	0.3978082635972097	0.29875235163828945	1	0.3764393677536817	0.42413621996359135	0.6560946866253307	0.4299845503673028	0.42970457098758597	0.1161072597361046	0.2595706517759719	0.744861884072796	0.09464759925800342	0.17423092447714805	0.6146864599508887	0.24624068416317094	0.05683084517439297	0.7794813087029022	0.027795087051616346	0.6316337131275671	0.328742515543772	0.9523144003519582	0.8557589489527769	0.0859347412044773	0.04740822045683733
TSs161	0	0.9021034375936484	0.06388006115799238	1	0.9186045726464016	0.7678268106827063	0.913244526516839	0.8909528230635371	0.9088170134600071	0.9844684960844793	0.870156550795213	0.9556918285064594	0.7780873956275837	0.8138213808548953	0.9389524227535426	0.8542925548410855	0.9594861129322124	0.9239646187759644	0.9380345924137078	0.8372857173732979	0.9379178261966171	0.9573740216265166	0.9605511113450234	0.9679795128573463	0.883163435165934
TSs11	0	0.45220509892569377	0.23061291406611453	1	0.38487429763547787	0.22210129212524943	0.8620887691061175	0.8604274114410814	0.4697323616311266	0.756430105831402	0.6919291411030136	0.47506298846117895	0.2993234458678164	0.20619638971661675	0.2840403064374523	0.34331289182792274	0.42012089103526956	0.42526413013277103	0.20794216607487997	0.27179693333401694	0.27268781946923676	0.2758116814511428	0.3496277042356862	0.8760870415636918	0.47411850766820285
TSs5A	0	0.5918207828780303	0.2498792464318468	1	0.6551841024255307	0.19754679058636657	0.5897250351048442	0.7475680987702539	0.2809976646250297	0.8299369469634208	0.8018821863404281	0.47017256821816034	0.1596663827739974	0.251964996569534	0.7983605271164038	0.7777195454817991	0.5562934617875874	0.8734146209804808	0.3419861917952521	0.7429181537338295	0.8625456758214084	0.907828265645496	0.3486237764540877	0.5766215990460093	0.7206431697462173
TSs131	0	0.6244365311557882	0.15860130231856265	1	0.5944043504328446	0.8826473561207285	0.6591403728903958	0.44722138969445957	0.8264474021442542	0.5663837536203921	0.7576092933459785	0.5237207766507435	0.8386269539533093	0.6224249472452971	0.4698621666495781	0.39131768565317954	0.9219191747418156	0.5523342657820655	0.6385461520697917	0.7174256484833113	0.47512030951196665	0.6838005347770865	0.5628163321102031	0.4206288179008552	0.5307372897703542
TSs294	0	0.7843981249081923	0.1348702979648191	1	0.8197626278498036	0.8742479396843634	0.7292966143822304	0.7783983065433397	0.8654964254747272	0.7279228590378376	0.9354526921122157	0.8216585408279193	0.8971568751402286	0.868649716145298	0.8198467972443554	0.8886455145276863	0.6030336049454913	0.9655650526023265	0.6054467782957741	0.8196784584552517	0.4437280155001857	0.9071673491230834	0.7816342840881607	0.7656974305414325	0.5892392434919368
TSs378	0	0.43672083251135685	0.1553504859778645	1	0.430345662167254	0.3475031625416956	0.48716937432656177	0.3991366286429863	0.10868378028239131	0.5609062869167305	0.7762454805431372	0.21248041516713204	0.6616252091847981	0.5710490179573525	0.3310424173914849	0.5283461139291369	0.2875217805165495	0.4908158073082504	0.32391321276997664	0.4076551643903979	0.3808467436071923	0.4897560606805541	0.4530361599441102	0.34890871159492004	0.5677751225317799
TSs336	0	0.41737953676177364	0.16684948423681775	1	0.44060495161112384	0.3696020779017751	0.5128702492209734	0.35798222080480796	0.5726830816418067	0.631430586999743	0.4815227091861928	0.7572116363998812	0.43880090739538713	0.34113666871201626	0.1288775352397264	0.44240899582686055	0.2967396392476472	0.5171688607639269	0.2512976965648354	0.5080265092017953	0.29367815133151726	0.2824344540430361	0.09232243411275015	0.5942353849663072	0.47716093567448725
TSs111	0	0.43720709729428275	0.29973014392465136	1	0.42308752471875355	0.45929650697387486	0.8133907535044382	0.8153614896046761	0.20574165058704152	0.39848460578053607	0.20567821661396352	0.2806471896269492	0.4252102838892057	0.03113849146047488	0.7784536639380023	0.4209647655483015	0.8811523440321446	0.8250538807014447	0.08585788157059804	0.1464652983880363	0.832848026336861	0.5685939750218496	0.06343537503232295	0.06574989762147719	0.4406176496534565
TSs56	1	0.34911647374496957	0.24578690820888455	1	0.2687645900926545	0.3123023174891683	0.3599665154528937	0.2858648590805058	0.5611635386180949	0.17388641762030374	0.1876741646840766	0.21428645316120687	0.5931219773058565	0.25166432110480325	0.04243874205117481	0.24476789985238193	0.7287197246600566	0.7776165168288663	0.08492148814508538	0.4526545410747601	0.1733698808681811	0.027612648702311893	0.1267543354815121	0.7959344290813973	0.5876087036367555
TSs3A	0	0.18626525560342594	0.1842355749719978	0	0.11639507069751606	0.035562767605237834	0.05959629544012283	0.08522515340589652	0.13462569557931633	0.1266144701395456	0.1061756712554865	0.2504205082790316	0.031318847908298204	0.01774296980608758	0.10429452615079979	0.1458159651778618	0.46643785275908256	0.025993532149082836	0.5418285834514236	0.5698954332208209	0.1496740347064072	0.03528004422226431	0.465369610235791	0.32566266293562857	0.04777048764033343
TSs95	0	0.4896413459530846	0.22479335216076338	1	0.4504279302675216	0.6828789219687774	0.308716634618057	0.7608562216577504	0.27154135017539216	0.4453298987923393	0.6198952477030776	0.4431756846161456	0.6035827515150888	0.39980793668956094	0.20976470948740783	0.45552596174270393	0.5724384935654796	0.6954428916288691	0.06787674260534597	0.2899572639938187	0.6445912202844871	0.44457648562140367	0.20163866597584035	0.9583365114327409	0.7168933249874062
TSs2	0	0.018202060101085556	0.02346309759666971	0	0.007815320521353435	0.006722053002645207	0.03412251287053615	0.000368099210752006	0.011556786212989131	0.024855220223147612	0.0017017916429798155	0.0080347792552281	0.02606947424789999	0.002210014043779042	0.0034151707786163016	0.025967046062312527	0.07949257510625882	0.08074652646029598	0.012428786820200202	0.0035799761710333883	0.001773152371146692	0.006492052788319355	0.0075958617874787695	0.003067141483816798	0.02384218148227516
TSs44C	0	0.48521184278150403	0.20879254083591672	1	0.5273144772251563	0.7877785263054737	0.5125929046027949	0.6173192198534758	0.7953632007943359	0.5971100009316713	0.3863680156302884	0.376375583319112	0.18987124968990007	0.7434064869793038	0.4117478889968538	0.5420360498475179	0.14504329919708076	0.6830830382078175	0.6658783807332925	0.630746454640555	0.18749984892128818	0.3961659318816305	0.25739209696148885	0.547531936404287	0.2309267417319134
TSs201	0	0.40969859157407706	0.2191026821706476	1	0.38362592922684463	0.3806256143209703	0.5732571076462837	0.2897810341949131	0.5066248061132845	0.6309106229163193	0.7525787740972691	0.23167714860394553	0.17863784887801631	0.2767957183840839	0.375358223440182	0.5459446814145965	0.38662624413271895	0.47787085937688645	0.2160401241065928	0.40538692542554977	0.13238979897833533	0.8197169789739452	0.18924798875490417	0.7553437624797428	0.06915756924300169
TSs217	0	0.8717897994452368	0.1768107525892542	1	0.94354398050284	0.30429708673915795	0.9742172363776379	0.9957816661497851	0.6265362723031426	0.9911524345538086	0.9814268809315191	0.9574516918998933	0.8953813093273402	0.8413051169057377	0.9782070243625919	0.9296362691057867	0.8423921394106145	0.6003626296109764	0.9898049237662532	0.9115265810666291	0.771990176156889	0.9759018388422888	0.9633249121975739	0.996640185171193	0.9084596140259168
TSs168	0	0.5777180000922653	0.3261535300566136	1	0.6936633919633419	0.6772291554205032	0.30080418769413897	0.5216748017366113	0.0723925507709547	0.9374305865946833	0.4005580772117352	0.7128458256568138	0.7100976285061807	0.7611239829414206	0.8017367714803241	0.9689043292634048	0.9719245561094376	0.015076676517992701	0.2429153210917138	0.6729498859339544	0.9246838727542915	0.8388243205278164	0.7805323867832209	0.16164128426046542	0.08101380058964236
TSs98	1	0.7014343092868157	0.18654747352872755	1	0.7465657859576312	0.8921460237081709	0.8276374392526261	0.8143300062530527	0.870944427276697	0.6399916194113998	0.8482814789356735	0.31076422830624384	0.8476832571080899	0.6747668986208322	0.6369214343271429	0.5582496079879448	0.9207591072828759	0.7513504466739008	0.5008217317032543	0.6022808040525124	0.5959405375525657	0.7417811252413616	0.2826191296193436	0.9116551346277714	0.7997617477948555
TSs116	0	0.8081656359815819	0.14728839531774252	1	0.848445080341867	0.9400045206468136	0.6523757651239674	0.8314686484713626	0.6268934780296034	0.9186281159394536	0.7717909784963929	0.5624752084689016	0.8809748936521091	0.7338583104928806	0.6535332904758352	0.9501542386652923	0.9837453648909245	0.8365343551078507	0.8846330922773653	0.9143541532211136	0.9313858638652383	0.9538320568836561	0.8151568423362835	0.46115773701071044	0.8603558055758833
TSs53	1	0.4117862622979045	0.22502990426973646	1	0.4163295413254659	0.7245475790264543	0.5859565731252494	0.1214704587506491	0.5936697369493167	0.24091048270384868	0.1313319661807543	0.33080063035400564	0.42434528446601666	0.31504417924307937	0.1430194795916335	0.551600953801341	0.6389035720379866	0.7481043633123466	0.49367793822864764	0.40831379818491514	0.5734699652776964	0.08560666402583056	0.13538374668997966	0.7258443372745419	0.2637235367337963
TSs63A	0	0.44841894308387903	0.17356124449008217	1	0.45401400727747454	0.36482570930275654	0.5677939481463506	0.5637387501572132	0.34832091445461577	0.4263052751160675	0.565743083618812	0.267501530256801	0.5697010586785314	0.5565270697337243	0.4802809259329647	0.5973603688626152	0.33284668307597304	0.5998833764492465	0.18551233184320298	0.18152667085904467	0.46977274517716505	0.3783116334618143	0.19549985461530758	0.8786716625575909	0.4382552693777841
TSs158	1	0.5696500197831511	0.1354482359528651	1	0.5832538751947834	0.4642807638384998	0.7527149816897467	0.5882660871876009	0.5209841309368547	0.6717805530734255	0.434992688589813	0.7667379108117932	0.3971658398008945	0.6398609153256003	0.6130126432196004	0.4812145244621512	0.4620879061193534	0.5881789275731427	0.30940787500068234	0.5783288228164242	0.4789906697074766	0.6491438923752268	0.4682049648348533	0.8327773362580698	0.6948689620418114
TSs269	0	0.18507488747696849	0.12375934254368574	0	0.1691065606030181	0.05296906564199735	0.4095840347316258	0.3102676208494408	0.14519926204446715	0.20797014403927885	0.13894536318685152	0.23652903736594916	0.26851048997744703	0.03163597392792254	0.14335696910042364	0.2100974553377736	0.02961946480241352	0.46744433945976177	0.07835715211717158	0.021148082871954788	0.2392697911903969	0.1840008912021344	0.15421223000390183	0.29027564028430913	0.08210474140414821
TSs317	0	0.39421277312049485	0.1789997267878416	1	0.370062145653958	0.29435221619317686	0.11601226932361336	0.28439588877159294	0.3524022635930455	0.8392106574728849	0.42921590641374047	0.479868588676087	0.7530805416686747	0.2915753868196703	0.3630433358368815	0.33458747229709174	0.2910864903691866	0.5631154680923497	0.3403862994708659	0.3995913464301281	0.48180692199375424	0.40410860409898086	0.06819080171946518	0.4211440476976727	0.3770809554710345
TSs49A	0	0.30528153313842854	0.1743846413454696	1	0.262525555290657	0.517235957612605	0.6191387058579251	0.5624480817691854	0.0940598798350879	0.24827353662481727	0.47502949094007646	0.17710734754694904	0.5240685226365687	0.43319642609897524	0.4377097105948665	0.10957031808673454	0.22315230981830472	0.050971319032364217	0.36068104672180584	0.31467605290895895	0.15363285162029003	0.1103798126310012	0.2041975505590169	0.213324167916541	0.2767775739564968
TSs417	1	0.8500142744396987	0.1054075007122741	1	0.8609311127345973	0.8370105706395216	0.8664355531366671	0.9810918923025068	0.6550632756223757	0.9800382951243932	0.830308877631447	0.9068174883346757	0.9211373841094522	0.9023309729954286	0.9241113222164514	0.9016411057068597	0.7751655049271937	0.6311858359091708	0.8025781157834827	0.6442108655019121	0.8398586886583265	0.9749039375749114	0.8489735551032042	0.8554266723325274	0.9219955751834648
TSs195	0	0.7248706456250888	0.15990539582543034	1	0.7382381203560531	0.7231646142055825	0.5744453804920548	0.9301296215905972	0.4126569086854413	0.590488504380131	0.8682030828938058	0.7542780639489154	0.7533116265065236	0.631060301298835	0.8790355158800262	0.8834125695481378	0.8519115641556249	0.6278113666591629	0.4172038013705172	0.8491674009362274	0.9110188305717347	0.5401934057181089	0.7096980516512938	0.8695541317652344	0.7206681702438218
TSs371	1	0.8206742199829048	0.1412747784405538	1	0.8406327402461098	0.44226833690470496	0.884634898341499	0.9957917453841264	0.8355239793126453	0.8022087987161692	0.9501381247671453	0.8144024194167379	0.9134643620065083	0.7904464692428191	0.9511561126914031	0.7696306191664449	0.5592917567419973	0.8748347089328641	0.6407174099755264	0.8785838457255474	0.74642643415753	0.9335923961809667	0.8457415011795741	0.988750518148982	0.7958799626649006
TSs23	0	0.4933441254724916	0.15815464144076039	1	0.4878195760275674	0.6402842294790946	0.6626055908230022	0.6782060127297539	0.5806810851245132	0.34772083091690065	0.5178807717844341	0.3527029359988324	0.4622726191795496	0.7651681418503444	0.6221789156693365	0.41707835402567506	0.584429341166281	0.3403093230439477	0.17442525669482964	0.4490573852609327	0.37283651360835957	0.6960028333827525	0.4113857701090673	0.5133665328755852	0.2782900657266401
TSs51	0	0.22207837016680645	0.14364883911596327	0	0.18061927831485058	0.19452979845812568	0.09900954402442332	0.2995459974906138	0.37881650136424744	0.08926080040860065	0.3847349269912735	0.06878358628517123	0.5496409475458002	0.07023231913732263	0.13936365094228342	0.25681057654423184	0.1420062618306491	0.3051935898601541	0.07205677427028015	0.43172545598160966	0.1451691520824101	0.1806682873233711	0.06795041834060304	0.3854985451486275	0.1805702693063301
TSs59B	0	0.11373547134057563	0.11898763396271328	0	0.06794109349944936	0.11393883497962952	0.25343364428161086	0.03304074072916779	0.23364997632241127	0.01969642697875691	0.011708874474860794	0.1078764409129446	0.24039402741212268	0.07825160942581821	0.008457661417726924	0.05763057757308052	0.0860627195876405	0.435699708481248	0.041392001727684126	0.0309750127836192	0.017658133981043822	0.02270959164543413	0.02099547687799736	0.16792102287075233	0.29321694434796297
TSs365	0	0.5312993338975079	0.2838940827094691	1	0.5568763934285248	0.9614185234072545	0.7288017364008439	0.6008045149387639	0.4288034204657119	0.5270131748502106	0.5504727751627132	0.11445164938718486	0.3666643460407718	0.815254753503743	0.9331726209324035	0.5632800116943363	0.20230068366521112	0.18566640029084439	0.6831937241045798	0.8120132347507554	0.8872384128549021	0.5989129268784271	0.4748104266371871	0.0493995701169866	0.14231377186732827
TSs224	1	0.533632390525186	0.1841660045423786	1	0.5857946884547824	0.691407492018403	0.3749177589634329	0.7377307737049266	0.6408379949623002	0.34288105234572164	0.591613659880248	0.2508907717866973	0.3741147385547667	0.5799757170293167	0.5947648515575086	0.7605391299113828	0.19517999776849443	0.5017919291784039	0.243120882478279	0.5549526772691649	0.8425725024487654	0.6543919369104937	0.6333206010835071	0.4603085131054025	0.6473348295465017
TSs325	0	0.846998839045223	0.11188481691154298	1	0.8797635641373799	0.9187589844495937	0.9479445631299629	0.9831386360348898	0.8784347801890509	0.9067635454396401	0.9728225510207347	0.7526895156409257	0.8108133844510191	0.5799914827233641	0.9014456125487386	0.8717360250209487	0.8810923480857089	0.7768995868549471	0.7411831972877526	0.845009949752635	0.6490009864282127	0.9116068926957114	0.7227026659155763	0.9863771743949803	0.9015648988400671
TSs119A	0	0.6433020890935238	0.17699721336497265	1	0.6828527203128696	0.8668200520723206	0.5278637304329703	0.7458820620914792	0.3683916674941249	0.7208801482802202	0.9032103022255207	0.5235528331474353	0.6711028831584627	0.30029772687171763	0.7921806595588388	0.8319193313217565	0.6192768820828338	0.5795920735991539	0.6946025574672766	0.7076780216849572	0.7716530065375095	0.8358653548686382	0.48743921806253643	0.569630034470983	0.3482032364417401
TSs166	0	0.40312350410220227	0.26970009563508707	1	0.34672627569667536	0.6373170171017317	0.05608885031704746	0.9228535908994431	0.658898728273317	0.14829757815722666	0.6475210536317764	0.02512702716070223	0.7487246496167124	0.2062573518043763	0.20644454766232842	0.15124459363345816	0.6977092439411792	0.7104484406833426	0.2242445382446399	0.4010203858327461	0.20808073142532915	0.2967138484464082	0.1633221926463788	0.5554170096189589	0.3967387029469425
TSs297	0	0.18103513640455002	0.16616881454423726	0	0.1082888412212768	0.03241007038839623	0.4789340160621377	0.11110875301190398	0.34028341054051514	0.2722151708890537	0.052194112056293894	0.1795519130142126	0.02591925014804352	0.004921638223761845	0.009251158769116719	0.2303957117320852	0.08962355456991201	0.6358488675318903	0.06902823331721199	0.1054689294306496	0.10320186567219601	0.3181593938820262	0.10356304719951945	0.19314718179537213	0.26547644985670255
TSs338	0	0.5242311038788758	0.17420685727710675	1	0.5123078013749337	0.4794468626671068	0.8018181615900346	0.28594333121810245	0.552336445332299	0.5451687400827606	0.39563792963902816	0.4298177544536344	0.5876067344879831	0.5643229246164735	0.6437822782051447	0.7677930891353588	0.4567106446592606	0.7791526007044351	0.4680228949424364	0.4180263702352144	0.38308047554198865	0.7927865998078779	0.40289861849327835	0.5813303035459204	0.14893931821917525
TSs293	0	0.16996081679736955	0.10534237905648089	0	0.13833786002501994	0.3010126735284722	0.05806754923569415	0.019540291768348265	0.2839356403745932	0.31695652157344134	0.22159276347095955	0.07717645070736348	0.10969303488081035	0.13793156190039532	0.06559635210756502	0.13788720518703404	0.3709763359860784	0.3263780699829252	0.08898554669918173	0.22509736464428803	0.0415632748955245	0.13874415814964455	0.1499949108378411	0.20688636012578218	0.12120026989144815
TSs24	0	0.9141945688339174	0.06313393873320568	1	0.9350522256013434	0.8633815449571226	0.8821607480031041	0.9374427262975062	0.9302452884516434	0.963506743775087	0.9796748136309763	0.9424742792056998	0.9377485176676196	0.9236160921142738	0.9789544848782232	0.9745153440840264	0.9763088795210291	0.8610485440518502	0.8709946467751642	0.9326617249051804	0.7877782151735303	0.946623854219161	0.9805027281808892	0.774847068518459	0.8394051322678039
TSs334	0	0.6337943858975024	0.17139422249724814	1	0.6031602535783966	0.8622667982241364	0.5048212150585394	0.44649496494635643	0.6814683071524524	0.8759014563407265	0.8377344156210789	0.7577797334013625	0.47829773130953385	0.48771951648966294	0.6250194248877251	0.7480682872597286	0.8152354911873377	0.5034718657405971	0.43025443566249955	0.6743554070024276	0.43721062547919126	0.5813010822690682	0.4539797460307449	0.948917829812574	0.5255893840743064
TSs1A	0	0.03965642419042452	0.06512688642606175	0	0.017546996897674094	0.006363773216623919	0.27838548601471624	0.005973427676185743	0.0158274404898054	0.005002653609970946	0.001748292493461222	0.0350564860521011	0.03128320634372008	0.010956903208782492	0.002516306229318183	0.004396210162594167	0.03595754872051939	0.03438134412109865	0.03620774611244418	0.0037922289160402024	0.010735384300821304	0.019266553305542788	0.030858781597833052	0.08562175128752829	0.13879695994938293
TSs266	1	0.5375151999845762	0.23512831425749728	1	0.457191278256582	0.8992599382797574	0.3696011249979154	0.39689287483644387	0.9167489323588647	0.1962030947334261	0.6662367263668862	0.45485298992722883	0.6682659914421282	0.43960125062968225	0.35230053411128803	0.45952956658593525	0.6984869802443853	0.8106995134625976	0.3057241128391967	0.7778324635024609	0.4312618056555409	0.21005549883784455	0.22113468339819703	0.8082948691456465	0.667321048336099
TSs277	0	0.49302047801147664	0.21680622472022718	1	0.49012120556858474	0.5315325829654612	0.44459246039460126	0.8294767746301894	0.615588030666658	0.4031129918591766	0.3630336760251584	0.45813184097009324	0.8499155510304457	0.25230636806437007	0.3608752093203494	0.5221105701670763	0.22605678321062148	0.5571255706582904	0.6705625525266615	0.5643136856102833	0.348360443388626	0.9061209863967904	0.30619243610522423	0.06413441078699947	0.5868666354524562
TSs60B	0	0.4472004283841544	0.24538639531444953	1	0.4495634717045315	0.4332886102867363	0.6142338039798172	0.21902980423993104	0.2579702665509117	0.4658383331223266	0.7487959332628926	0.41168291044325456	0.7304328019413604	0.16534765145182884	0.17312977827419926	0.08613113746619361	0.5940038254730574	0.8323693535315922	0.4758549519197767	0.30869405128104455	0.121687233686983	0.5875503692091815	0.2114994349973097	0.8305611916551754	0.6759071249095144
TSs303	0	0.44059036100865556	0.2009167935383963	1	0.4667668488308193	0.5067545351619985	0.25754345342099716	0.6689104390054513	0.39546729626739924	0.5650492174572279	0.8055619028519069	0.5150998231304437	0.5506160591024347	0.08213895239684216	0.35540592344507105	0.7603772245131085	0.540395495676505	0.19574997833461988	0.27689325795761727	0.6236323812848387	0.5044387017791863	0.14133470549269475	0.22681707652587987	0.42909499588245237	0.4105258004864356
TSs120	1	0.6788637259048487	0.12631909665534344	1	0.6816097375248387	0.6170513761734706	0.7690243526387317	0.8275184193530561	0.8566752381386569	0.7026435524012916	0.832868396319532	0.6779765901300674	0.6114921684001516	0.7774695114490411	0.7563205609728154	0.5896003358067358	0.6852428849196098	0.5353115315841575	0.6561929861837001	0.7471557444477098	0.59112181211299	0.6391433360022738	0.5547875531480305	0.8123853687685	0.33729279914645005
TSs132	0	0.4318916795037224	0.19457715781270057	1	0.43917948258557504	0.4663296736656862	0.5366882314970072	0.6573066593394092	0.49666165005553303	0.4841078686850476	0.8530404092891554	0.2040454458085783	0.6215860895381079	0.41334882665029027	0.3596376709790447	0.1876561471643895	0.21440169494080172	0.3119966100343018	0.2156290432333867	0.6586802234076072	0.3181875364779727	0.4650101385208598	0.16506994400267994	0.6822710289933277	0.32617869779126113
TSs78	1	0.6813030863880994	0.2626323947514948	1	0.7619748984486492	0.2091380966371811	0.7109205104479016	0.9080175007576693	0.932888021640831	0.9801277484972244	0.7567883939370076	0.7671614029602909	0.32043045263904024	0.9583419375972636	0.8229465642612882	0.6533713507066795	0.19558024396963716	0.616158318248751	0.8750310232073063	0.587712668585772	0.24428924933786633	0.8257499711885977	0.860861831738846	0.9354035824042515	0.4651428589985847
TSs61	0	0.7652542806661595	0.1691398515708267	1	0.8154295963468424	0.8991820922602218	0.9077143563163312	0.9486875342463054	0.5029160241596554	0.9308156495592582	0.9182764106350487	0.8099989943034661	0.5850027898412392	0.8329842837241414	0.8101565650048619	0.9038637910306832	0.44939486924081534	0.796522110279179	0.4298035407697365	0.6345189649580757	0.7932309472963182	0.9125572275157686	0.5878089066243861	0.8309479278688722	0.820702627688823
TSs60	0	0.3393534086349209	0.23186693997228058	1	0.35587678626687114	0.4026451496715378	0.641673391387066	0.1393989271187764	0.7369490887622971	0.07430475569107253	0.19919186731356436	0.3818772811968637	0.5747578907087174	0.10306195515933882	0.06604964372851135	0.3721014434715794	0.5232163106910079	0.6448151751609216	0.4968985722020357	0.1440286098789422	0.23015423191898077	0.020174707844341694	0.078559494014589	0.6175575477161118	0.33965212906216286
TSs274	1	0.8245426247031913	0.13859365559901252	1	0.8774405064983705	0.9135394830472794	0.944075873869353	0.9416269263931355	0.9470420329885538	0.7479849105890967	0.9259513481096138	0.4236138496412805	0.9436745577627285	0.6054356403449869	0.8684460802808629	0.862164940687191	0.826158425011124	0.887078655615476	0.7218978716638659	0.9310149932575389	0.7829815042840179	0.886434932715878	0.9011165626179437	0.7878614842409581	0.6427524209429422
TSs10A	0	0.41545496403457205	0.245109453254835	1	0.35893488993687717	0.748096710905489	0.5765591832396667	0.1664430624357333	0.8456828607530478	0.18071892271415	0.2764116628405192	0.2713836024486323	0.7023707965605547	0.47021060818815286	0.09821564771899044	0.3796688292150957	0.6016621957629886	0.7749631669745076	0.3382009506586586	0.21675434789885512	0.16413596755089263	0.11398376060161591	0.23372247388173817	0.6933444774863023	0.45657005285584945
TSs96	0	0.6284844892500238	0.17740206353929452	1	0.6104998737318053	0.6408724325899996	0.5758858040827485	0.7504634295388762	0.5740249363953415	0.8508351076544132	0.8771369560995113	0.6076867134929866	0.6732148208537647	0.3670151698613599	0.5255627983423607	0.4109401591289332	0.8356679406826601	0.5975333403520008	0.4723181477803279	0.5192234229436097	0.6133130339706239	0.7654371951939861	0.24143548661031347	0.8705186347936853	0.8006042546329722
TSs282	0	0.5831368102343092	0.3711521255214525	1	0.6495420331759367	0.8598036199068969	0.9770694880832179	0.21390131561384426	0.9757210787981934	0.037031788093906705	0.07908419153783701	0.6205542144878654	0.9080225202033086	0.44175511913143484	0.10968511712086004	0.678529851864008	0.9230065383056799	0.9983499906914058	0.8824923988466032	0.2781925893537026	0.5299706861378528	0.03825266133675715	0.20805768783773226	0.960136689158799	0.943118658176277
TSs56A	0	0.9351234296147297	0.03705814777570045	1	0.9442675009451402	0.8602821759778011	0.9393932795826206	0.9741770391434612	0.938954576952348	0.9808194512569378	0.9457466755131985	0.9304423547232561	0.9555761179156038	0.9455359299982954	0.9501949470405388	0.957296358290516	0.8997442755601319	0.9306449630850128	0.9298007911014949	0.8807836307908462	0.9597378752987226	0.9453104574213603	0.8473701149937866	0.9874330331797402	0.94322454446892
TSs296	0	0.030494285636302777	0.0253258491522286	0	0.02428684507999245	0.048888538069293705	0.02533766423516908	0.005700690659178769	0.08925801144467303	0.08177375666072013	0.03601845283191512	0.039350931368846556	0.030205815845084017	0.015905853899925493	0.0016361630227574588	0.027244057525025598	0.07289700524395784	0.023236025924815825	0.015422693150946718	0.011957326201549818	0.0034935309457609772	0.012658989009754254	0.012082248826593561	0.01996350499604496	0.0368544528640425
TSs33	0	0.16093735763613842	0.12486652768954222	0	0.11850483827164049	0.11779717092463007	0.29340377622708713	0.10082180620877795	0.07226561547946142	0.09759983940823416	0.08782407262445636	0.08191298822241673	0.11422643175080185	0.06796334267114208	0.11921250561865089	0.1751551393202365	0.10671448731767157	0.5186994659953592	0.12425607362061024	0.04538857051900432	0.19557351007877158	0.17762594853331434	0.13200954602485485	0.4579581805941687	0.13233868158311876
TSs311	0	0.5621269507508623	0.22792077585494847	1	0.609471767196884	0.8113308125467633	0.7183264030115056	0.4466905232594762	0.786239502435424	0.704712705829304	0.5482177640268979	0.5937592485305736	0.13622200300846357	0.8102098919010008	0.5650775747421282	0.6510703080595541	0.6814019654005109	0.6251842858631944	0.4159699118079934	0.31110781172308555	0.266777935486449	0.16839594656600473	0.7872734346641	0.8944896052855744	0.32008138086924404
TSs68	0	0.1633039547551925	0.19184112575602313	0	0.07967755410817311	0.06759548661522893	0.45573799654181	0.0759683896788433	0.20878660319184394	0.02948571551629768	0.05711158983713269	0.07219742636061867	0.11481233206814019	0.06918402428951867	0.039603940245644016	0.08338671853750292	0.1322566713736513	0.8180203646596202	0.14221057599559742	0.015248034915883413	0.26141974942305723	0.015760553678239145	0.04854219677280769	0.3018054648247649	0.25694526057764766
TSs104	1	0.6896233923717447	0.1390437204206423	1	0.7100398489477859	0.7194356964056858	0.7841817995142981	0.650492989649384	0.6997913389734296	0.6890720755015571	0.7928708453896339	0.5612726447264283	0.7603903645319031	0.5378763152943099	0.8343598185049621	0.8587895000770926	0.85983062630874	0.6242398411872765	0.5704243574916403	0.7430832052478055	0.46852964609566716	0.794841749342165	0.700644001489886	0.808532354282721	0.33380867742030995
TSs58	0	0.745036265576822	0.16463859748603987	1	0.7358454521442827	0.9659948872514249	0.8563511300122686	0.8685950735875011	0.7714372833478997	0.9273211772465739	0.8705926711263132	0.6818447957153252	0.6888455228442967	0.6196356455696673	0.478330393420061	0.6352957501524472	0.9487430123292179	0.6343489683891705	0.3927454581924007	0.6747376712961529	0.5754577620607654	0.7002536209406656	0.774117261686498	0.9833241356630523	0.8527530907047373
TSs358	0	0.528784376450772	0.44037068879592645	1	0.775845816362191	0.8977000937815085	0.9541613003131291	0.8649761576598463	0.8900056487866397	0.6886951478334465	0.5540422513087748	0.01784657586497751	0.015960288691644037	0.00876875230861684	0.9340513652701605	0.8921523587579733	0.017387497481285766	0.9504303465046494	0.026231917310687216	0.01706846977182613	0.9763386711706753	0.8629964848909354	0.018556662167250684	0.004953187564171164	0.983364351577242
TSs82	0	0.5688080904694466	0.1753070889314585	1	0.6285387960045168	0.5141331226173956	0.6321194996350884	0.724390294211514	0.3084201695875985	0.6680667424051011	0.4521754084771416	0.4297051094248905	0.8426079381950246	0.2566828926811958	0.27905666937960066	0.39213544156949115	0.6324986130771101	0.7713572979255409	0.7505300470139963	0.5705182263721601	0.42896257843613633	0.7116869521222374	0.6249580923739453	0.7279512056113452	0.6582055082724164
TSs15	0	0.8610840738403299	0.0962956115055174	1	0.9049479175472253	0.8958276143992365	0.9763081205248818	0.914068220695214	0.9336401675292725	0.9391982057212074	0.9288158905387436	0.7629526439683846	0.8270256649186913	0.759634252469698	0.7053743216508264	0.9579596904722933	0.9378347993282677	0.9259548784458455	0.9466979094913319	0.7249170511594727	0.8506052697364966	0.7575727772823891	0.679817644802017	0.9523075021486745	0.8451688515236514
TSs3	0	0.4334187405551161	0.18342803405450298	1	0.39278455756298936	0.3381123232239291	0.4509043586846684	0.22443451672248363	0.5943156647352981	0.39755852933089386	0.652062577484301	0.29483517339892923	0.38801058579508485	0.5535490513895815	0.2000407909419191	0.3066234029363956	0.6223605842894303	0.6863880993634754	0.45288466736488786	0.28923865820771266	0.36429847490958267	0.3320202619096688	0.1189523563935163	0.8172877129780312	0.5844970210425308
TSs4	0	0.24139487611322874	0.10921586682860371	0	0.20672969149140213	0.4312121225066247	0.39197832819772943	0.1570280650669246	0.2804943657094529	0.14750024981971413	0.1999628680828406	0.1663615771952382	0.21349651489996369	0.1936143293240747	0.1358956979887776	0.1725422289029049	0.2221296257957114	0.41623075376776975	0.32357355663937415	0.2625416850614393	0.1249144134017438	0.25076535080436707	0.17019410622644435	0.4622492779057712	0.10521240496770831
TSs331	1	0.8232040237787611	0.1528985610885603	1	0.8449781179089497	0.8005904329512145	0.7784716504678033	0.9175207113493475	0.9362940837813675	0.8442058212722495	0.917012174707241	0.7727880008125252	0.9366364518329443	0.5968461040935212	0.7931809352915297	0.9614228532803526	0.9465654741724571	0.7556474415056339	0.9520143765736182	0.9293984035924728	0.8200834681733276	0.94718104731526	0.8457504145456499	0.6788803252618141	0.3335903045948938
TSs314B	0	0.5717618783607923	0.1975812946741664	1	0.6332155843290699	0.3427443691019344	0.887319384608839	0.2765810086822334	0.619905604533126	0.67083580847007	0.44985100867149486	0.5833974657480351	0.5349336661331452	0.391954534530453	0.6613064674871035	0.6890632505882873	0.8348470072228146	0.7585017605457163	0.7097701793808634	0.18833219477123905	0.318443846374372	0.6660308985593569	0.41630684718095506	0.6465255641250136	0.7885867005007943
TSs333	0	0.33682116629491543	0.17353226726455745	1	0.29180036403358045	0.37044300556266213	0.22423851656700916	0.23701490955886959	0.2776527334027432	0.4737357955020974	0.489327138402854	0.1681041982147892	0.46930454794928467	0.7302504071899246	0.22410850349669595	0.149423108053044	0.4464967115516867	0.18187483698122575	0.20952371260466204	0.3059479946644177	0.0722359792831156	0.4019005390135802	0.2354876989960028	0.672989323509593	0.39636366539405066
TSs7	0	0.12814983265169116	0.10376468689203594	0	0.09006787675542813	0.1451953391346602	0.1967334866081831	0.06299035283829135	0.07833213084119266	0.0715894938376929	0.04572872890800532	0.09395185269683282	0.15560784455247845	0.08618390081402344	0.20909644691900234	0.12074750200588723	0.18234300474880502	0.16944400356492045	0.07375133175592408	0.050008426344892595	0.062227970100679444	0.5099755812699981	0.1246575925805309	0.059177406257871434	0.06525425725395124
TSs38	0	0.6787381644340075	0.2707909616538773	1	0.7323552356557845	0.9464520160784208	0.3467648813819753	0.9312095215401819	0.3597392527923539	0.952098778929776	0.9075741950353843	0.434368383506102	0.6257693969589981	0.9537870916490412	0.8782415859922699	0.9500901999850223	0.9115794415059003	0.8389410743525709	0.2494840560643728	0.5626869999294672	0.22667526301230545	0.5587833722557422	0.6009239895573227	0.9566561389275162	0.3829376492254256
TSs10	1	0.46783207852660597	0.17324210134446796	1	0.4581489625233156	0.45937539008516	0.4569225349614713	0.6515953132447112	0.20591483290738807	0.7889369666464958	0.5927542252118495	0.2174748393293538	0.2567091012015383	0.3126628094880537	0.7706711835448922	0.4913634169578151	0.5944213654328062	0.3799518589287033	0.3269784164287719	0.41679251036865306	0.7093997911544064	0.5087386859016256	0.4671390941689026	0.3452464664440253	0.40359276812549477
TSs48	0	0.4277228306142275	0.25062791234688286	1	0.44502996411877116	0.683420737779919	0.13550070097820158	0.3837485459222778	0.4596698903601007	0.09429276696766258	0.6073208298282332	0.4347508443005032	0.8076433069618209	0.7221160994492439	0.33441952632888844	0.7106154293478077	0.02031277047393393	0.021084034865985105	0.25801375309732044	0.6909582894394971	0.5452438559053678	0.45530908393703906	0.3306434642113564	0.6777744002877814	0.1816182818416089
