ID	ID	Class	Mean	stdev	Predicted_0.14	Median	score_0	score_1	score_2	score_3	score_4	score_5	score_6	score_7	score_8	score_9	score_10	score_11	score_12	score_13	score_14	score_15	score_16	score_17	score_18	score_19
TSs156A	0	0.5664116322669417	0.12059717904237134	1	0.5824	0.618	0.4106666666666667	0.592	0.48	0.4201857142857143	0.68	0.602	0.76	0.7096947368421053	0.38018095238095234	0.4785934640522876	0.62	0.696	0.414	0.418	0.5728	0.718	0.69	0.5301111111111111	0.538
TSs361	0	0.5632411840120664	0.1656372340821221	1	0.5789	0.65	0.18933333333333335	0.5331923076923076	0.702	0.76	0.574	0.334	0.826	0.706	0.4712444444444444	0.515475816993464	0.6833333333333333	0.5641111111111111	0.416	0.265	0.5838	0.744	0.6013333333333334	0.608	0.538
TSs368	0	0.5753362148657156	0.06259788796233652	1	0.5746388888888889	0.595	0.6645614035087718	0.5656923076923076	0.54	0.4352654761904761	0.5928052631578947	0.5686666666666668	0.456	0.5606947368421052	0.5712777777777778	0.5685490196078431	0.578	0.606111111111111	0.628	0.6334	0.6016666666666667	0.636	0.484	0.5473333333333333	0.6737005347593582
TSs49	0	0.48332636904761916	0.06328463880802665	1	0.5080526315789473	0.437	0.37933333333333336	0.486	0.386	0.41228571428571426	0.5101052631578947	0.533875	0.5133333333333333	0.5636947368421052	0.4246666666666667	0.49510000000000004	0.506	0.566	0.5153333333333333	0.364	0.5496666666666667	0.544	0.446	0.5131333333333333	0.521
TSs138B	1	0.5281179487179487	0.09692362544382771	1	0.5595000000000001	0.448	0.285	0.4626923076923077	0.568	0.632	0.614	0.578	0.604	0.51	0.524	0.578	0.666	0.559	0.359	0.418	0.642	0.56	0.562	0.496	0.4966666666666667
TSs22B	0	0.44171261132443407	0.08834422373522023	1	0.45110416666666664	0.4853333333333334	0.33866666666666667	0.404	0.455	0.33990476190476193	0.4401052631578947	0.4472083333333333	0.422	0.5293	0.3922777777777778	0.5157111111111111	0.5226666666666667	0.28644444444444445	0.478	0.26	0.5664666666666667	0.588	0.397	0.4688	0.4973672014260249
TSs287	0	0.4635735543683183	0.0706009334051992	1	0.4719967320261438	0.492	0.5693333333333332	0.438	0.41533333333333333	0.3586607142857143	0.5361052631578948	0.4786666666666667	0.378	0.484	0.466	0.47799346405228754	0.337	0.5261111111111111	0.48	0.5239	0.41566666666666663	0.399	0.459	0.421	0.6157005347593584
TSs383	0	0.45385738410883913	0.07575586361990316	1	0.4497628205128205	0.471	0.56	0.4536923076923077	0.502	0.6152380952380951	0.43030526315789475	0.44583333333333336	0.464	0.36	0.5945777777777778	0.4567647058823529	0.434	0.4346666666666667	0.468	0.48923333333333335	0.3464666666666667	0.316	0.378	0.43	0.42736953242835596
TSs314A	0	0.49477218943638057	0.041968048446517615	1	0.49061666666666665	0.507	0.586	0.48	0.4388333333333333	0.5195988095238094	0.5463052631578947	0.4486666666666666	0.4953333333333333	0.4698614035087719	0.47113333333333335	0.5389934640522875	0.488	0.528	0.432	0.4892333333333333	0.4426666666666667	0.46	0.504	0.492	0.5578181818181818
TSs30	1	0.4471	0.055728361651834514	1	0.446	0.49733333333333335	0.51	0.462	0.518	0.462	0.37	0.5	0.416	0.412	0.446	0.396	0.376	0.36	0.414	0.576	0.446	0.466	0.406	0.432	0.4766666666666667
TSs291	0	0.4532860256410256	0.052410346940827385	1	0.44472222222222224	0.4173333333333334	0.551	0.546	0.4086666666666666	0.546	0.44	0.4676666666666667	0.46	0.3768	0.3844444444444445	0.4282111111111111	0.427	0.4494444444444444	0.418	0.48799999999999993	0.3886666666666666	0.496	0.428	0.474	0.4704871794871795
TSs157A	0	0.5968383653846153	0.060595638525929627	1	0.5936666666666666	0.572	0.6153333333333334	0.5516923076923076	0.634	0.6033333333333333	0.5485	0.473875	0.541	0.5438	0.527	0.574	0.6713333333333333	0.696	0.546	0.6239	0.612	0.668	0.672	0.679	0.584
TSs27	1	0.41915	0.03521421081431264	1	0.42133333333333334	0.42933333333333334	0.427	0.402	0.458	0.396	0.494	0.42	0.45	0.376	0.47	0.34	0.434	0.392	0.426	0.374	0.418	0.42	0.398	0.436	0.4226666666666667
TSs363	0	0.603702685560054	0.121594500218661	1	0.589	0.646	0.5106666666666667	0.5276923076923076	0.548	0.77	0.4681666666666666	0.48066666666666663	0.811	0.7636947368421053	0.67	0.694	0.7068333333333334	0.52	0.362	0.492	0.632	0.758	0.5353333333333333	0.566	0.612
TSs9	0	0.5261388468274072	0.05509153725007849	1	0.528280701754386	0.536	0.5265614035087719	0.47533333333333333	0.502	0.588	0.6293333333333333	0.5346666666666666	0.397	0.5134947368421053	0.5484111111111111	0.5328647058823529	0.5063333333333333	0.568	0.53	0.4775	0.6231333333333334	0.512	0.448	0.5054444444444445	0.5687005347593583
TSs133	0	0.5416238666991762	0.13806682579912172	1	0.5545666666666667	0.56	0.286	0.4831923076923077	0.5473333333333333	0.5011857142857142	0.4323333333333333	0.594	0.798	0.6316947368421053	0.582	0.5855934640522876	0.734	0.554	0.32966666666666666	0.4789	0.7013333333333333	0.722	0.5551333333333334	0.4061111111111111	0.35
TSs155	1	0.43963333333333326	0.07726364827672351	1	0.41000000000000003	0.494	0.398	0.47	0.49	0.37	0.368	0.358	0.594	0.536	0.3656666666666667	0.436	0.433	0.416	0.368	0.39	0.386	0.598	0.536	0.404	0.382
TSs209	0	0.5258901971699612	0.048466356139844236	1	0.5315000000000001	0.586	0.534	0.4696923076923077	0.4608333333333333	0.5385416666666667	0.5451052631578948	0.466	0.465	0.529	0.556	0.4792156862745098	0.473	0.5133333333333333	0.6013333333333334	0.6152333333333332	0.5035	0.496	0.5678	0.541	0.5772156862745098
TSs136	0	0.4900326708482437	0.0689766537556998	1	0.4830526315789474	0.537	0.5413333333333332	0.4795	0.336	0.5286666666666667	0.48610526315789476	0.44916666666666666	0.367	0.524	0.5131253968253968	0.4218267973856209	0.466	0.5161111111111111	0.48	0.4739	0.6083	0.492	0.476	0.47013333333333335	0.6344848484848485
TSs22A	0	0.4973562009803921	0.0840284753297673	1	0.4995	0.421	0.302	0.492	0.424	0.4547333333333333	0.4583333333333333	0.563875	0.545	0.5775	0.48177777777777775	0.5279934640522875	0.5633333333333332	0.488	0.5233333333333333	0.344	0.5666666666666668	0.6693333333333332	0.507	0.4792444444444444	0.558
TSs357	0	0.5265869980123077	0.10048685980545492	1	0.5035467320261438	0.538	0.41989473684210527	0.45269230769230767	0.462	0.48045238095238096	0.5	0.634	0.75	0.6613	0.5682444444444444	0.5070934640522876	0.612	0.5663333333333332	0.348	0.47333333333333333	0.4991333333333334	0.628	0.604	0.41544444444444445	0.4118181818181818
TSs161	1	0.425425	0.0693232844227529	1	0.412	0.415	0.592	0.458	0.443	0.409	0.454	0.492	0.338	0.358	0.396	0.438	0.356	0.394	0.49	0.542	0.334	0.374	0.384	0.3615	0.48
TSs11	0	0.43318584795321635	0.06364838068324329	1	0.42970555555555556	0.42	0.5468947368421052	0.456	0.4013333333333333	0.41733333333333333	0.42919999999999997	0.542	0.3853333333333333	0.371	0.4702777777777778	0.4302111111111111	0.3113333333333333	0.383	0.452	0.51	0.46266666666666667	0.336	0.38	0.45113333333333333	0.508
TSs5A	0	0.5740106672554312	0.066470495286864	1	0.585	0.588	0.5153333333333334	0.44569230769230767	0.6145	0.5063857142857142	0.5894385964912281	0.624875	0.695	0.6177999999999999	0.5617142857142856	0.649875816993464	0.582	0.5534444444444443	0.502	0.5985666666666666	0.4479666666666667	0.645	0.576	0.6331333333333333	0.5334871794871795
TSs131	0	0.5442623943295268	0.0481138757491121	1	0.5365	0.502	0.604	0.6396923076923077	0.463	0.5182797619047619	0.5323052631578947	0.49466666666666664	0.5793333333333334	0.5288947368421052	0.520911111111111	0.5737156862745099	0.5993333333333334	0.5386666666666666	0.538	0.5472333333333332	0.535	0.608	0.474	0.49633333333333335	0.5918823529411763
TSs294	0	0.5071949655388471	0.055387380344361775	1	0.5133333333333334	0.455	0.566	0.478	0.462	0.524827380952381	0.5303052631578947	0.5896666666666668	0.516	0.4178	0.5671666666666667	0.442	0.424	0.5106666666666667	0.546	0.5013333333333333	0.484	0.436	0.542	0.5531333333333334	0.598
TSs378	0	0.490504014833206	0.05068636624332086	1	0.4921526315789474	0.48	0.5728947368421052	0.517	0.5153333333333334	0.46873809523809523	0.48830526315789474	0.537875	0.522	0.456	0.514	0.496	0.38	0.428	0.448	0.5139	0.45933333333333337	0.456	0.43	0.5533333333333333	0.5733672014260248
TSs111	1	0.47876545751633987	0.06739934527496423	1	0.475	0.572	0.466	0.464	0.472	0.46	0.406	0.374	0.624	0.482	0.494	0.556475816993464	0.478	0.45533333333333337	0.348	0.502	0.496	0.562	0.514	0.4435	0.406
TSs56	0	0.5320182300727307	0.05327969995905556	1	0.5234	0.475	0.638	0.49	0.508	0.5459464285714286	0.562	0.552	0.52	0.48089473684210526	0.4877142857142857	0.44809346405228756	0.5533333333333332	0.494	0.504	0.5619	0.6108	0.576	0.478	0.5267999999999999	0.6278823529411764
TSs3A	1	0.536825	0.05234365399965012	1	0.5349166666666667	0.409	0.522	0.592	0.446	0.504	0.554	0.538	0.582	0.53	0.518	0.562	0.5733333333333333	0.582	0.5318333333333333	0.51	0.596	0.628	0.482	0.518	0.5583333333333332
TSs95	1	0.5526129554655871	0.05397126567349448	1	0.578	0.5455	0.596	0.596	0.502	0.574	0.5486052631578948	0.59	0.582	0.51	0.606	0.502	0.51	0.586	0.582	0.628	0.45	0.582	0.534	0.428	0.6001538461538461
TSs2	0	0.43357483892139853	0.0922523824215853	1	0.419	0.412	0.358	0.5191923076923076	0.512	0.40590476190476193	0.3887	0.445875	0.3843333333333333	0.49719473684210524	0.37495873015873016	0.49710000000000004	0.538	0.2837777777777778	0.426	0.272	0.6244666666666666	0.544	0.358	0.3421111111111111	0.4878823529411765
TSs44C	0	0.5320347776303505	0.03586988877473867	1	0.538	0.546	0.5513333333333333	0.558	0.486	0.5708047619047619	0.5383052631578947	0.5246666666666667	0.527	0.538	0.47962539682539684	0.538	0.593	0.552	0.49	0.536	0.5781666666666667	0.518	0.4851333333333333	0.4621111111111111	0.5685490196078431
TSs201	0	0.4918224509803921	0.0655797538575598	1	0.51	0.542	0.55	0.506	0.45133333333333336	0.528	0.588	0.5146666666666667	0.394	0.37416666666666665	0.5401333333333334	0.526	0.429	0.4186666666666667	0.514	0.4293333333333333	0.4754666666666667	0.436	0.532	0.4668	0.6208823529411764
TSs217	0	0.5186600655368883	0.04600680546722594	1	0.5279499999999999	0.568	0.508	0.493	0.51	0.5532083333333333	0.42610526315789476	0.4116666666666667	0.534	0.562	0.484	0.506	0.546	0.556	0.528	0.5278999999999999	0.474	0.594	0.4968	0.556	0.5385210475798711
TSs168	0	0.5161666959064327	0.07866640980217021	1	0.5089	0.434	0.33989473684210525	0.548	0.492	0.47	0.508	0.526	0.52	0.5836947368421053	0.478	0.438	0.6615	0.5361111111111111	0.5513333333333332	0.488	0.495	0.695	0.5098	0.586	0.463
TSs98	1	0.5913924457590054	0.06983753118757555	1	0.6097333333333333	0.612	0.694561403508772	0.611	0.568	0.5848190476190476	0.6143052631578947	0.621875	0.498	0.48889473684210527	0.658	0.5633156862745098	0.4706666666666667	0.6637777777777777	0.6793333333333333	0.7015	0.522	0.536	0.6084666666666667	0.513	0.6183333333333334
TSs116	0	0.5422190614167393	0.062439005167059976	1	0.54025	0.458	0.5298947368421052	0.5375	0.543	0.5673666666666667	0.5316666666666666	0.546	0.6523333333333333	0.6078947368421053	0.4735	0.4620934640522876	0.608	0.5094444444444444	0.584	0.5487333333333332	0.5028	0.684	0.492	0.548	0.4581538461538462
TSs53	1	0.4836742857142857	0.048708253678093366	1	0.4735	0.498	0.626	0.432	0.468	0.4574857142857143	0.472	0.47	0.462	0.488	0.4145	0.506	0.4475	0.556	0.444	0.488	0.478	0.53	0.475	0.433	0.528
TSs63A	0	0.45637269230769234	0.06083777807807595	1	0.46790263157894735	0.4895	0.5338947368421052	0.402	0.4463333333333333	0.48586666666666667	0.4573052631578947	0.4785	0.425	0.3943	0.513	0.4091	0.363	0.516	0.4926666666666667	0.5081666666666667	0.3571666666666667	0.368	0.51	0.4195	0.5581538461538462
TSs158	0	0.549849014833206	0.052100302195753255	1	0.5404660714285714	0.572	0.5898947368421052	0.507	0.5273333333333332	0.5519321428571429	0.6061052631578948	0.5116666666666666	0.5793333333333334	0.4898	0.650847619047619	0.529	0.5243333333333332	0.658	0.558	0.5992333333333333	0.4914666666666667	0.48	0.5196666666666667	0.49266666666666664	0.5587005347593583
TSs269	0	0.5377927821769732	0.06822341747519246	1	0.5353333333333334	0.381	0.5693333333333332	0.516	0.478	0.548	0.5146052631578948	0.5625416666666667	0.601	0.6188947368421053	0.4371666666666667	0.49388235294117644	0.5326666666666667	0.5001111111111111	0.538	0.616	0.5591666666666666	0.6873333333333332	0.526	0.585	0.49115384615384616
TSs317	0	0.5372171153846153	0.053582747388312195	1	0.5386169871794871	0.526	0.646	0.5376923076923076	0.428	0.5395416666666667	0.576	0.5445416666666667	0.488	0.534	0.478	0.476	0.556	0.5613333333333332	0.596	0.5619	0.475	0.604	0.522	0.494	0.6003333333333333
TSs49A	0	0.45916628556685835	0.050450858687190465	1	0.46415263157894737	0.431	0.44	0.458	0.412	0.44485714285714284	0.4703052631578947	0.4185	0.493	0.4726666666666666	0.4391253968253968	0.4070934640522876	0.5663333333333332	0.492	0.478	0.33	0.5166666666666666	0.522	0.4313333333333333	0.4761111111111111	0.48433333333333334
TSs417	0	0.4800022222222221	0.056090606498633996	1	0.48058333333333336	0.478	0.5855614035087718	0.42	0.49	0.4831666666666667	0.5193052631578947	0.57	0.431	0.4578	0.534	0.49510000000000004	0.424	0.4274444444444444	0.526	0.5093333333333333	0.37	0.467	0.432	0.43733333333333335	0.543
TSs195	1	0.53932626984127	0.050739210211481006	1	0.5335000000000001	0.4446666666666667	0.576	0.504	0.564	0.494	0.535	0.574	0.666	0.528	0.5236253968253968	0.47	0.61	0.598	0.498	0.55	0.5044	0.558	0.532	0.5365	0.5203333333333332
TSs371	1	0.5129833333333333	0.04450868566263449	1	0.512	0.5466666666666667	0.558	0.514	0.488	0.608	0.484	0.522	0.438	0.46	0.534	0.498	0.461	0.53	0.534	0.602	0.47	0.484	0.528	0.49	0.51
TSs23	0	0.521833426522308	0.0550035410480838	1	0.5096166666666666	0.542	0.616	0.4916923076923077	0.566	0.472	0.5806052631578948	0.631875	0.448	0.46	0.6	0.538	0.471	0.537	0.5185	0.5007333333333333	0.465	0.48	0.548	0.48144444444444445	0.4888181818181818
TSs51	0	0.5501935883212934	0.055857094527915506	1	0.5551666666666666	0.524	0.5533333333333332	0.5505	0.452	0.6077416666666666	0.5963052631578948	0.6	0.562	0.409	0.531	0.5760980392156861	0.542	0.5701111111111111	0.678	0.5622333333333333	0.525	0.5473333333333332	0.503	0.557	0.5572156862745098
TSs59B	0	0.42669450042217844	0.0662520318530437	1	0.42506666666666665	0.437	0.43322807017543863	0.389	0.49	0.3625	0.468	0.41666666666666663	0.357	0.39269473684210526	0.4668	0.4723156862745098	0.3736666666666667	0.32933333333333337	0.43	0.32739999999999997	0.5623333333333334	0.43	0.404	0.4201333333333333	0.5718181818181818
TSs365	0	0.5778020387129209	0.13070485830426498	1	0.5742562558356676	0.7246666666666667	0.368	0.547	0.522	0.5655190476190476	0.5365	0.376	0.7693333333333334	0.82	0.5109587301587302	0.5829934640522876	0.6473333333333333	0.628	0.516	0.4452333333333333	0.71	0.722	0.5851333333333332	0.612	0.36736953242835596
TSs224	0	0.5747617343462352	0.04673500427862766	1	0.5840208333333334	0.589	0.674	0.4586923076923077	0.5795	0.5424523809523809	0.587	0.5810416666666668	0.6046666666666666	0.5746947368421053	0.596411111111111	0.5477647058823529	0.535	0.5594444444444443	0.4973333333333333	0.5899	0.608	0.592	0.59	0.64	0.5483333333333332
TSs325	0	0.4865303244489428	0.07843660209671621	1	0.523	0.48	0.5738947368421052	0.4256923076923077	0.5033333333333333	0.524	0.5342	0.625875	0.382	0.377	0.5415	0.542	0.374	0.43877777777777777	0.5325	0.534	0.3338333333333333	0.418	0.522	0.53	0.538
TSs119A	0	0.5477284499405823	0.047346090461598565	1	0.541	0.538	0.648	0.544	0.58	0.562	0.556	0.652875	0.564	0.5207999999999999	0.5285777777777778	0.532875816993464	0.4715	0.47944444444444445	0.484	0.5885666666666667	0.56	0.57	0.529	0.5241111111111111	0.5208181818181817
TSs166	0	0.5510175708502025	0.062141793244660154	1	0.5549999999999999	0.564	0.442	0.6231923076923076	0.443	0.5688190476190476	0.5741052631578948	0.491	0.6053333333333334	0.546	0.4977142857142857	0.486	0.6233333333333334	0.626	0.604	0.5729	0.5046666666666666	0.66	0.5277999999999999	0.544	0.5164871794871795
TSs297	0	0.4666452380952382	0.07006882636272993	1	0.4630523809523809	0.556	0.36	0.444	0.44	0.45210476190476184	0.48860526315789476	0.356	0.5703333333333334	0.5006947368421053	0.474	0.5065	0.5626666666666668	0.402	0.425	0.3453333333333333	0.5076666666666667	0.582	0.436	0.476	0.448
TSs338	0	0.5323168610251119	0.05827557804145986	1	0.5308823529411765	0.571	0.5098947368421053	0.514	0.5675	0.59	0.52	0.64	0.586	0.5	0.543	0.5277647058823529	0.5043333333333333	0.534	0.582	0.44939999999999997	0.598	0.566	0.4493333333333333	0.49611111111111106	0.398
TSs293	1	0.4623833333333332	0.03910927486053608	1	0.462	0.45	0.474	0.476	0.408	0.452	0.4046666666666667	0.496	0.464	0.46	0.51	0.468	0.51	0.398	0.502	0.416	0.451	0.502	0.434	0.436	0.536
TSs24	0	0.6058050854700853	0.05781117608340482	1	0.598280701754386	0.638	0.652	0.6536923076923076	0.6	0.51	0.6201052631578948	0.5716666666666667	0.592	0.596561403508772	0.556	0.5541111111111111	0.71	0.662	0.644	0.5559	0.62	0.724	0.5237999999999999	0.5691111111111111	0.5631538461538462
TSs334	0	0.46294731209150325	0.08009959289092687	1	0.47438888888888886	0.482	0.5538947368421052	0.396	0.496	0.3992083333333334	0.5171052631578948	0.486	0.45	0.38880000000000003	0.522	0.4891111111111111	0.302	0.47677777777777774	0.448	0.636	0.38916666666666666	0.352	0.42	0.472	0.5828823529411765
TSs1A	0	0.44059251910671027	0.08998719737088764	1	0.4495	0.404	0.266	0.44819230769230767	0.338	0.43644642857142857	0.49866666666666665	0.46	0.448	0.43816666666666665	0.449	0.4681	0.466	0.2871111111111111	0.45	0.272	0.5384666666666666	0.548	0.466	0.538	0.5917005347593582
TSs266	0	0.5393681600447195	0.08000438255938527	1	0.5195666666666667	0.542	0.708561403508772	0.548	0.48433333333333334	0.5293333333333332	0.5882000000000001	0.5325416666666666	0.462	0.462	0.5251333333333333	0.5079823529411764	0.514	0.604111111111111	0.502	0.6859	0.4944666666666667	0.462	0.45066666666666666	0.4801333333333333	0.704
TSs277	1	0.40397833333333333	0.057605159648495496	1	0.41	0.41	0.3826666666666667	0.458	0.417	0.414	0.32	0.366	0.47	0.428	0.456	0.394	0.5353333333333332	0.41	0.404	0.31189999999999996	0.3906666666666666	0.46	0.41	0.332	0.31
TSs60B	0	0.42165182707213666	0.060941455511557975	1	0.424	0.422	0.4502280701754386	0.447	0.3815	0.4532380952380953	0.3275	0.5056666666666666	0.415	0.332	0.46671428571428575	0.4922111111111111	0.38	0.3661111111111111	0.426	0.328	0.4356666666666667	0.374	0.398	0.5385	0.49370053475935827
TSs303	1	0.5338666666666667	0.06400606696389909	1	0.537	0.456	0.552	0.57	0.452	0.446	0.525	0.505	0.538	0.474	0.534	0.426	0.636	0.613	0.538	0.608	0.552	0.62	0.536	0.48033333333333333	0.616
TSs120	0	0.5411450320512821	0.055192601773302694	1	0.5483333333333333	0.548	0.6106666666666666	0.49269230769230765	0.4548333333333333	0.6233333333333334	0.5452	0.557875	0.5646666666666667	0.4851333333333333	0.5826333333333333	0.558	0.44133333333333336	0.62	0.5486666666666666	0.5833333333333333	0.5304	0.436	0.5408	0.5733333333333333	0.526
TSs132	0	0.502543803506435	0.07138817708368494	1	0.5060666666666667	0.466	0.568	0.5236923076923076	0.4533333333333333	0.5851047619047619	0.5653052631578948	0.64	0.5233333333333332	0.4365	0.5216666666666667	0.4651	0.41	0.4221111111111111	0.554	0.537	0.361	0.478	0.4904666666666667	0.4494444444444445	0.6008181818181818
TSs78	0	0.48217593019123983	0.057455911015057655	1	0.47519999999999996	0.482	0.602	0.49269230769230765	0.4543333333333333	0.6205714285714286	0.42	0.494	0.47866666666666663	0.4330280701754386	0.494	0.5268823529411765	0.464	0.453	0.4695	0.556	0.4764	0.408	0.474	0.43144444444444446	0.413
TSs61	0	0.5375543153251977	0.05068541853343946	1	0.5402333333333333	0.592	0.5333333333333332	0.5216923076923077	0.594	0.5186666666666667	0.548	0.5765	0.603	0.5161333333333333	0.5691666666666666	0.5313091503267974	0.5193333333333332	0.506	0.58	0.5526666666666666	0.36766666666666664	0.494	0.5471333333333335	0.526	0.5544848484848485
TSs60	0	0.5693903572042853	0.0691866646318609	1	0.5668666666666666	0.597	0.5778947368421052	0.5643333333333334	0.526	0.5035238095238095	0.5285	0.471875	0.519	0.5768947368421053	0.5414920634920635	0.5127601307189542	0.6383333333333334	0.58	0.508	0.5694	0.712	0.726	0.491	0.6001333333333333	0.6436666666666666
TSs274	1	0.5249733333333334	0.05764519588124524	1	0.5235000000000001	0.5	0.58	0.466	0.472	0.552	0.538	0.58	0.56	0.5558	0.536	0.468	0.514	0.526	0.6346666666666666	0.614	0.386	0.46	0.518	0.521	0.518
TSs10A	0	0.5491306984845219	0.039972529238334574	1	0.5508055555555555	0.555	0.5658947368421052	0.491025641025641	0.5235	0.5056523809523809	0.5146052631578948	0.5133333333333333	0.504	0.6048	0.5522777777777779	0.5451980392156863	0.5646666666666667	0.5881111111111111	0.6080000000000001	0.516	0.6323333333333333	0.58	0.504	0.5493333333333333	0.5648823529411765
TSs96	0	0.47885564593301433	0.059946513249944114	1	0.47913131313131313	0.434	0.6078947368421052	0.447	0.498	0.414	0.553	0.493	0.444	0.416	0.4717777777777778	0.4891111111111111	0.42	0.5281111111111111	0.53	0.5345666666666666	0.3581666666666667	0.46	0.442	0.55	0.48648484848484846
TSs282	0	0.5087421311716319	0.10328662935982644	1	0.4826666666666667	0.535	0.508	0.565025641025641	0.492	0.43857142857142856	0.4205	0.3785416666666666	0.445	0.6598947368421053	0.439	0.42930915032679734	0.676	0.592	0.392	0.416	0.64	0.73	0.43	0.4733333333333334	0.5146666666666666
TSs56A	0	0.5328407264957264	0.055013553601469145	1	0.5356055555555556	0.594	0.6708947368421052	0.4596923076923077	0.5113333333333333	0.536	0.4919719298245614	0.5696666666666668	0.52	0.5698	0.567	0.5352111111111111	0.5	0.544111111111111	0.546	0.582	0.412	0.478	0.49213333333333337	0.542	0.535
TSs296	0	0.47396173067730335	0.08613193121404125	1	0.4649294871794872	0.424	0.4656666666666667	0.4641923076923077	0.42	0.458	0.47830526315789473	0.5046666666666667	0.4433333333333333	0.4733	0.40079206349206353	0.586	0.524	0.328	0.5253333333333333	0.3048333333333333	0.5946666666666668	0.632	0.408	0.4454444444444445	0.5987005347593584
TSs33	0	0.44159429210280593	0.06625907705269264	1	0.44261904761904763	0.452	0.415	0.48	0.3981666666666666	0.43923809523809526	0.4053052631578947	0.5106666666666667	0.336	0.4072666666666667	0.4495	0.4637647058823529	0.48	0.3277777777777778	0.4845	0.39189999999999997	0.4481333333333334	0.446	0.43	0.42266666666666663	0.644
TSs311	0	0.5043636102274919	0.05469600341543177	1	0.5061055555555556	0.514	0.621	0.557	0.536	0.565779761904762	0.450438596491228	0.51	0.418	0.402	0.5504111111111111	0.5022111111111112	0.498	0.48077777777777775	0.522	0.5699	0.4698	0.448	0.4708	0.47	0.5311538461538462
TSs68	0	0.47614938830175674	0.07641717529874689	1	0.465	0.495	0.466	0.4816923076923077	0.428	0.42590476190476195	0.3245	0.511	0.462	0.5339947368421053	0.41827777777777775	0.586	0.572	0.464	0.422	0.366	0.5838	0.567	0.446	0.3923333333333333	0.5774848484848485
TSs104	0	0.5316187622714402	0.06369025018134539	1	0.5394166666666667	0.56	0.6542280701754386	0.44269230769230766	0.5456666666666666	0.5331666666666668	0.53	0.6426666666666667	0.519	0.48689473684210527	0.52	0.5588823529411765	0.391	0.5574444444444443	0.5473333333333332	0.5069	0.4718333333333334	0.44733333333333336	0.568	0.5553333333333333	0.594
TSs58	0	0.5277237476515572	0.06797573208757272	1	0.5275000000000001	0.521	0.6575614035087719	0.5366923076923076	0.5686666666666668	0.561075	0.506	0.6280416666666667	0.49	0.428	0.604	0.534	0.438	0.5081111111111111	0.604	0.5893333333333333	0.544	0.43	0.45	0.4514444444444445	0.504549019607843
TSs358	0	0.48570007290095535	0.20863244017480662	1	0.5223340623428858	0.65	0.508	0.5291923076923076	0.322	0.25556666666666666	0.1928333333333333	0.336	0.824	0.708	0.4792444444444444	0.515475816993464	0.6773333333333333	0.5641111111111111	0.148	0.662	0.5858	0.744	0.5993333333333334	0.2821111111111111	0.131
TSs82	0	0.4735784232026144	0.0834236657098136	1	0.46338333333333337	0.512	0.6395614035087721	0.456	0.4493333333333333	0.517875	0.36530526315789474	0.534	0.41	0.4293333333333333	0.552	0.46343333333333336	0.353	0.3301111111111111	0.5093333333333333	0.5384	0.4606666666666666	0.364	0.4633333333333334	0.516	0.6078823529411764
TSs15	0	0.5124213035678632	0.08845698901414162	1	0.5185683760683761	0.524	0.7012280701754386	0.5166923076923077	0.446	0.5081523809523809	0.48819999999999997	0.5655416666666666	0.4013333333333333	0.41	0.5781333333333333	0.505	0.362	0.5204444444444445	0.612	0.6193333333333333	0.5936666666666668	0.364	0.453	0.532	0.5477005347593583
TSs3	1	0.5423583333333334	0.04832444791285123	1	0.5385	0.537	0.5815	0.526	0.53	0.482	0.52	0.54	0.472	0.516	0.548	0.552	0.548	0.57	0.5686666666666667	0.492	0.614	0.64	0.484	0.494	0.632
TSs4	0	0.4302751458775143	0.05479430800568875	1	0.42035	0.52	0.47522807017543856	0.4026923076923077	0.404	0.44107142857142856	0.41869999999999996	0.4926666666666667	0.387	0.3346	0.4979111111111111	0.4487111111111111	0.417	0.3941111111111111	0.432	0.3399	0.4534666666666667	0.422	0.3793333333333333	0.40544444444444444	0.5396666666666666
TSs331	0	0.5761009552538964	0.06703659460751628	1	0.5900526315789474	0.497	0.6238947368421052	0.6676923076923076	0.5515	0.618	0.5901052631578948	0.6361666666666668	0.6	0.54	0.6136666666666667	0.5759934640522876	0.594	0.522	0.7	0.594	0.388	0.53	0.53	0.59	0.56
TSs314B	0	0.5148078365670278	0.05662418109310543	1	0.5324166666666666	0.552	0.558	0.4856923076923077	0.5288333333333333	0.4105416666666667	0.476	0.482	0.414	0.5501666666666666	0.536	0.5570934640522875	0.549	0.5821111111111111	0.454	0.4985666666666666	0.566	0.564	0.45666666666666667	0.4656666666666667	0.6098181818181817
TSs333	0	0.46655803327391565	0.07259077215134957	1	0.471	0.47	0.5558947368421052	0.464	0.3873333333333333	0.482	0.49030526315789474	0.574	0.372	0.366	0.5141333333333333	0.48732679738562085	0.368	0.52	0.564	0.426	0.472	0.45	0.399	0.3784666666666667	0.5907005347593582
TSs7	0	0.4047248335466563	0.04359283790166737	1	0.4041526315789474	0.422	0.336	0.3885	0.374	0.40044642857142854	0.4023052631578947	0.496	0.42233333333333334	0.48	0.4301333333333333	0.443	0.368	0.406	0.372	0.31	0.4289666666666667	0.39	0.381	0.41544444444444445	0.4283672014260249
TSs38	0	0.5912893376068376	0.05250786209475917	1	0.5968461538461538	0.508	0.6073333333333333	0.5986923076923076	0.603	0.621875	0.595	0.557875	0.603	0.654	0.558	0.48544444444444446	0.6453333333333334	0.5793333333333333	0.5186666666666667	0.6432333333333332	0.648	0.69	0.582	0.542	0.585
TSs10	0	0.5399841658444755	0.041132647916784525	1	0.5348722222222222	0.581	0.518	0.494	0.545	0.5056190476190476	0.5647000000000001	0.504	0.6123333333333334	0.5826947368421053	0.5334111111111111	0.5081111111111111	0.588	0.598	0.4953333333333333	0.574	0.5363333333333332	0.576	0.49	0.5074444444444445	0.4857028657616893
TSs48	0	0.5297017148640835	0.06685632478097518	1	0.5293333333333334	0.452	0.548	0.463	0.507	0.5002857142857142	0.622	0.5266666666666667	0.532	0.5338947368421052	0.48	0.404	0.596	0.616	0.652	0.4732333333333333	0.5446666666666666	0.633	0.5378	0.462	0.5104871794871795
