ID	ID	Class	Mean	stdev	Predicted_0.01	Median	score_0	score_1	score_2	score_3	score_4	score_5	score_6	score_7	score_8	score_9	score_10	score_11	score_12	score_13	score_14	score_15	score_16	score_17	score_18	score_19
TSs156A	0	0.49791213577662574	0.012764490092163181	1	0.5	0.5	0.49273644749604223	0.5	0.5	0.48967975600119695	0.5134380371327808	0.51313618892148	0.45186040261480787	0.5	0.5	0.5141918621272406	0.49389556245756255	0.5	0.5	0.5	0.5	0.5	0.5	0.48930445878140216	0.5
TSs361	1	0.4657305729113183	0.01718399986283422	1	0.4715575463462892	0.4866829465989703	0.4727967016211662	0.4552378623825304	0.4686571229394489	0.4240549459114875	0.4715575463462892	0.4844160537411707	0.4686571229394489	0.4757565658534729	0.48055480342582735	0.44293004357571336	0.4244600297262376	0.47155754634628927	0.47314921888617095	0.47155754634628927	0.46796757365775066	0.46796757365775066	0.47242381795248495	0.4584698704643965	0.4757565658534729
TSs368	1	0.4977792606979361	0.012610574609066496	1	0.5	0.5	0.49273644749604223	0.5	0.5	0.48967975600119695	0.5134380371327808	0.5	0.45186040261480787	0.5	0.5104786873476891	0.5141918621272406	0.49389556245756255	0.5	0.5	0.5	0.5	0.5	0.5	0.48930445878140216	0.5
TSs49	0	0.4956300210300058	0.014582783672555465	1	0.5	0.5	0.49273644749604223	0.5	0.5	0.46013299977536953	0.5	0.5	0.45186040261480787	0.5	0.5104786873476891	0.5141918621272406	0.49389556245756255	0.5	0.5	0.5	0.5	0.5	0.5	0.48930445878140216	0.5
TSs138B	0	0.4978704492895033	0.011059758913942055	1	0.5	0.5	0.49273644749604223	0.5	0.5	0.48967975600119695	0.5134380371327808	0.5	0.5	0.5	0.5	0.5141918621272406	0.45805842425140014	0.5	0.5	0.5	0.5	0.5	0.5	0.48930445878140216	0.5
TSs22B	0	0.4965704931058338	0.01540628352112695	1	0.5	0.5220245763602924	0.5	0.5	0.5	0.46013299977536953	0.5	0.5	0.45186040261480787	0.5	0.5	0.5141918621272406	0.49389556245756255	0.5	0.5	0.5	0.5	0.5	0.5	0.48930445878140216	0.5
TSs287	1	0.49451803988720516	0.015328047116852782	1	0.5	0.5220245763602924	0.5	0.4847881273246004	0.5	0.46013299977536953	0.5	0.51313618892148	0.5	0.5	0.5	0.47797917259968115	0.45805842425140014	0.5	0.5	0.5	0.5	0.5	0.48478812732460036	0.4894531811866786	0.5
TSs383	0	0.49760659016807807	0.012450158149112836	1	0.5	0.5	0.49273644749604223	0.5	0.5	0.48967975600119695	0.5134380371327808	0.5	0.45186040261480787	0.5	0.5	0.5141918621272406	0.49389556245756255	0.5	0.5070252767505267	0.5	0.5	0.5	0.5	0.48930445878140216	0.5
TSs314A	0	0.4991456658375437	0.01163554561287312	1	0.5	0.5220245763602924	0.49273644749604223	0.5	0.5	0.46013299977536953	0.5	0.5	0.5	0.5	0.5104786873476891	0.5141918621272406	0.49389556245756255	0.5	0.5	0.5	0.5	0.5	0.5	0.4894531811866786	0.5
TSs30	0	0.4946840982204037	0.012481710291698858	1	0.5	0.5	0.49273644749604223	0.5	0.5	0.48967975600119695	0.5134380371327808	0.5	0.45186040261480787	0.5	0.5	0.47797917259968115	0.49389556245756255	0.5	0.5	0.5	0.5	0.5	0.48478812732460036	0.48930445878140216	0.5
TSs291	0	0.49707586124018527	0.014880162520013744	1	0.5	0.5	0.5	0.5	0.5	0.46277098589569166	0.5134380371327808	0.5	0.45186040261480787	0.5	0.5104786873476891	0.5141918621272406	0.49389556245756255	0.50557722844653	0.5	0.5	0.5	0.5	0.5	0.48930445878140216	0.5
TSs157A	1	0.4941548622620073	0.015277289241729485	1	0.5	0.5220245763602924	0.49273644749604223	0.4847881273246004	0.5	0.46013299977536953	0.5	0.51313618892148	0.5	0.5	0.5	0.47797917259968115	0.45805842425140014	0.5	0.5	0.5	0.5	0.5	0.48478812732460036	0.4894531811866786	0.5
TSs27	0	0.49773310852689034	0.013069368281192975	1	0.5	0.5	0.5	0.4847881273246004	0.5	0.48967975600119695	0.5134380371327808	0.5	0.45186040261480787	0.5	0.5104786873476891	0.5141918621272406	0.49389556245756255	0.5	0.5070252767505267	0.5	0.5	0.5	0.5	0.48930445878140216	0.5
TSs363	0	0.49665983177540085	0.014642709126212506	1	0.5	0.5	0.5077353264985313	0.5	0.5	0.46277098589569166	0.5134380371327808	0.5	0.45186040261480787	0.5	0.5	0.5141918621272406	0.49389556245756255	0.5	0.5	0.5	0.5	0.5	0.5	0.48930445878140216	0.5
TSs9	1	0.49709737237947343	0.01653575518723497	1	0.5	0.5254096128405004	0.5	0.49067096121450543	0.5	0.46277098589569166	0.5	0.5163042467308219	0.45186040261480787	0.5	0.5	0.5141918621272406	0.49389556245756255	0.50557722844653	0.5070252767505267	0.5	0.5	0.5	0.48478812732460036	0.4894531811866786	0.5
TSs133	0	0.4949200710453847	0.015119106638556932	1	0.5	0.5	0.49273644749604223	0.4847881273246004	0.5	0.46277098589569166	0.5134380371327808	0.5	0.45186040261480787	0.5	0.5104786873476891	0.5141918621272406	0.49389556245756255	0.5	0.5	0.5	0.5	0.5	0.48478812732460036	0.4894531811866786	0.5
TSs155	0	0.5012948844751104	0.006579293417186889	1	0.5	0.5	0.5077353264985313	0.5	0.5	0.48967975600119695	0.5134380371327808	0.5	0.5	0.5	0.5104786873476891	0.5141918621272406	0.49389556245756255	0.5	0.5070252767505267	0.5	0.5	0.5	0.5	0.4894531811866786	0.5
TSs209	0	0.4977792606979361	0.012610574609066496	1	0.5	0.5	0.49273644749604223	0.5	0.5	0.48967975600119695	0.5134380371327808	0.5	0.45186040261480787	0.5	0.5104786873476891	0.5141918621272406	0.49389556245756255	0.5	0.5	0.5	0.5	0.5	0.5	0.48930445878140216	0.5
TSs136	0	0.49378502358115073	0.017742524488538823	1	0.5	0.5	0.49273644749604223	0.4847881273246004	0.5	0.46277098589569166	0.5134380371327808	0.51313618892148	0.45186040261480787	0.5	0.5104786873476891	0.5141918621272406	0.45805842425140014	0.5	0.5	0.5	0.5	0.5	0.48478812732460036	0.4894531811866786	0.5
TSs22A	1	0.4970092183347295	0.014686333050177719	1	0.5	0.5254096128405004	0.5077353264985313	0.49067096121450543	0.5	0.46277098589569166	0.5	0.5163042467308219	0.5	0.5	0.5	0.4847616283096677	0.4656877914965341	0.50557722844653	0.5070252767505267	0.5	0.5	0.5	0.48478812732460036	0.4894531811866786	0.5
TSs357	0	0.49888792563621465	0.013721530276715006	1	0.5	0.5220245763602924	0.49273644749604223	0.5	0.5	0.48967975600119695	0.5134380371327808	0.5	0.45186040261480787	0.5	0.5104786873476891	0.5141918621272406	0.49389556245756255	0.5	0.5	0.5	0.5	0.5	0.5	0.4894531811866786	0.5
TSs161	0	0.49494548420758966	0.016491404764506015	1	0.5	0.5254096128405004	0.49273644749604223	0.49067096121450543	0.5	0.46277098589569166	0.5134380371327808	0.5	0.45186040261480787	0.5	0.5104786873476891	0.47797917259968115	0.49389556245756255	0.50557722844653	0.5	0.5	0.5	0.5	0.48478812732460036	0.48930445878140216	0.5
TSs11	0	0.4949176131412975	0.01757880433024681	1	0.5	0.5	0.5077353264985313	0.5	0.5	0.46277098589569166	0.5134380371327808	0.5	0.45186040261480787	0.5	0.5104786873476891	0.5141918621272406	0.45805842425140014	0.50557722844653	0.5	0.5	0.5	0.5	0.48478812732460036	0.4894531811866786	0.5
TSs5A	1	0.4977792606979361	0.012610574609066496	1	0.5	0.5	0.49273644749604223	0.5	0.5	0.48967975600119695	0.5134380371327808	0.5	0.45186040261480787	0.5	0.5104786873476891	0.5141918621272406	0.49389556245756255	0.5	0.5	0.5	0.5	0.5	0.5	0.48930445878140216	0.5
TSs131	0	0.4977792606979361	0.012610574609066496	1	0.5	0.5	0.49273644749604223	0.5	0.5	0.48967975600119695	0.5134380371327808	0.5	0.45186040261480787	0.5	0.5104786873476891	0.5141918621272406	0.49389556245756255	0.5	0.5	0.5	0.5	0.5	0.5	0.48930445878140216	0.5
TSs294	0	0.49792520811155916	0.014518964923307622	1	0.5	0.5254096128405004	0.49273644749604223	0.5	0.5	0.46277098589569166	0.5	0.51313618892148	0.5	0.5	0.5104786873476891	0.5141918621272406	0.4656877914965341	0.5	0.5	0.5	0.5	0.5	0.48478812732460036	0.48930445878140216	0.5
TSs378	0	0.4972019608553203	0.014245212451389575	1	0.5	0.5254096128405004	0.5077353264985313	0.49067096121450543	0.5	0.48967975600119695	0.5	0.5	0.45186040261480787	0.5	0.5104786873476891	0.47797917259968115	0.49389556245756255	0.5	0.5070252767505267	0.5	0.5	0.5	0.5	0.48930445878140216	0.5
TSs111	0	0.4959229798759856	0.013849668230478897	1	0.5	0.5	0.5077353264985313	0.5	0.5	0.48967975600119695	0.5	0.5	0.45186040261480787	0.5	0.5	0.5141918621272406	0.4656877914965341	0.5	0.5	0.5	0.5	0.5	0.5	0.48930445878140216	0.5
TSs56	0	0.4963101656605168	0.012628559127608987	1	0.5	0.5	0.49273644749604223	0.5	0.5	0.46277098589569166	0.5134380371327808	0.5	0.5	0.5	0.5104786873476891	0.4847616283096677	0.4656877914965341	0.5	0.5070252767505267	0.5	0.5	0.5	0.5	0.48930445878140216	0.5
TSs3A	0	0.49888077057706753	0.01335518850899272	1	0.5	0.5	0.49273644749604223	0.5	0.5	0.48967975600119695	0.5134380371327808	0.5163042467308219	0.45186040261480787	0.5	0.5104786873476891	0.5141918621272406	0.49389556245756255	0.50557722844653	0.5	0.5	0.5	0.5	0.5	0.4894531811866786	0.5
TSs95	0	0.4956432832706823	0.011669975554668227	1	0.5	0.5	0.49273644749604223	0.5	0.5	0.48967975600119695	0.5	0.5	0.45186040261480787	0.5	0.5104786873476891	0.4847616283096677	0.49389556245756255	0.5	0.5	0.5	0.5	0.5	0.5	0.4894531811866786	0.5
TSs2	0	0.5001862405671959	0.006497061526140545	1	0.5	0.5	0.49273644749604223	0.5	0.5	0.48967975600119695	0.5134380371327808	0.5	0.5	0.5	0.5104786873476891	0.5141918621272406	0.49389556245756255	0.5	0.5	0.5	0.5	0.5	0.5	0.48930445878140216	0.5
TSs44C	0	0.496586610429384	0.012458391463848853	1	0.5	0.5	0.49273644749604223	0.5	0.5	0.48967975600119695	0.5134380371327808	0.5	0.45186040261480787	0.5	0.5104786873476891	0.4847616283096677	0.49389556245756255	0.50557722844653	0.5	0.5	0.5	0.5	0.5	0.48930445878140216	0.5
TSs201	0	0.4968176360153126	0.014189393024944501	1	0.5	0.5254096128405004	0.49273644749604223	0.5	0.5	0.48967975600119695	0.5134380371327808	0.5	0.45186040261480787	0.5	0.5104786873476891	0.4847616283096677	0.49389556245756255	0.5	0.5	0.5	0.5	0.5	0.48478812732460036	0.48930445878140216	0.5
TSs217	0	0.49531736270039833	0.011897863948211303	1	0.5	0.5	0.49273644749604223	0.49067096121450543	0.5	0.48967975600119695	0.5134380371327808	0.5	0.45186040261480787	0.5	0.5	0.4847616283096677	0.49389556245756255	0.5	0.5	0.5	0.5	0.5	0.5	0.48930445878140216	0.5
TSs168	0	0.49694212443170277	0.01189634710986139	1	0.5	0.5	0.49273644749604223	0.5	0.5	0.48967975600119695	0.5	0.5	0.45186040261480787	0.5	0.5	0.5141918621272406	0.49389556245756255	0.5	0.5070252767505267	0.5	0.5	0.5	0.5	0.4894531811866786	0.5
TSs98	0	0.4977792606979361	0.012610574609066496	1	0.5	0.5	0.49273644749604223	0.5	0.5	0.48967975600119695	0.5134380371327808	0.5	0.45186040261480787	0.5	0.5104786873476891	0.5141918621272406	0.49389556245756255	0.5	0.5	0.5	0.5	0.5	0.5	0.48930445878140216	0.5
TSs116	0	0.4977792606979361	0.012610574609066496	1	0.5	0.5	0.49273644749604223	0.5	0.5	0.48967975600119695	0.5134380371327808	0.5	0.45186040261480787	0.5	0.5104786873476891	0.5141918621272406	0.49389556245756255	0.5	0.5	0.5	0.5	0.5	0.5	0.48930445878140216	0.5
TSs53	0	0.4967888743912769	0.01233552941076079	1	0.5	0.5	0.49273644749604223	0.49067096121450543	0.5	0.48967975600119695	0.5134380371327808	0.5	0.45186040261480787	0.5	0.5	0.5141918621272406	0.49389556245756255	0.5	0.5	0.5	0.5	0.5	0.5	0.48930445878140216	0.5
TSs63A	1	0.4970092183347295	0.014686333050177719	1	0.5	0.5254096128405004	0.5077353264985313	0.49067096121450543	0.5	0.46277098589569166	0.5	0.5163042467308219	0.5	0.5	0.5	0.4847616283096677	0.4656877914965341	0.50557722844653	0.5070252767505267	0.5	0.5	0.5	0.48478812732460036	0.4894531811866786	0.5
TSs158	0	0.4964338221926609	0.01477066523875731	1	0.5	0.5	0.49273644749604223	0.5	0.5	0.46277098589569166	0.5134380371327808	0.5	0.45186040261480787	0.5	0.5104786873476891	0.5141918621272406	0.49389556245756255	0.5	0.5	0.5	0.5	0.5	0.5	0.48930445878140216	0.5
TSs269	0	0.49701866706416614	0.012924422123307279	1	0.5	0.5	0.49273644749604223	0.5	0.5	0.48967975600119695	0.5134380371327808	0.5	0.45186040261480787	0.5	0.5104786873476891	0.5141918621272406	0.49389556245756255	0.5	0.5	0.5	0.5	0.5	0.48478812732460036	0.48930445878140216	0.5
TSs317	0	0.4998649536765023	0.014566094452482659	1	0.5	0.5254096128405004	0.49273644749604223	0.5	0.5	0.48967975600119695	0.5134380371327808	0.5163042467308219	0.45186040261480787	0.5	0.5104786873476891	0.5141918621272406	0.49389556245756255	0.5	0.5	0.5	0.5	0.5	0.5	0.48930445878140216	0.5
TSs49A	1	0.4971244064364778	0.014464490904145994	1	0.5	0.5254096128405004	0.5077353264985313	0.5	0.5	0.46277098589569166	0.5	0.5163042467308219	0.5	0.5	0.5	0.4847616283096677	0.4656877914965341	0.50557722844653	0.5	0.5	0.5	0.5	0.48478812732460036	0.4894531811866786	0.5
TSs417	1	0.4970092183347295	0.014686333050177719	1	0.5	0.5254096128405004	0.5077353264985313	0.49067096121450543	0.5	0.46277098589569166	0.5	0.5163042467308219	0.5	0.5	0.5	0.4847616283096677	0.4656877914965341	0.50557722844653	0.5070252767505267	0.5	0.5	0.5	0.48478812732460036	0.4894531811866786	0.5
TSs195	0	0.4980655582405264	0.012718084662673379	1	0.5	0.5	0.49273644749604223	0.5	0.5	0.48967975600119695	0.5134380371327808	0.5	0.45186040261480787	0.5	0.5104786873476891	0.5141918621272406	0.49389556245756255	0.50557722844653	0.5	0.5	0.5	0.5	0.5	0.4894531811866786	0.5
TSs371	0	0.4966590128445838	0.012517458417626014	1	0.5	0.5	0.49273644749604223	0.5	0.5	0.48967975600119695	0.5134380371327808	0.5	0.45186040261480787	0.5	0.5104786873476891	0.4847616283096677	0.49389556245756255	0.5	0.5070252767505267	0.5	0.5	0.5	0.5	0.48930445878140216	0.5
TSs23	0	0.49531736270039833	0.011897863948211303	1	0.5	0.5	0.49273644749604223	0.49067096121450543	0.5	0.48967975600119695	0.5134380371327808	0.5	0.45186040261480787	0.5	0.5	0.4847616283096677	0.49389556245756255	0.5	0.5	0.5	0.5	0.5	0.5	0.48930445878140216	0.5
TSs51	0	0.4977792606979361	0.012610574609066496	1	0.5	0.5	0.49273644749604223	0.5	0.5	0.48967975600119695	0.5134380371327808	0.5	0.45186040261480787	0.5	0.5104786873476891	0.5141918621272406	0.49389556245756255	0.5	0.5	0.5	0.5	0.5	0.5	0.48930445878140216	0.5
TSs59B	0	0.4977792606979361	0.012610574609066496	1	0.5	0.5	0.49273644749604223	0.5	0.5	0.48967975600119695	0.5134380371327808	0.5	0.45186040261480787	0.5	0.5104786873476891	0.5141918621272406	0.49389556245756255	0.5	0.5	0.5	0.5	0.5	0.5	0.48930445878140216	0.5
TSs365	0	0.4968200561323878	0.01229873019613443	1	0.5	0.5	0.5077353264985313	0.5	0.5	0.48967975600119695	0.5134380371327808	0.5	0.45186040261480787	0.5	0.5	0.4847616283096677	0.49389556245756255	0.50557722844653	0.5	0.5	0.5	0.5	0.5	0.4894531811866786	0.5
TSs224	0	0.5000242257188118	0.008882789353569018	1	0.5	0.5254096128405004	0.49273644749604223	0.5	0.5	0.48967975600119695	0.5	0.5	0.5	0.5	0.5104786873476891	0.5141918621272406	0.49389556245756255	0.5	0.5	0.5	0.5	0.5	0.48478812732460036	0.48930445878140216	0.5
TSs325	0	0.5005587465853092	0.007716295667917408	1	0.5	0.5	0.5077353264985313	0.5	0.5	0.48967975600119695	0.5134380371327808	0.5163042467308219	0.5	0.5	0.5104786873476891	0.4847616283096677	0.49389556245756255	0.50557722844653	0.5	0.5	0.5	0.5	0.5	0.48930445878140216	0.5
TSs119A	0	0.49631667649570277	0.013410486482615403	1	0.5	0.5	0.5077353264985313	0.5	0.5	0.48967975600119695	0.5134380371327808	0.5	0.45186040261480787	0.5	0.5104786873476891	0.47797917259968115	0.49389556245756255	0.5	0.5070252767505267	0.5	0.5	0.5	0.48478812732460036	0.4894531811866786	0.5
TSs166	0	0.4962611201684002	0.014714554589139233	1	0.5	0.5	0.49273644749604223	0.49067096121450543	0.5	0.48967975600119695	0.5134380371327808	0.5	0.45186040261480787	0.5	0.5104786873476891	0.5141918621272406	0.4656877914965341	0.5	0.5070252767505267	0.5	0.5	0.5	0.5	0.4894531811866786	0.5
TSs297	1	0.4970092183347295	0.014686333050177719	1	0.5	0.5254096128405004	0.5077353264985313	0.49067096121450543	0.5	0.46277098589569166	0.5	0.5163042467308219	0.5	0.5	0.5	0.4847616283096677	0.4656877914965341	0.50557722844653	0.5070252767505267	0.5	0.5	0.5	0.48478812732460036	0.4894531811866786	0.5
TSs338	0	0.498877965045327	0.013484679741317718	1	0.5	0.5	0.5077353264985313	0.49067096121450543	0.5	0.48967975600119695	0.5134380371327808	0.5163042467308219	0.45186040261480787	0.5	0.5104786873476891	0.5141918621272406	0.49389556245756255	0.5	0.5	0.5	0.5	0.5	0.5	0.48930445878140216	0.5
TSs293	0	0.4946464613935354	0.016369367653587652	1	0.5	0.5	0.49273644749604223	0.5	0.5	0.46013299977536953	0.5134380371327808	0.5	0.45186040261480787	0.5	0.5	0.5141918621272406	0.4656877914965341	0.50557722844653	0.5	0.5	0.5	0.5	0.5	0.48930445878140216	0.5
TSs24	0	0.4956829229341162	0.015345366315369608	1	0.5	0.5254096128405004	0.49273644749604223	0.5	0.5	0.48967975600119695	0.5	0.5	0.45186040261480787	0.5	0.5	0.5141918621272406	0.4656877914965341	0.5	0.5	0.5	0.5	0.5	0.48478812732460036	0.48930445878140216	0.5
TSs334	1	0.4968659078548273	0.014500955320933174	1	0.5	0.5254096128405004	0.5077353264985313	0.49067096121450543	0.5	0.46277098589569166	0.5134380371327808	0.5	0.5	0.5	0.5	0.4847616283096677	0.4656877914965341	0.50557722844653	0.5070252767505267	0.5	0.5	0.5	0.48478812732460036	0.4894531811866786	0.5
TSs1A	1	0.4970092183347295	0.014686333050177719	1	0.5	0.5254096128405004	0.5077353264985313	0.49067096121450543	0.5	0.46277098589569166	0.5	0.5163042467308219	0.5	0.5	0.5	0.4847616283096677	0.4656877914965341	0.50557722844653	0.5070252767505267	0.5	0.5	0.5	0.48478812732460036	0.4894531811866786	0.5
TSs266	0	0.5001862405671959	0.006497061526140545	1	0.5	0.5	0.49273644749604223	0.5	0.5	0.48967975600119695	0.5134380371327808	0.5	0.5	0.5	0.5104786873476891	0.5141918621272406	0.49389556245756255	0.5	0.5	0.5	0.5	0.5	0.5	0.48930445878140216	0.5
TSs277	0	0.49710735884129714	0.012079148211861028	1	0.5	0.5	0.49273644749604223	0.5	0.5	0.48967975600119695	0.5	0.5	0.45186040261480787	0.5	0.5104786873476891	0.5141918621272406	0.49389556245756255	0.5	0.5	0.5	0.5	0.5	0.5	0.48930445878140216	0.5
TSs60B	1	0.4970092183347295	0.014686333050177719	1	0.5	0.5254096128405004	0.5077353264985313	0.49067096121450543	0.5	0.46277098589569166	0.5	0.5163042467308219	0.5	0.5	0.5	0.4847616283096677	0.4656877914965341	0.50557722844653	0.5070252767505267	0.5	0.5	0.5	0.48478812732460036	0.4894531811866786	0.5
TSs303	0	0.49904974133996116	0.014044529751144706	1	0.5	0.5254096128405004	0.49273644749604223	0.5	0.5	0.48967975600119695	0.5134380371327808	0.5	0.45186040261480787	0.5	0.5104786873476891	0.5141918621272406	0.49389556245756255	0.5	0.5	0.5	0.5	0.5	0.5	0.48930445878140216	0.5
TSs120	0	0.49561571463637855	0.014696947580504433	1	0.5	0.5	0.49273644749604223	0.5	0.5	0.48967975600119695	0.5134380371327808	0.5	0.45186040261480787	0.5	0.5104786873476891	0.5141918621272406	0.4656877914965341	0.5	0.5	0.5	0.5	0.5	0.48478812732460036	0.4894531811866786	0.5
TSs132	0	0.4977792606979361	0.012610574609066496	1	0.5	0.5	0.49273644749604223	0.5	0.5	0.48967975600119695	0.5134380371327808	0.5	0.45186040261480787	0.5	0.5104786873476891	0.5141918621272406	0.49389556245756255	0.5	0.5	0.5	0.5	0.5	0.5	0.48930445878140216	0.5
TSs78	0	0.4963467652075272	0.012363010721146166	1	0.5	0.5	0.49273644749604223	0.5	0.5	0.48967975600119695	0.5	0.5	0.45186040261480787	0.5	0.5104786873476891	0.5141918621272406	0.49389556245756255	0.5	0.5	0.5	0.5	0.5	0.48478812732460036	0.48930445878140216	0.5
TSs61	0	0.5001862405671959	0.006497061526140545	1	0.5	0.5	0.49273644749604223	0.5	0.5	0.48967975600119695	0.5134380371327808	0.5	0.5	0.5	0.5104786873476891	0.5141918621272406	0.49389556245756255	0.5	0.5	0.5	0.5	0.5	0.5	0.48930445878140216	0.5
TSs60	1	0.4977792606979361	0.012610574609066496	1	0.5	0.5	0.49273644749604223	0.5	0.5	0.48967975600119695	0.5134380371327808	0.5	0.45186040261480787	0.5	0.5104786873476891	0.5141918621272406	0.49389556245756255	0.5	0.5	0.5	0.5	0.5	0.5	0.48930445878140216	0.5
TSs274	0	0.49859447303447724	0.013271372532127634	1	0.5	0.5	0.49273644749604223	0.5	0.5	0.48967975600119695	0.5134380371327808	0.5163042467308219	0.45186040261480787	0.5	0.5104786873476891	0.5141918621272406	0.49389556245756255	0.5	0.5	0.5	0.5	0.5	0.5	0.48930445878140216	0.5
TSs10A	0	0.4977792606979361	0.012610574609066496	1	0.5	0.5	0.49273644749604223	0.5	0.5	0.48967975600119695	0.5134380371327808	0.5	0.45186040261480787	0.5	0.5104786873476891	0.5141918621272406	0.49389556245756255	0.5	0.5	0.5	0.5	0.5	0.5	0.48930445878140216	0.5
TSs96	0	0.49939850173722755	0.014710201894966737	1	0.5	0.5254096128405004	0.49273644749604223	0.49067096121450543	0.5	0.48967975600119695	0.5134380371327808	0.5163042467308219	0.45186040261480787	0.5	0.5104786873476891	0.5141918621272406	0.49389556245756255	0.5	0.5	0.5	0.5	0.5	0.5	0.48930445878140216	0.5
TSs282	0	0.4977792606979361	0.012610574609066496	1	0.5	0.5	0.49273644749604223	0.5	0.5	0.48967975600119695	0.5134380371327808	0.5	0.45186040261480787	0.5	0.5104786873476891	0.5141918621272406	0.49389556245756255	0.5	0.5	0.5	0.5	0.5	0.5	0.48930445878140216	0.5
TSs56A	0	0.4977792606979361	0.012610574609066496	1	0.5	0.5	0.49273644749604223	0.5	0.5	0.48967975600119695	0.5134380371327808	0.5	0.45186040261480787	0.5	0.5104786873476891	0.5141918621272406	0.49389556245756255	0.5	0.5	0.5	0.5	0.5	0.5	0.48930445878140216	0.5
TSs296	0	0.4981280210952025	0.013382848870891039	1	0.5	0.5	0.49273644749604223	0.49067096121450543	0.5	0.48967975600119695	0.5134380371327808	0.5163042467308219	0.45186040261480787	0.5	0.5104786873476891	0.5141918621272406	0.49389556245756255	0.5	0.5	0.5	0.5	0.5	0.5	0.48930445878140216	0.5
TSs33	1	0.4964292057823765	0.014570463166755044	1	0.5	0.5220245763602924	0.5077353264985313	0.49067096121450543	0.5	0.46013299977536953	0.5	0.5163042467308219	0.5	0.5	0.5	0.4847616283096677	0.4656877914965341	0.5	0.5070252767505267	0.5	0.5	0.5	0.48478812732460036	0.4894531811866786	0.5
TSs311	0	0.4953808861303116	0.015182495598881632	1	0.5	0.5	0.49273644749604223	0.5	0.5	0.48967975600119695	0.5134380371327808	0.5163042467308219	0.45186040261480787	0.5	0.5104786873476891	0.47797917259968115	0.4656877914965341	0.5	0.5	0.5	0.5	0.5	0.5	0.4894531811866786	0.5
TSs68	0	0.49520803258778817	0.012928525852904207	1	0.5	0.5	0.49273644749604223	0.5	0.5	0.48967975600119695	0.5134380371327808	0.5	0.45186040261480787	0.5	0.5104786873476891	0.47797917259968115	0.49389556245756255	0.5	0.5	0.5	0.5	0.5	0.48478812732460036	0.48930445878140216	0.5
TSs104	0	0.49803700089926534	0.010331200040694825	1	0.5	0.5	0.49273644749604223	0.5	0.5	0.46013299977536953	0.5	0.5	0.5	0.5	0.5104786873476891	0.5141918621272406	0.49389556245756255	0.5	0.5	0.5	0.5	0.5	0.5	0.48930445878140216	0.5
TSs58	0	0.4967866684778538	0.015386533330063921	1	0.5	0.5	0.5	0.4847881273246004	0.5	0.48967975600119695	0.5134380371327808	0.5163042467308219	0.45186040261480787	0.5	0.5104786873476891	0.5141918621272406	0.4656877914965341	0.5	0.5	0.5	0.5	0.5	0.5	0.48930445878140216	0.5
TSs358	1	0.46887021374474686	0.019461745608149127	1	0.47155754634628927	0.4866829465989703	0.4727967016211662	0.4552378623825304	0.4686571229394489	0.4240549459114875	0.4715575463462892	0.4844160537411707	0.4686571229394489	0.4757565658534729	0.5	0.44293004357571336	0.4244600297262376	0.47155754634628927	0.47314921888617095	0.47155754634628927	0.46796757365775066	0.46796757365775066	0.48478812732460036	0.4894531811866786	0.4757565658534729
TSs82	0	0.4987537450767868	0.006579374764847586	1	0.5	0.5	0.49273644749604223	0.4847881273246004	0.5	0.48967975600119695	0.5	0.5	0.5	0.5	0.5104786873476891	0.5141918621272406	0.49389556245756255	0.5	0.5	0.5	0.5	0.5	0.5	0.48930445878140216	0.5
TSs15	0	0.4974031517046593	0.01614607451329136	1	0.5	0.5220245763602924	0.49273644749604223	0.5	0.5	0.46013299977536953	0.5134380371327808	0.5	0.45186040261480787	0.5	0.5104786873476891	0.5141918621272406	0.49389556245756255	0.5	0.5	0.5	0.5	0.5	0.5	0.48930445878140216	0.5
TSs3	0	0.49648345649151554	0.015567588357153102	1	0.5	0.5	0.5	0.5	0.5	0.48967975600119695	0.5134380371327808	0.51313618892148	0.45186040261480787	0.5	0.5	0.5141918621272406	0.45805842425140014	0.5	0.5	0.5	0.5	0.5	0.5	0.48930445878140216	0.5
TSs4	1	0.4977792606979361	0.012610574609066496	1	0.5	0.5	0.49273644749604223	0.5	0.5	0.48967975600119695	0.5134380371327808	0.5	0.45186040261480787	0.5	0.5104786873476891	0.5141918621272406	0.49389556245756255	0.5	0.5	0.5	0.5	0.5	0.5	0.48930445878140216	0.5
TSs331	1	0.4959953776984965	0.01310174557917732	1	0.5	0.5220245763602924	0.5	0.4847881273246004	0.5	0.48967975600119695	0.5	0.51313618892148	0.5	0.5	0.5	0.47797917259968115	0.45805842425140014	0.5	0.5	0.5	0.5	0.5	0.48478812732460036	0.4894531811866786	0.5
TSs314B	0	0.5001862405671959	0.006497061526140545	1	0.5	0.5	0.49273644749604223	0.5	0.5	0.48967975600119695	0.5134380371327808	0.5	0.5	0.5	0.5104786873476891	0.5141918621272406	0.49389556245756255	0.5	0.5	0.5	0.5	0.5	0.5	0.48930445878140216	0.5
TSs333	0	0.4952117177432931	0.015571223923872057	1	0.5	0.5	0.49273644749604223	0.4847881273246004	0.5	0.48967975600119695	0.5	0.51313618892148	0.45186040261480787	0.5	0.5104786873476891	0.5141918621272406	0.45805842425140014	0.5	0.5	0.5	0.5	0.5	0.5	0.48930445878140216	0.5
TSs7	0	0.5012874693852104	0.008126138746063842	1	0.5	0.5220245763602924	0.49273644749604223	0.5	0.5	0.48967975600119695	0.5134380371327808	0.5	0.5	0.5	0.5104786873476891	0.5141918621272406	0.49389556245756255	0.5	0.5	0.5	0.5	0.5	0.5	0.48930445878140216	0.5
TSs38	0	0.4969848484179467	0.017089840378723974	1	0.5	0.5220245763602924	0.49273644749604223	0.5	0.5	0.48967975600119695	0.5134380371327808	0.51313618892148	0.45186040261480787	0.5	0.5104786873476891	0.5141918621272406	0.45805842425140014	0.5	0.5	0.5	0.5	0.5	0.48478812732460036	0.48930445878140216	0.5
TSs10	1	0.4934168110691906	0.013979721741928448	1	0.5	0.5	0.5	0.4847881273246004	0.5	0.46013299977536953	0.5	0.51313618892148	0.5	0.5	0.5	0.47797917259968115	0.45805842425140014	0.5	0.5	0.5	0.5	0.5	0.48478812732460036	0.4894531811866786	0.5
TSs48	0	0.5005494181923937	0.006257297508179987	1	0.5	0.5	0.5	0.5	0.5	0.48967975600119695	0.5134380371327808	0.5	0.5	0.5	0.5104786873476891	0.5141918621272406	0.49389556245756255	0.5	0.5	0.5	0.5	0.5	0.5	0.48930445878140216	0.5
