ID	ID	Class	Mean	stdev	Predicted_0.03	Median	score_0	score_1	score_2	score_3	score_4	score_5	score_6	score_7	score_8	score_9	score_10	score_11	score_12	score_13	score_14	score_15	score_16	score_17	score_18	score_19
TSs156A	0	0.7944282737536312	0.2636378619692748	1	0.9069931761499213	0.9844501750473853	0.9731128474833436	0.7297889407021756	0.9008509994841397	0.9647244718103243	0.9869492643051075	0.5553931748454193	0.37108646899607867	0.23437548641060532	0.6656065740216562	0.9528135672765723	0.9818985263094727	0.9479452138462091	0.8491837626907034	0.14686033052463363	0.8773579293638301	0.9092368223257536	0.9047495299740888	0.9744772747883834	0.97770411486674
TSs361	1	0.9793681409488656	0.047070153972274854	1	0.9912509129205496	0.9923857225357887	0.9914139334604722	0.7806452838868875	0.987329738576558	0.9908761272511983	0.9937912346804673	0.9907626674134642	0.9845557105651933	0.9942501954824843	0.975820805109169	0.9916067658027753	0.9967444401385774	0.9956647756671636	0.9874517434736402	0.9941258069680114	0.9797805048706123	0.9846732139124493	0.9929355038886072	0.9910878923806269	0.9914607529131653
TSs368	1	0.83783893612128	0.09139977474475809	1	0.8482217970778612	0.7932992120418595	0.9052354590808873	0.9249548808428648	0.9458452786546044	0.8147067706018994	0.6875319504198277	0.9015508020268259	0.9460444176492364	0.8889166432830047	0.8007458104031189	0.9160152407903875	0.664821609079851	0.7471182763906989	0.8384069128181992	0.852078492744738	0.8193545898546488	0.8443651014109842	0.9001231170243446	0.9156272755531335	0.6500368817544836
TSs49	0	0.8372896615195641	0.15921709554648247	1	0.8852270221559184	0.8553549606514808	0.8970425705144036	0.8693673405014063	0.9441206340236487	0.910175716398769	0.43069086169693044	0.918955624288929	0.955079417213093	0.9183231198480597	0.863859672997854	0.7736752340739778	0.9159173925485913	0.870139849546269	0.9375164580331741	0.3756721163088443	0.7735820248474163	0.7804567970270759	0.8734114737974333	0.9079203996355031	0.9745315664384239
TSs138B	0	0.6435903522181439	0.2291685614124643	1	0.6565257116670775	0.8531164806520587	0.6524745167179231	0.860050692983242	0.06565162017601793	0.8586462709487267	0.9535487481535607	0.644681474265283	0.2561603860668575	0.9670922349043456	0.5061402805567418	0.773763337689943	0.653594023703819	0.6594573996303361	0.7053452784724255	0.44486342097623466	0.4948544442432968	0.8337904428068007	0.5173270193661386	0.49769923891404483	0.6735497331350809
TSs22B	0	0.8038667692656294	0.25121923411673686	1	0.907286909900962	0.9670981815809059	0.4057706273903827	0.9649879470091508	0.8221387546245678	0.8996837438471913	0.26843644413400075	0.6229313083371865	0.9952929717366324	0.7136420633171086	0.9704139037182653	0.9091677890179709	0.9487705700527926	0.880086341364001	0.13771179013073243	0.9686229910679678	0.8499442493739108	0.9426173735055815	0.9840074014544558	0.9054060307839529	0.9206049028658299
TSs287	1	0.1511631481013826	0.08254892473340644	1	0.15060152816009031	0.32145622864434537	0.02487966197341102	0.19596461185778202	0.10375904064393388	0.10342419489360885	0.09553741395242177	0.14269262449313028	0.36883389211960416	0.10898984860691935	0.15120840452351547	0.04327305972292203	0.14999465179666513	0.16297510292704245	0.10304312925178874	0.16312841024863625	0.2096987006468555	0.18483975848663076	0.15203889876302756	0.06994800016615853	0.16757732830925323
TSs383	0	0.16778219155944116	0.11044372502345527	1	0.15625966357479312	0.09642435201733564	0.16839700535710772	0.07389588721660718	0.06595375917884086	0.14412232179247852	0.25414227256162814	0.06520236493130337	0.06596691167088332	0.22945625174550197	0.42019043574931175	0.05041637142782361	0.0309800031083948	0.2337219445994212	0.2454126241995726	0.3305453349954833	0.32435304650374835	0.11716524864221006	0.19360868291280012	0.052403640224414606	0.19328537235395626
TSs314A	0	0.23007499374451953	0.17972652132053052	1	0.214659527646351	0.43509092012215433	0.06660121916753187	0.032328312203629535	0.4438574273979673	0.03429557684927264	0.06289182152878794	0.33569330611353637	0.7360781662260457	0.04185929114559718	0.08220182534608882	0.20630362516770226	0.13484288208595482	0.2292215937962904	0.11265437256379654	0.2090747856002944	0.2202442696924076	0.3159066372896183	0.2469285379302263	0.42447404266123534	0.23095126200225358
TSs30	0	0.25513777084720246	0.12847656291883805	1	0.2599496455702671	0.4037242845664098	0.10792888903560545	0.3092627517413209	0.3468258883494226	0.24530569203431915	0.26702831838077695	0.14676257557570108	0.1272140895383639	0.3383111036903478	0.11216783678952609	0.31014953831117403	0.17918339628730345	0.5615522836382435	0.16176564664350765	0.3829012922258224	0.3936037235488368	0.25287097275975723	0.09642778239854834	0.08137626836299341	0.27839308306606986
TSs291	0	0.6413548579053417	0.2498530149903405	1	0.6122324028995696	0.37682938255758264	0.9872673532575982	0.8898364797918242	0.4631210172851331	0.6246294257579573	0.3305763231166546	0.36538768641689334	0.592240297829899	0.6286150521279871	0.4970707735221583	0.9686777174618363	0.8376626211400852	0.8192151246936871	0.9442115558493527	0.8693028493702291	0.9911543816958145	0.3132687794934652	0.599835380041182	0.3708058665689051	0.3573890901285926
TSs157A	1	0.08494900291659914	0.12076574176116421	1	0.03845250018227237	0.5087006001784198	0.02732716446670339	0.007950282404615414	0.15444220422383312	0.007418838551518631	0.023056900879240876	0.02747301610616208	0.2058294770499045	0.04701480808911781	0.07241180535338357	0.08033359183181121	0.003325896313359394	0.06947489931684933	0.018755656975095073	0.05121073419877247	0.020195084399152158	0.013875707751082626	0.25604111380909067	0.02989019227542693	0.07425208415844411
TSs27	0	0.433972290463712	0.17789788354338404	1	0.4193849682450329	0.6853179657717732	0.34367978157567386	0.3958253758059947	0.2397385208761042	0.4763378682510555	0.2794184549028522	0.7026755490674188	0.48887679602508594	0.711484001890041	0.30107996799924147	0.4874413702795364	0.1736322583583006	0.5680623004724238	0.13412329739880344	0.5622615539654895	0.4429445606840711	0.28647328984219944	0.38481713629841435	0.3271579103798839	0.6880978494298781
TSs363	0	0.6767183995379247	0.26526385291283766	1	0.7356213097166135	0.952809954832198	0.11035458098754963	0.409513866579975	0.021020720573006486	0.9319769322368004	0.9584854927133514	0.7686428936895757	0.4579734857793885	0.8607066176341907	0.622890942445598	0.7985982340211031	0.5783429754025277	0.5848578683279881	0.6386525278894096	0.976690773130208	0.7036603798703572	0.9148209407328461	0.7675822395628698	0.7791194858986438	0.6976670784509063
TSs9	1	0.4526968700756197	0.22452163958417246	1	0.4227602727211517	0.8283006952629081	0.4767633161039587	0.7189605402079321	0.24953472854269895	0.49474437078672806	0.32650397980818313	0.16268579575919143	0.7879515570557083	0.42372440787740406	0.5567660479705624	0.4140113178474616	0.4524020640527974	0.9363379517619983	0.17191216767704362	0.14303002313362226	0.5416857642414146	0.42179613756489936	0.32727501508042944	0.3451297565390841	0.27442176423836906
TSs133	0	0.7859065172180264	0.22617984963273374	1	0.8704499112177093	0.9085831043585878	0.5659627692251785	0.9353836114920356	0.15730179099858516	0.9537334518329172	0.9964179644431205	0.5761745871533637	0.6719844136244201	0.8561077111448132	0.36782373780607197	0.9291211859737393	0.9027319833161753	0.8187595189235464	0.7026590419375632	0.9815677613088416	0.8674571452443162	0.9862618391189897	0.6875463152705178	0.8734426771911026	0.9791097339966448
TSs155	0	0.8134058054432358	0.17147618037656212	1	0.8625163678423492	0.8843447396441546	0.7018208493107482	0.9680206785844508	0.6064117697719896	0.9677558205194432	0.9662553930105093	0.8191861061677757	0.37920998989911064	0.8928064837524878	0.8275127257769449	0.9441054479639505	0.8933263190183793	0.9660532954586476	0.8406879960405438	0.7448055735743155	0.9403636931816599	0.7291819987297617	0.826651636996528	0.4363039376655582	0.9333116537977562
TSs209	0	0.4866391114840013	0.2248984077267133	1	0.4548815131972308	0.3387018282511299	0.41973047973217126	0.08978597651404109	0.6925937398179762	0.1806493488011457	0.3277400163740693	0.8079159044275627	0.42754796932758304	0.7119803091133743	0.48221505706687856	0.3403466383582248	0.4828984839262242	0.3066235035827129	0.8329074654704961	0.6700151553800036	0.7547505437277062	0.5739697220754096	0.7568711228057037	0.2313411835145893	0.30419778141302517
TSs136	0	0.7705885939017949	0.23389596352696002	1	0.8320513842441211	0.8037275276481024	0.9227851577016498	0.9091797002547455	0.8297035322627635	0.7700011475085397	0.9539782937694268	0.8536472804468834	0.9777034311715189	0.6208536795977306	0.8343992362254787	0.9448371752206475	0.7864091970538106	0.7370935774084365	0.9395201631497487	0.885381526725075	0.19292012803431993	0.8661733788023206	0.8161317527726623	0.6706916507980184	0.09663434148402023
TSs22A	1	0.39961634539954843	0.33771368610775604	1	0.32653690452774575	0.35539834466938774	0.15676982811093196	0.8238348100692855	0.7903554396044343	0.16289856303114197	0.05013042640331197	0.1536765634085619	0.9843795321566472	0.04342752185408706	0.6762170232247946	0.04358411583449334	0.7356630032694308	0.9362525640643161	0.0729360429572038	0.30701216470083004	0.12163157472334299	0.052192318156491696	0.3460616443546614	0.3987193562739746	0.7811860711236391
TSs357	0	0.7957973070995839	0.10472945363682554	1	0.8171135097846651	0.7860196014112497	0.7697428754456174	0.6012218955475438	0.8892499146498205	0.852270452691814	0.936947495213711	0.8004811642486775	0.6558478080745623	0.9201207668429522	0.8984002792511201	0.727833001590016	0.7196402950910064	0.8595847152585689	0.8791441992707157	0.5914917456869934	0.8766237810231248	0.7552178905486155	0.6834491473902796	0.8337458553206528	0.8789132574346366
TSs161	0	0.2981093397963459	0.18163827895460052	1	0.25346262127936364	0.3807552324591885	0.6625040603019433	0.20983157764044003	0.31415605411303876	0.08215765139824485	0.14468006461918184	0.14512308467272025	0.3097794350260568	0.42779653188208755	0.034068170892452045	0.23746766161262683	0.22740338544180583	0.3865032436112395	0.2162137366160394	0.1681341901926122	0.7583729522273511	0.21881286581933693	0.2727352828036491	0.49623403365080343	0.26945758094610045
TSs11	0	0.2373994645526038	0.15561277098751367	1	0.20492909504625773	0.3047786317348944	0.026793794665403388	0.23704543253226307	0.3757737869089978	0.21066530724916535	0.123319926338182	0.020418451168763164	0.3326957014652138	0.07243065892605109	0.3530319595802107	0.06866070437300058	0.3420979357306565	0.15486785182696824	0.16777413820181122	0.3549203032868431	0.6039206100435001	0.127797815110516	0.49314716343900583	0.17865623562727967	0.19919288284335013
TSs5A	1	0.20541515269362912	0.13000454244297024	1	0.18004237625859265	0.3133095022963709	0.17666624550883206	0.18341850700835327	0.034362802025064434	0.17288973445545586	0.21746298646169968	0.23210547668257384	0.4714819839038435	0.3330087223357158	0.30875841854488123	0.26520500643755907	0.15519440889332436	0.4843206295372102	0.16970971886036829	0.028218405077018432	0.0808951976023378	0.0997726170966381	0.04885197269145793	0.23135159308376266	0.10131912537011473
TSs131	0	0.43113559764408277	0.15562587463216238	1	0.41567374128520956	0.29129119150538485	0.690711015534857	0.2064806858854999	0.5201394275783269	0.47682510305124	0.7147599911004903	0.5107901272283485	0.37825930234320726	0.15654914596602984	0.38209684562498464	0.43141791782075056	0.3653588923209012	0.32295744052176356	0.433451489377217	0.5844223643183957	0.6504681198225276	0.21824501643555397	0.36982097060664015	0.518737341089868	0.39992956474966856
TSs294	0	0.40524423520860725	0.1703439954752526	1	0.4052650459730248	0.4383752708514644	0.5443036753464681	0.6164081943039074	0.4479866732820128	0.23037929114392502	0.6762620671067177	0.4755644435599048	0.24030423357647682	0.7304668514560185	0.5172213415454987	0.17818639435650568	0.4827626177187906	0.5628650087945101	0.3721548210945852	0.1531089121476869	0.32759035450178187	0.3330684239098465	0.2639425139310422	0.19479318759340122	0.31914042795159964
TSs378	0	0.2135733842652625	0.10466441364955159	1	0.22770432056758183	0.265137745590217	0.13515181299535425	0.08333511236727588	0.23269624862008345	0.2870744135364988	0.3068016774151158	0.26403235757507565	0.4670546859306858	0.29150440663175153	0.18718790892270296	0.09615082532804556	0.2154268106930207	0.20503994007997936	0.2642903124081091	0.2117992095305022	0.02077636707511366	0.018429720160028005	0.22271239251508018	0.24024428497948222	0.2566214529511286
TSs111	0	0.6014360723623311	0.26918980515201585	1	0.6690536749697032	0.8729972853630426	0.6819553823784316	0.5022542875285313	0.4639294759058384	0.9669434000422145	0.9147701194886673	0.20278980838111368	0.4687842737718865	0.6561519675609749	0.4346550366226277	0.9209907690296507	0.14410835837830402	0.7015921684272044	0.8334571949550699	0.08158453228580481	0.8087557631024168	0.32261251850279177	0.790208214006025	0.7426768693154173	0.5175040222006091
TSs56	0	0.7615574584513634	0.13786685291676568	1	0.7822886986619892	0.7638403875718071	0.8408089333968324	0.6553783315743219	0.9282652052899437	0.9062863601828488	0.7086490226412356	0.8007370097521714	0.9480868577826758	0.9015160378520998	0.5954676615405333	0.9068258149677845	0.5902295421234319	0.9063741948095282	0.666291957136509	0.8695061538199595	0.8408548354794542	0.6692629275067585	0.5811401385790326	0.5723634252649867	0.5792643717553497
TSs3A	0	0.3775418118036532	0.25990628565447277	1	0.31696986868562005	0.025460445744866434	0.1433545375386447	0.3691187507936678	0.4534294323827727	0.09150885334806384	0.2807133002632893	0.7652072512635606	0.6851846092473459	0.12661082307777224	0.7846056318549485	0.08480540330636557	0.39474154075678825	0.23965037159911648	0.7077847536816275	0.24465895326361436	0.14651762048901068	0.6107926659593051	0.24570803702904756	0.7977568173653061	0.3532264371079508
TSs95	0	0.5281678175240764	0.2561745870620771	1	0.5175853371759045	0.49535963065269656	0.8112183528477114	0.7497227330120667	0.9735666532740552	0.531336647995735	0.4698442987377272	0.5038340263560739	0.3301619777352503	0.6343417092549056	0.7786167182113262	0.4336330252381704	0.06758615358640319	0.17143235912306642	0.7004452317932971	0.37213593939426043	0.6143711135229122	0.24458529773314044	0.8433871517634272	0.7251234785306854	0.11265385171861673
TSs2	0	0.9176917672093106	0.06431029142718797	1	0.9262623372867494	0.7798336870975463	0.901465522657909	0.9861414083255252	0.9236476016664585	0.9190188034267193	0.9614900543170799	0.9344698199981335	0.9947715694579586	0.8229058617644572	0.9901505208103137	0.8882691428977291	0.9288770729070404	0.993764902562185	0.8491231019665774	0.9430291298483209	0.9615496529174423	0.8006781223536641	0.8921637122266098	0.9043935320167411	0.978092124967797
TSs44C	0	0.6269772667441376	0.25058706611453535	1	0.6909963393944283	0.8686695267309644	0.6350600491167574	0.274710169575768	0.09311821760094895	0.8675622330471222	0.7011810944080671	0.9387831158856031	0.5384981778162128	0.3329460871680898	0.7738704309180199	0.2614032488688725	0.6657637306381498	0.4347268294088618	0.9022038856508162	0.8258429115983282	0.708080276683329	0.8267321868757848	0.3689239430960334	0.6808115843807896	0.840657635414232
TSs201	0	0.35614735670249925	0.20933467109179385	1	0.3067709364153264	0.28262702146227553	0.05433916562276252	0.3558938567951994	0.6149934600737054	0.1520302426068719	0.309635921703328	0.5447620426561043	0.5739877667583468	0.19474047605242428	0.5107627754546165	0.1957858228819175	0.14044434694064126	0.22201522133234966	0.08254124202872165	0.38034787570440415	0.7822625100518608	0.5762918852247505	0.6288950797050558	0.2166844698673232	0.3039059511273248
TSs217	0	0.15563099475713538	0.13570842174794287	1	0.09904969505228324	0.07386895393923679	0.21042631345063537	0.3546798339528198	0.1011500050192768	0.23063600719962427	0.0037402145465843997	0.010050010469389442	0.25472577446732036	0.29336179292170406	0.02079089195736889	0.18252627859335693	0.025618833692427092	0.08316430888540091	0.09694938508528968	0.3374506542490292	0.3843478985399821	0.009214562417761158	0.35789215758866105	0.025722802768598146	0.05630321539824125
TSs168	0	0.3722368559415118	0.280930221307343	1	0.24000676144400104	0.767375685014566	0.08040387775284472	0.7552069481063666	0.16200360369334466	0.17406360760773934	0.45745403889033737	0.880665534296472	0.36677919316392926	0.7067841664765692	0.006830666900174148	0.6103517248919166	0.07753504095526324	0.08501313641501308	0.223815026151486	0.23913461643500217	0.1705301052966381	0.16094070683037798	0.24087890645299992	0.6924967298664072	0.5864738036327847
TSs98	0	0.3365481533052043	0.22080593821460975	1	0.3496389028026251	0.2349869317077407	0.5152997354523751	0.4796642178709787	0.9051947945721062	0.12466456861233677	0.6498566904387985	0.3088281368206258	0.09148415016262514	0.2551493575101832	0.3926915607291589	0.11268153978701591	0.10817392625739715	0.3793977277316289	0.37048656042863864	0.427985962495931	0.564776740384017	0.3593193830459644	0.3399584225592858	0.08688000471523509	0.02348265482204381
TSs116	0	0.5505987674832536	0.20197881972360557	1	0.5033504066268073	0.6660699821627314	0.7407663603577467	0.4696826989347265	0.7314768333479872	0.32984028204461885	0.7820250785731685	0.3674357550444791	0.31064131232179243	0.4163094618891784	0.44399701888840326	0.6397803800642679	0.8168256145994687	0.4294748321361718	0.8196508450319817	0.11590427451690598	0.41674383655715846	0.7161756761918916	0.5171832974333459	0.4895175158202688	0.7924742937487809
TSs53	0	0.7414373203136544	0.20921430230838142	1	0.7763320249120219	0.9530139162386453	0.5531816703556148	0.7203162251023497	0.9049661616036769	0.46111189938117664	0.6307109650106566	0.9532392766905233	0.9093370917454567	0.6996952946626762	0.24474366337157352	0.9025828138361993	0.9602140856039679	0.7459124679201447	0.5082974378732023	0.8067515819038992	0.9179307054570067	0.6083336926558807	0.4953793052637745	0.8989459563936844	0.9540821952029808
TSs63A	1	0.4620689773993066	0.1615709042210159	1	0.4636968546767394	0.5427848911492017	0.33455921351535617	0.616859260838314	0.4547424504148174	0.4598082960350472	0.43954662685802587	0.45942674973378894	0.6996430983389574	0.5913654624378878	0.30630608096327594	0.6170087049471917	0.2195262049348112	0.7448843587989512	0.4675854133184315	0.33009283384136945	0.5757982831103614	0.1466787245942628	0.510634348824035	0.22745711993480722	0.49667142539723524
TSs158	0	0.2698294689909833	0.17192184954055384	1	0.2012836298895638	0.41040251745611855	0.06774790253968166	0.24475627087764482	0.09679090482790992	0.2855425509696518	0.5335684879571619	0.05675565931913669	0.13009508472571923	0.18362994829817342	0.6562699103502744	0.1325725649168701	0.18776382465756988	0.4820640555151832	0.3575938501568013	0.12882413720218683	0.4968476040813885	0.20576055206732685	0.19680670771180075	0.17205925840594286	0.37073758778312405
TSs269	0	0.6150200982656079	0.340658273421297	1	0.7694544864999958	0.8433933371745188	0.15262481788523172	0.40751263091696877	0.9592891372046277	0.047108617777311554	0.06606296020240622	0.16036506602978018	0.9774982165160793	0.9517849798455854	0.5792445393677462	0.3361055890221819	0.8602092833254035	0.8978679792986781	0.25157002155849456	0.8749960574697403	0.5148970698681842	0.8403148152172736	0.698594157782718	0.898738059393936	0.9822246294552913
TSs317	0	0.6161660759493953	0.22458385332463066	1	0.6552272700981076	0.6482997636103079	0.4869761744942418	0.5855224036880199	0.9619875650768553	0.15161679941607317	0.5108844775630343	0.6386993541662997	0.6847368411736537	0.6486012817550497	0.6875174952206003	0.24813650462041162	0.715190476557646	0.8112616778261545	0.8247790972254294	0.18184400998326705	0.6618532584411654	0.7071413620928897	0.8522328537186212	0.8779737899286572	0.43806633242952886
TSs49A	1	0.3820344837300969	0.22562892833413511	1	0.33120639125251045	0.2917600321134847	0.2713161313254269	0.20618522094167674	0.2777015441518085	0.4982687316823812	0.5786701941561674	0.19504463286979629	0.33441904984765214	0.03523200268342137	0.17010346267147672	0.34650220515906266	0.4346290856977203	0.32799373265736875	0.39495309701277365	0.15974340226068784	0.8984181283228846	0.6872656018505012	0.49410020457002957	0.21594417893604057	0.8224390356915766
TSs417	1	0.4236482320236264	0.17132532199923117	1	0.40211083382234847	0.7570623328428678	0.10505107770607525	0.44940615435416037	0.3414202125737192	0.5513423700717732	0.3277082242140397	0.3581278329032639	0.42459720119571853	0.685429806328025	0.3283851374960141	0.37962446644897835	0.5208635925434192	0.5646902010402063	0.3050609497498051	0.5094299399275529	0.3381001391291566	0.34528593287346065	0.4315685561702465	0.09275692504395854	0.6570535878600858
TSs195	0	0.4197926016202363	0.20972006707974047	1	0.4273959581628958	0.41302993379049485	0.4417619825352967	0.5584565058872627	0.24292221116807874	0.1571147577288503	0.920088078051961	0.659533568469368	0.5487291579823013	0.45715713016573284	0.3177141557418293	0.2726776998002952	0.6139547896266716	0.45379519901008963	0.6146124459678112	0.13812296201341856	0.05322447271998594	0.5929406039090229	0.2898735232440309	0.29006678581491097	0.36007606877731374
TSs371	0	0.3386473066750427	0.21394897071472413	1	0.29724458427785044	0.11732710283768304	0.44801817708483155	0.19647483206235847	0.5776615001295216	0.7401752455008677	0.3371430036658505	0.27822406151107953	0.09461164745810116	0.31626510704462135	0.4146257769164189	0.09632521818679717	0.15899727320232634	0.3443460994994222	0.8232190029670766	0.5526613647808396	0.522865443678658	0.21976817126071607	0.16309541077924655	0.22636580008289436	0.14477589485154466
TSs23	0	0.4095222723258238	0.15703962571980123	1	0.4554215058979143	0.5637595814091152	0.14830104390436347	0.480590745558763	0.6369380130658323	0.2216949549871592	0.6614684733795224	0.3333059392970213	0.2607279966892386	0.1827830686756845	0.4832753284103629	0.43025226623706553	0.3801321365772501	0.2824358910707196	0.49515898813271564	0.16685847985925503	0.5792477058826868	0.5118137422672658	0.49162553400845094	0.4884157044501889	0.39165985265381364
TSs51	0	0.5230903890995726	0.21389280569113106	1	0.5512996603006681	0.1746520919171542	0.6676885510276926	0.7399320937858409	0.9193115500576795	0.34294869978516423	0.7302817877999682	0.5451501617049258	0.5574491588964103	0.4888223634434048	0.6469005674584289	0.32078072626847287	0.1879597168363885	0.31904263353143564	0.5599129012750799	0.4762546769397655	0.570294513206998	0.8030537399578873	0.5399976252700348	0.6952775796475317	0.17609664318118795
TSs59B	0	0.7730858910882816	0.1906701574505877	1	0.815282475146669	0.961368402440735	0.6898497961996025	0.9370185932548725	0.5680458071425203	0.775129021545635	0.638900062997037	0.749361911670182	0.9871949275389648	0.9370983258861871	0.8554359287477029	0.8606598851246747	0.916590631416109	0.971520446339605	0.21826313625245855	0.8628501476746273	0.536326016555761	0.6738090851289814	0.7476695463239431	0.6630772319273583	0.911548917598677
TSs365	0	0.4106388594524854	0.2952543980562809	1	0.3204300857044121	0.7935500142653523	0.30811803564705253	0.1065151004085993	0.0348378973146385	0.5846947474606377	0.9777650581995411	0.6082294820143423	0.05502102549715481	0.0900347995957757	0.17759339784420924	0.11329214109781113	0.6633386988382013	0.30089488737350895	0.7398075341471225	0.28675524144769593	0.16858748786214622	0.46625911635560296	0.33274213576177175	0.522136731648456	0.8826036562700871
TSs224	0	0.6207314532779084	0.1803110569468359	1	0.6502229769135699	0.5888528853042341	0.31567413365525215	0.7128146578903796	0.32843417937756497	0.8254901574366748	0.6652185248692678	0.5882666429587767	0.635227428957872	0.5554383400446701	0.6981846364953199	0.6970629881763882	0.7218201133098854	0.47452784343625193	0.8486602204550902	0.24134697904327387	0.8655225300511032	0.7379110756664496	0.474335041122721	0.8344567984972828	0.6053838888097081
TSs325	0	0.44978039453447594	0.19514155781922077	1	0.4430136943884919	0.561440218758681	0.2368249854282086	0.5641889020185071	0.5966656081805455	0.37239446429774703	0.6702430733275726	0.45387011476800104	0.4358978276320308	0.8345412017160654	0.3202532063106942	0.20701643055015592	0.45012956114495306	0.6628144837467234	0.7232868121909076	0.569284495340023	0.10667470083018982	0.37092888447673	0.3494255354107297	0.3181947129734592	0.19153267158759227
TSs119A	0	0.31950624744530187	0.17805760130124249	1	0.34119938321339593	0.36524604567518776	0.10267455860231202	0.36012403059670317	0.3591231562622957	0.0891378627241559	0.7687882466262547	0.3964006501869419	0.39744928735869434	0.34947668369225404	0.13163779814233406	0.28330049395680995	0.648275027191046	0.1819039481398264	0.19332918433501334	0.20984171045904315	0.483976259308714	0.4220625725314664	0.16853580357391507	0.14591954680853206	0.33292208273453777
TSs166	0	0.6106121188131896	0.24048652181590607	1	0.6067557213814322	0.31209662905691676	0.8974200708615587	0.3318454089696129	0.9381334889494611	0.49761964372169115	0.9163759462726822	0.3484749580229076	0.433098554358598	0.5151921796196189	0.7900344438062891	0.6983192631432454	0.4470879528580301	0.2724071031654585	0.7633169012627241	0.5139420344492144	0.7189110594486193	0.8491289006526725	0.9134109625288648	0.7915101571557046	0.26391671795992006
TSs297	1	0.6759103510639157	0.284714177471967	1	0.790346515930152	0.06092134682669856	0.6206984918671399	0.9501015799318301	0.8863463091370747	0.8162102618332089	0.5398210502966921	0.21645678937167553	0.9729918803107138	0.907512296280672	0.919699375905451	0.23932274197932238	0.8716029881890212	0.367052717673634	0.7962648050016643	0.3135869734108127	0.9381753992765762	0.7844282268586398	0.7666979903148793	0.7035241712503001	0.8467916255623092
TSs338	0	0.714536438147977	0.18364418326518828	1	0.7318061306237668	0.7567457733575688	0.7092083456427173	0.6499171429318582	0.6346667461858655	0.17758964285862971	0.9560352541267918	0.7763243569800466	0.7382855380303776	0.8354722698610767	0.8739697506261146	0.7120657782934586	0.7741385552982988	0.7972894959516994	0.6547688651361107	0.3383392585100103	0.9524081977596385	0.8589523381888431	0.6492244260346259	0.725326723217156	0.7200003039686484
TSs293	0	0.6151505654756442	0.2166532107087046	1	0.6416000609076855	0.769067406590214	0.4265982262950302	0.8274897181668127	0.8460691300103101	0.20947202573462614	0.6199035057551971	0.6040870566599884	0.899799101705733	0.7412554666023078	0.8588234217925	0.3183539748383769	0.7236621198172568	0.567092289891884	0.5603109048073768	0.7084620588177427	0.0845820771230033	0.5381854914498392	0.650320883630187	0.716597211639315	0.6328792381851839
TSs24	0	0.18198975751180324	0.20445199591680077	1	0.08204474304651621	0.0250631918389095	0.06869852020011512	0.045472996958877174	0.7056508855994159	0.015612125847236107	0.07967091689556527	0.1683405412990813	0.33555028274779203	0.04531362319102513	0.381002976110191	0.02218326664757594	0.06715992205684776	0.11720116738097588	0.23597380647260813	0.08441856919746714	0.16031270322309388	0.019632343357605508	0.3572077020524321	0.646383715953547	0.05894589320570289
TSs334	1	0.3166714255960038	0.18034062970287873	1	0.33459220553073343	0.3341228831791187	0.07934576657510073	0.4687236868313042	0.6904581548926768	0.17342159722079414	0.37698531962054316	0.5719085425880838	0.4285327219091118	0.4241026273416334	0.15194973581476443	0.22605627483324509	0.42121421313261104	0.5473005959880428	0.14157748825787406	0.4289985795032173	0.1714082121025062	0.33506152788234816	0.06101583054833674	0.16522415421395867	0.13602059948480597
TSs1A	1	0.38671145286011027	0.2304317870335219	1	0.3216598922781841	0.20605655247209087	0.23341873666423604	0.8050305719865389	0.16022547719933045	0.22480343325224145	0.45284877533136814	0.5675175245656301	0.8926763959037399	0.1977621674821688	0.419335611966227	0.339326733667498	0.18611744623397028	0.3510785194611721	0.18299035508139297	0.5520298698267585	0.12433574800321852	0.473559758187407	0.3039930508888702	0.788643476483439	0.272478852544907
TSs266	0	0.6122821623088033	0.18062917439015683	1	0.6127263912577267	0.7845562982092917	0.7856621562955883	0.5742486774103168	0.8226884225964971	0.43823876004783924	0.5978681048942988	0.85177799874547	0.6239497319070729	0.6046695372375023	0.8894307758008722	0.5283683873829368	0.2803883013250424	0.4339529651489721	0.6574576998336861	0.620783245277951	0.8106918896060863	0.4030448898101504	0.5122583882886618	0.7196117470983919	0.3059952692594346
TSs277	0	0.6295934401652217	0.23569572017525936	1	0.6244107270367945	0.34373835206909037	0.515090625934207	0.7776963182715982	0.16316184716043186	0.5608015118208671	0.9854619914054515	0.5773723701836524	0.6809167510154714	0.7220047502566994	0.9113023385355943	0.4888506222534233	0.603117834249559	0.48646925926633705	0.9111967570478969	0.445110356200396	0.21035773023820709	0.64570361982403	0.9324009455021973	0.8672307144005463	0.7638841076687738
TSs60B	1	0.46929527004497495	0.19976687484238556	1	0.43733930889347117	0.3277852858004829	0.6813950707741395	0.8181701559883567	0.5004383784861042	0.2881805978662105	0.3666128562974469	0.413986928622852	0.9343467569784906	0.4606916891640903	0.6053787202719135	0.6332561656053296	0.39167897051088835	0.40737929145921586	0.29335304316950334	0.4650785310855985	0.2964707128475582	0.11356184782901356	0.6120127172463294	0.5137002529697249	0.26242742792625134
TSs303	0	0.20862239031818333	0.18371309532483596	1	0.12954307271822363	0.03598016665429987	0.1192333600276097	0.044124646656161774	0.351206363932723	0.11549051309283533	0.43374761531392353	0.5901236106769155	0.13985278540883753	0.0876230380877217	0.37666045242583795	0.0589814563933352	0.04994730967721484	0.1542131920040587	0.3401930181257185	0.006276760447756304	0.5891452848423868	0.3462325496849899	0.08677870645712275	0.15204432385549688	0.09459265259871981
TSs120	0	0.19886690757719658	0.13818387097251408	1	0.18637943425106546	0.07728442998514491	0.060471340135895925	0.03881476503602173	0.14276624908734847	0.03226748043393372	0.15971269343526692	0.2984795041471481	0.33161154991775244	0.2686820635102143	0.23512719691785242	0.1192808667506446	0.11635036715723954	0.29623556887200325	0.5194347997040356	0.4395366690532203	0.2153060844018233	0.21304617506686396	0.3050623200088001	0.051596306921398535	0.056271721001323646
TSs132	0	0.537425397168897	0.15187962160417276	1	0.5652486823586322	0.3640398581786487	0.4610286442447877	0.6237698419701946	0.7560723374213336	0.5910451500805725	0.6033511901602141	0.6822290889309953	0.6236141367685348	0.539452214636692	0.6712181767728896	0.28558901921762875	0.4330930315218943	0.615887075457987	0.5368929630819391	0.7543953760151579	0.40007997669923745	0.49233667574693046	0.7128490787314343	0.2662281974427638	0.33533591029810655
TSs78	0	0.25911939210521434	0.2288384762598645	1	0.16740499591776672	0.11069042797221247	0.16228462179988476	0.5559947884454484	0.05311693193956637	0.19210466535266954	0.14304568159095282	0.026967865600013585	0.1725253700356487	0.1205797740435304	0.539881554626137	0.09179443782574458	0.24240092136701963	0.1314862883013421	0.560189303617573	0.1902735842078339	0.9130773723301999	0.129718260100865	0.4400515720528673	0.0761218410395549	0.33008257985522155
TSs61	0	0.2803215323155805	0.15387182473665365	1	0.2506594195312121	0.4254182382166292	0.18901489552906875	0.23028883132334174	0.24546058867512008	0.24001124326661247	0.09435187728979698	0.2789158979673467	0.4136665630734036	0.6410461007484234	0.35806577166992315	0.27546317081506677	0.0661760289132176	0.49443156168143926	0.2558582503873042	0.0743737820061976	0.4262135169757068	0.09019066435219385	0.24093311191908934	0.1551234441048731	0.41142710739685573
TSs60	1	0.608404965133615	0.23084300627307394	1	0.6802255167035929	0.8385893323219172	0.38313942915263116	0.6611763231659771	0.5704053592111342	0.5241990587515732	0.19054808333117748	0.6992747102412086	0.893809892083465	0.4509927807833663	0.8083387504316205	0.7185050250966251	0.2803353263115854	0.7124604094926982	0.17381390425541465	0.4272046192021916	0.9256575827002861	0.8725364558481845	0.701414679111464	0.7902170204675782	0.5454805607122015
TSs274	0	0.39005271197182456	0.21624934661234033	1	0.38164337132106263	0.11827089817724896	0.4157211031471171	0.1831718069476246	0.36068300325926694	0.5048187584738008	0.6478906613089452	0.42533099259906254	0.14802379180352523	0.5207400437297861	0.4301099239025337	0.21734136839008514	0.35808019021415005	0.4668453417847604	0.863543754704003	0.14660118966107283	0.22486833800867023	0.4026037393828583	0.8583805174731421	0.19010356245251622	0.31792525401632177
TSs10A	0	0.9038421355909516	0.08349447630626036	1	0.9200892476224323	0.9596425149415327	0.8210233133747898	0.897130885885487	0.9828396085366385	0.7164944685594751	0.9126167479674007	0.8757046039800762	0.9815405787417056	0.9275617472774639	0.9764631478536618	0.8696066369373924	0.8913516334483891	0.9855626681486768	0.6860213592384	0.8904762647993884	0.9754058532736094	0.9512600316233113	0.8797436997189108	0.9686827253480611	0.9277142221646608
TSs96	0	0.4330567543223734	0.183556117604974	1	0.4516947837465771	0.6540295918054255	0.5553765208603627	0.5826827284865116	0.6091469406941391	0.2459526618561955	0.3708855284262147	0.44326602702416473	0.7213348059175362	0.4601235404689895	0.2739496614283664	0.38961016096263207	0.22379916798681732	0.6949043238788692	0.62375068585847	0.20922671541791593	0.3773287654404568	0.1998388884241772	0.46720737547318764	0.4640709286772223	0.09465006735981377
TSs282	0	0.916568292533376	0.16516094635210035	1	0.9560603513845721	0.9995434876751339	0.950805590679023	0.975721400098493	0.9340672206747821	0.9721165465113852	0.769744972002824	0.900624830940916	0.997613668749402	0.9806977211587113	0.8928523414042832	0.9979579264057591	0.9406614365510216	0.9987310005181801	0.2515484841415313	0.9443829503413842	0.9969256044603005	0.9704083658396748	0.9448415997455676	0.9523973696605791	0.9597233331085652
TSs56A	0	0.7829237101212053	0.17473990091565078	1	0.8423116203538707	0.907482879290724	0.870205544073824	0.8891817888705856	0.893719637315547	0.8357378807640713	0.6914632707560965	0.5472590702461151	0.844490514856682	0.6669316766066897	0.45343022829657553	0.9230285200598126	0.7721791164705819	0.788473743653343	0.9250656416722287	0.9394293800213538	0.9704347873557285	0.3491321868210895	0.8401327258510594	0.9330613826239295	0.6176342268180697
TSs296	0	0.9237456852712403	0.11705506073934138	1	0.9565006467637587	0.9212842604004946	0.966097020356734	0.9851515737844314	0.9462512503946195	0.9267979713650643	0.9690609095993632	0.9586228053953622	0.9934951742436173	0.7428882954247732	0.9516663429604024	0.9607553378197372	0.9843286536674861	0.9838454675834551	0.9412971811126604	0.9671873634921777	0.9543784881321553	0.47839374237874077	0.928178541461275	0.9479279135962168	0.9673054122560434
TSs33	1	0.32502551343591757	0.25309466536553304	1	0.24757541798782795	0.8722281706198458	0.06993680811158434	0.8896599361724581	0.3071710828589898	0.10101585049592954	0.0997163951318577	0.08585116042987471	0.5342933736122822	0.06926583833038423	0.1626264564918756	0.1838417593766774	0.23248812247696019	0.649938806013569	0.13905056835707555	0.4621233090102237	0.483550817468223	0.21242926991241562	0.2626627134986957	0.412199328616992	0.2704605017324377
TSs311	0	0.3215669250029956	0.2707250040375841	1	0.21286114557955857	0.05156922419413502	0.17092353889528958	0.15847510998803757	0.6062658712782028	0.14505039504173073	0.21577890304269065	0.3912898745065467	0.33012434332763463	0.03933587164796361	0.6383653672938497	0.07410183410624527	0.07003751608287914	0.08655121976069577	0.674885444447666	0.7647976282912975	0.8892636907021735	0.2099433881164265	0.5609858294842093	0.2929885603846537	0.06060488946758415
TSs68	0	0.964628733785923	0.03621119727438529	1	0.974911628517755	0.9883191624337907	0.898444643928015	0.9868209361466084	0.9988621607278303	0.9520686884185995	0.99806340739127	0.9500629437898672	0.9981289313428051	0.8496086677465712	0.974021745411921	0.9751875670519435	0.9734853419612965	0.9797290612923735	0.9887968084697939	0.9746356899835666	0.9814551332860599	0.9426257255578063	0.9534511179508236	0.9782848963438237	0.9505220464836931
TSs104	0	0.35754601472771597	0.19061369631385894	1	0.32436691236458637	0.5567910382194907	0.3325915825480377	0.402958791820944	0.7938966223492067	0.055845164355854994	0.6643824638711766	0.2292535778594537	0.6594215150444096	0.20872941955609628	0.18561037679828044	0.35228332006760715	0.2871124571299521	0.5113335779092391	0.1365536776697263	0.24007084672228973	0.26652871055120686	0.367229378196986	0.32340254384024325	0.3253312808889295	0.25159394915518923
TSs58	0	0.5382169450818504	0.1842399664667753	1	0.6360053680306226	0.6735727547070829	0.471895784872439	0.6373333189080741	0.6347579992493088	0.7660061732853611	0.6372527368119364	0.3850353771521354	0.32967418042138263	0.8238028963028102	0.6721660697099985	0.4141521312414285	0.19339426098000953	0.6802602625428602	0.6909034149006056	0.6506928218399247	0.6686489778302452	0.4241474342754615	0.445783121530467	0.19562852733471892	0.36923065774075703
TSs358	1	0.9371875932602103	0.2187666921264349	1	0.9851667866104807	0.9852429802855291	0.9845863027513673	0.9780124769579538	0.9713111484871427	0.9930010515330584	0.996105734291169	0.990128949062449	0.9850087808271533	0.9849059450743994	0.9770900350856263	0.9927849257161089	0.98994076623664	0.9894186680080419	0.9885346124645257	0.9829605336452759	0.0081049289054477	0.9850905929354324	0.9884639546713223	0.9808537943533318	0.9922056839122338
TSs82	0	0.6425491799512167	0.1668374812674047	1	0.6708272280000991	0.7005283340845563	0.5852229470903478	0.4487038169787612	0.8303217491506336	0.6384352892363367	0.8977802597183475	0.27858259183194023	0.4590647598254223	0.5199684983553244	0.7239467256641267	0.6569900515886906	0.71891643844217	0.5191165882187617	0.7528051194927877	0.6846644044115076	0.8089132650035181	0.8252723963922769	0.7931679711579759	0.3642187411090688	0.64436365127178
TSs15	0	0.4053269782438331	0.17768684856147285	1	0.4445667155351136	0.20107944913169373	0.32914178295730995	0.12056626753305973	0.42481673161034494	0.19382589012183238	0.4226605365683357	0.5686291878451906	0.4909033169429477	0.47465003567166736	0.109952735190166	0.4760356553850815	0.5118383759425681	0.656612291789938	0.39344608295086375	0.5719834637210125	0.3662117658027096	0.49134859850044277	0.7189370212196947	0.11958367653192097	0.46431669945988235
TSs3	0	0.7602548416413119	0.24349375005874177	1	0.8730897474817687	0.4008049614194953	0.964557379800128	0.8925673605378686	0.9004325372621473	0.5982350904130218	0.8729553129254848	0.9611621295895569	0.9912432798050521	0.5594787000413627	0.9474931791654496	0.8732241820380527	0.38868397506766494	0.7231362369538311	0.7675955652211758	0.9045530301975844	0.9172900569071574	0.8803285710855694	0.8690042724758499	0.7287878870709108	0.0635631248488735
TSs4	1	0.596861293781037	0.18859395603047188	1	0.5989366851980537	0.7490879198822893	0.5983225915228416	0.5905083853335347	0.4587605880491467	0.5688708551003714	0.8600531061277519	0.7547351520644902	0.5995507788732657	0.22956138679496774	0.9216670319686584	0.5796749519569976	0.4552245675812362	0.17597892145865637	0.7823415484895165	0.3903124252099193	0.6492796048088562	0.6435825246119997	0.5924255697911429	0.7330120871813727	0.6042758788137276
TSs331	1	0.13298989833254532	0.09527764325480993	1	0.11762676400654573	0.017472399346345816	0.03668032460349177	0.05091351909671756	0.24524531612292955	0.06312001072413323	0.19250153970040354	0.3610593890801744	0.17269488118994725	0.10099140737577762	0.1320225845848814	0.05187591397220098	0.16731499405724742	0.2679430117401448	0.14189457099221875	0.13105385432966404	0.062260922770548496	0.2705174131403838	0.10419967368342742	0.06955625868205176	0.020479981458216407
TSs314B	0	0.7688820531283688	0.19311624687805998	1	0.8421923654240756	0.9686701242875339	0.711818008423666	0.9120973378923177	0.8541791129100661	0.8302056179380851	0.8592234242150734	0.8759389137993373	0.9496665568192701	0.9584273384028514	0.749539998973975	0.8148769522803521	0.38377181373115515	0.8954881719548288	0.3677006084937707	0.70762991468108	0.9272960599907502	0.39439824011967595	0.5942503327610864	0.8969312069092716	0.7255313279832286
TSs333	0	0.7120580200848102	0.14503426732407354	1	0.771479135365464	0.7159068559175272	0.7920716524944622	0.7315680861584992	0.8982952102745968	0.6702961102228533	0.791913319619585	0.7928170750496085	0.803463411325502	0.8380723715090586	0.8117523466117266	0.688023994337288	0.6564109738323581	0.7883108825208849	0.777150328569904	0.825477432127081	0.5099027061071887	0.28841125955714	0.7658079421610241	0.6004413011245997	0.49506714217531606
TSs7	0	0.7873679093214665	0.13282753761014351	1	0.8143918569459758	0.8026206455846701	0.8560683591324237	0.9578052731432217	0.6929998997489127	0.7751372811549546	0.9586052862020263	0.8444495871754858	0.8368866902138659	0.6046212664895488	0.9107539575101419	0.780012088145756	0.9066833714576322	0.6408488650361049	0.8740011861087742	0.4162536753179632	0.7902104515761751	0.655624292587499	0.7466266803027891	0.8709862612341023	0.8261630683072816
TSs38	0	0.4263529964239822	0.24373471437465818	1	0.3951201353560144	0.7182530350117533	0.6071114567208672	0.5993904232509824	0.49625080246793124	0.4026083699776138	0.2501424269305102	0.1004712945799549	0.2114194976506148	0.3810943448605677	0.38763190073441506	0.282698794842197	0.1753130757127604	0.5219841844754702	0.6441757638690768	0.7094340018718421	0.9805284429296993	0.5842850123155746	0.23238616120039038	0.04397438965906991	0.19790654941835328
TSs10	1	0.1245331859064575	0.10170535420764387	1	0.09008549640300989	0.3495621113557299	0.013244737973154506	0.06876502702838366	0.04684352350730762	0.10127818653149617	0.273568458442954	0.0854870178787068	0.06024986170612016	0.062375687837838124	0.18313912146291664	0.09621597599555826	0.10003027703650343	0.1361409833138577	0.06455161954077598	0.030294391922194942	0.08216879205334209	0.3677120989948802	0.09468397492731298	0.2162395579435795	0.058112312676537
TSs48	0	0.506690694712	0.28105804574856263	1	0.5950705390707327	0.3651197301461785	0.5106712044741318	0.6884863450833106	0.17096871439387687	0.307660443009855	0.9507142149859806	0.9443696970533438	0.5513158234141998	0.6561215049218666	0.17477650137076836	0.7010539964067384	0.6737966696070764	0.6388252547272657	0.7738289696991627	0.09419239554667178	0.043614921211594465	0.6685274817047694	0.6885989057083226	0.0959124676632956	0.4352586531115913
