ID	ID	Class	Mean	stdev	Predicted_0.36	Median	score_0	score_1	score_2	score_3	score_4	score_5	score_6	score_7	score_8	score_9	score_10	score_11	score_12	score_13	score_14	score_15	score_16	score_17	score_18	score_19
TSs156A	0	0.17716925728641805	0.19280276141131333	0	0.11200502686020433	0.20064961580609766	0.12469402998299298	0.05039142474226322	0.09931602373741567	0.1452681521746366	0.09139326185963678	0.1974535682679558	0.011143259888403137	0.39855700317288834	0.04428092867109734	0.7666276913944841	0.1940365562432503	0.08383796797955768	0.014854302372894592	0.007290780276135521	0.033479976357768754	0.4238406512919301	0.4460627960669857	0.0736554227191996	0.13655173272276766
TSs361	0	0.16092924508307557	0.25956418767477607	0	0.014534812466520271	0.08246176716575915	0.3120915512970153	0.012188475668347899	0.009442632765605174	0.49581759668469233	0.016925225162743206	0.016237977117561798	0.29895105147336143	0.008722423184362366	0.014224222143470673	0.7014189774937534	0.014845402789569872	0.32443364804728364	0.009445095644531745	0.00540007629460101	0.01012617641904818	0.8716635118586121	0.009507839611393282	0.0034248322960087146	0.0012564185437890201
TSs368	0	0.3367051972629369	0.16792772532366473	0	0.2959740114733784	0.14900780750869652	0.4370739433730534	0.21297067573318962	0.3191512850676413	0.21611295265195488	0.1822125997886232	0.16010766661885656	0.27279673787911546	0.6187387724942076	0.5779532990127476	0.5598386937321069	0.1710111190598488	0.35899848336325296	0.21995111457976677	0.40540948614558964	0.19478701243949428	0.12669609049379355	0.5497548554374038	0.4566702597557067	0.5448610901236877
TSs49	0	0.16297812306148027	0.13638350837988514	0	0.11496160101984051	0.08356804466095538	0.10345402525384147	0.02616362387388615	0.1474832665313636	0.4420788309560154	0.032819292140908854	0.25770316948690625	0.006894962854340659	0.08426786839403906	0.0454719123639158	0.14628574050632254	0.212837158254993	0.08833449476352379	0.33262693719037717	0.09921043823916129	0.03710376397133876	0.1752228426377675	0.407478091447566	0.12646917678583958	0.4040888209165434
TSs138B	0	0.17984800472147458	0.1245024501415944	0	0.1600200310174147	0.13505742913263064	0.2893006349258343	0.24104305702661824	0.14621595009624613	0.2448166684027165	0.06673005493284852	0.2756801469534694	0.22772499453167303	0.3323119427299104	0.09115598224898878	0.3078942068394172	0.11279181104620441	0.18706576718690274	0.010933420768315253	0.09594461427777087	0.04107415533679645	0.5055751836911863	0.09726141323468492	0.17382411193858324	0.014558549128694765
TSs22B	0	0.08226638452835869	0.09690040353107585	0	0.05358288443625736	0.06915339628730521	0.010664384820457699	0.01477705433645804	0.009184514464322184	0.2323107728998937	0.01959458473776571	0.026575015048803968	0.013565386791675769	0.09239324856154624	0.06015302514147668	0.3323944992242798	0.2769044511592197	0.056304747614679025	0.03629539432142574	0.0034929070614061037	0.0014797289012636822	0.18762368365308812	0.05086102125783569	0.08624756719812464	0.06535230708614612
TSs287	0	0.7489005839935798	0.1127625685979383	1	0.7789149584794952	0.6256168847475679	0.5431122199810098	0.9217127707466783	0.5783224568638197	0.8212034994622583	0.7874137896767656	0.7914012246880082	0.8636078620835784	0.8389204929877034	0.6469281590071632	0.7704161272822249	0.6964865132632702	0.8657992726415078	0.8607514778351503	0.7497969425730419	0.6605577216198899	0.5665122533392032	0.8533086651273778	0.7305622612269541	0.8055810847184224
TSs383	0	0.9289354255297111	0.051811038702230174	1	0.943374224250429	0.8658435969239565	0.870324259081606	0.9589101434992243	0.9408972508324467	0.9345588805843751	0.9612312305269799	0.9323211416008784	0.9823807195774052	0.9861622076274638	0.91022081536744	0.7920669284999258	0.9080390561725132	0.9725893891031432	0.94785059613717	0.9891824983671949	0.9767147175751436	0.8881706429297208	0.9565969112589475	0.9458511976684114	0.858796327260276
TSs314A	0	0.44871182943402205	0.2234797838896523	1	0.38133016022198607	0.5738783799378837	0.09926242257247289	0.5654663589448689	0.21585497895238026	0.35606672804504513	0.5459966261003288	0.32753653659195164	0.3308287377713569	0.6987262507798387	0.6546509132548107	0.33365642066433243	0.7462859114727791	0.53679522273115	0.8670859397935677	0.11659646564806526	0.25135642865342284	0.27260240719860884	0.3036689046756994	0.40659359239892695	0.7713273624929512
TSs30	0	0.5593485592090318	0.18513388836354489	1	0.5522038258527302	0.3634310615852852	0.23961815923497773	0.8230177454149793	0.5650543530456368	0.4753412840232227	0.5383882327888609	0.46914153431066313	0.7984599215927812	0.5393532986598236	0.7413270662091125	0.7352183643557275	0.44913250428530344	0.7250119242733574	0.6971224405454625	0.7401644779368506	0.6811313887089336	0.6264920252746259	0.40983051256232766	0.18448213798122762	0.38525275139147613
TSs291	1	0.885040420769702	0.08345558157451112	1	0.9043135745448514	0.841863108639362	0.809339250657129	0.9206841171243328	0.9191788894616512	0.7584810917989984	0.8285477377106881	0.8018868879238114	0.9710956241081119	0.9631049327868372	0.8288264013808913	0.8841533778657984	0.9058175445001276	0.9434558150855197	0.9028096045895752	0.9693942196167965	0.9762442712222185	0.9765895078553389	0.949709406740214	0.8821925150297785	0.6674341112968558
TSs157A	0	0.6648362831660356	0.28684475310390156	1	0.7761106624582114	0.4334783876210145	0.5006855346775175	0.964892620245855	0.7804030395320798	0.7718182853843429	0.5359210229812251	0.7192462059382662	0.9445017124364821	0.34582141049988363	0.918037425503915	0.9344582923276836	0.024056358344330196	0.8706671203924444	0.9808411473104053	0.8163418735269333	0.3904403693185888	0.14344303996303276	0.9101527614125289	0.500236466225773	0.8112825896784089
TSs27	1	0.5236778690459598	0.16306296262169004	1	0.5051232309363441	0.7187397899628241	0.3458043529287595	0.5167092359820699	0.2122534378002656	0.42960424931016455	0.3252213570731333	0.7289615766121773	0.6435174287586989	0.7401155375061492	0.4261230989321606	0.43295177752050445	0.524739876653302	0.8540943383332456	0.49353722589061844	0.4814662813788854	0.35425186020045935	0.6515082433346818	0.6079864893281418	0.4527127017823662	0.5332585216305888
TSs363	0	0.11475210095095364	0.14509076600249002	0	0.04611339324095741	0.1394472941966399	0.04952017136809616	0.04876067574673306	0.018724420766873688	0.04336284757753374	0.015877799346267426	0.021293170803735818	0.016018604805819868	0.13167735606029501	0.5537350593007266	0.2969368110848744	0.043466110735181765	0.3580062355418723	0.0037066896784922676	0.00328795157012974	0.014920339366354124	0.22065507675169344	0.18785771796496184	0.038537831292213894	0.08924985506057759
TSs9	0	0.1876677027265487	0.13195211461279094	0	0.1843813244620021	0.35512948054072274	0.22998327213312522	0.02011348877477401	0.07524280516609227	0.11997427827014444	0.022704726567638576	0.09557205114480767	0.1161416093121519	0.40944378234666057	0.21352893696252337	0.495658379309799	0.20590370236450356	0.2163396611663459	0.08666460747131083	0.16402695458523645	0.02402343248246843	0.10458484554772574	0.3119408991820429	0.20473569433876773	0.2816414468641323
TSs151B	0	0.18193614456937163	0.2977848508870404	0	0.013668590089436067	0.08321072534375377	0.291691926934612	0.013663271498925713	0.00927275495375884	0.4875446705380068	0.014307395969484044	0.01367390867994642	0.27312438413851686	0.003034311992956219	0.8763993976099087	0.6580853549403183	0.01238582664216027	0.014823844984577254	0.008533702124480987	0.0005744087358588262	0.00969587781618226	0.860324384565521	0.0035076407026737423	0.0035502518204529633	0.0013188513953369054
TSs133	0	0.10301258381111475	0.09656541832148066	0	0.07332785363060548	0.1598467552033093	0.14972713775694196	0.08275380132373249	0.024593788872385964	0.3708931289871252	0.08106929252187427	0.10943931356160372	0.14153704190545405	0.2948137793648444	0.04161760869007889	0.06487967074895545	0.1175231718328758	0.0655864147393367	0.005828241104564397	0.029800177491891337	0.013820479366139516	0.2020870027710153	0.057660609419583335	0.03916690660627243	0.007607353954310268
TSs155	0	0.16758264218582364	0.15284989445218808	0	0.13880098480677472	0.05235346328688122	0.2755654729605752	0.16261772690771117	0.0328788535665189	0.2332822772849424	0.17093186808036298	0.19522583379735073	0.4153788842382548	0.3232899175929329	0.03529065359118414	0.1117077789490118	0.07345701328177022	0.1297293652289546	0.006157593033985312	0.039595779114197135	0.14787260438459482	0.5745148161711428	0.03709745331321145	0.3311944829749293	0.0035110059579607457
TSs209	0	0.9556456628023262	0.043289031697452796	1	0.972403042970392	0.8911489479441977	0.9707708785115462	0.9905722915213833	0.9689066439321102	0.9273390309474201	0.9816614304967741	0.974035207429238	0.985353332624144	0.9392818758713896	0.9350485747676968	0.9819614186034029	0.8120550485466571	0.9810275597303159	0.9743195291277517	0.9897380270261827	0.9878472806108037	0.9506943292679977	0.9914606539090551	0.9475992784918262	0.9320919166866346
TSs136	0	0.35303083903127963	0.22132100832069318	0	0.3353449287251634	0.5607474396992781	0.3150971994564216	0.36736080707375446	0.6972791602540098	0.4902616582559062	0.05861002730610517	0.33676147017980457	0.3137547752647617	0.7534692671083313	0.0695684903754382	0.7283299440922921	0.09519506161142009	0.19175830775700156	0.3339283872705222	0.35884026805135194	0.1168074035604965	0.09879161887724464	0.5349494233843323	0.19739913038734402	0.4417069406597757
TSs22A	0	0.07653025709157572	0.09227668068509674	0	0.03983200197904055	0.018586629956761573	0.04457361991943421	0.0027459431010125935	0.03509038403864688	0.19285397288251357	0.011549695123754766	0.06219461729145919	0.0024577158068669934	0.0034452704258310595	0.025436288743228494	0.0486524244289407	0.14088290676847423	0.022066230700717192	0.3477473302042642	0.009266397009456686	0.05081549346072174	0.21571128803558587	0.02098800313889601	0.10415098522032351	0.17138994557462506
TSs357	1	0.10493486670938264	0.14954727758983105	0	0.052331612972898664	0.38363922899429814	0.052874163290385315	0.029897446917796996	0.07690668402796016	0.13916541535597732	0.03719488279148184	0.02677148271260976	0.019464395005021895	0.06480868590693271	0.05178906265541201	0.09760526098947583	0.12164997527447843	0.6381971435449302	0.02067807741907276	0.035873513828985445	0.11529174447973806	0.10331585625116625	0.027313939885063296	0.03009779928399106	0.02616257557287486
TSs161	0	0.8989694828444785	0.09956326332468923	1	0.9398465794382485	0.6956009940215284	0.5950243661872672	0.9735704976210038	0.9505740274278077	0.8093672998273411	0.9054320313141236	0.9494270115546349	0.9665060921330251	0.9587872695917371	0.9418384342516931	0.8687852404210556	0.9378547246248039	0.9722039092843755	0.9784391724760664	0.8950814722906567	0.9263495939749674	0.9318879649595698	0.9478026410947628	0.8275136126079449	0.9473433012251987
TSs11	0	0.8919165125482481	0.05393416427140071	1	0.9001328905167929	0.8037501336557942	0.7759266559426728	0.9697494446751784	0.7826395758546019	0.8563061743273699	0.8874135764841099	0.8740532024831301	0.8974817820637974	0.9039514110222548	0.9254949166678089	0.8824484973773452	0.9292167547160917	0.9740555788943603	0.8945699317619042	0.9027839989697883	0.9189623049461688	0.9395137771677815	0.9051176049548143	0.9311670826026505	0.8837278463973381
TSs5A	0	0.39692541738418663	0.18618922717172828	1	0.42760390009513144	0.42670743890888135	0.39788296872923606	0.4661525436509031	0.10009629733046357	0.10726650580306411	0.5001285686091226	0.4060150558909658	0.09074890346152334	0.23094919708122486	0.8096044632609873	0.2810963077440922	0.5472696751266077	0.427345738930079	0.48425247136650773	0.4361245625269245	0.19759846092355166	0.6877027727839073	0.44935555519380166	0.4278620612601839	0.46434879910170623
TSs131	0	0.4196604430114957	0.1543049613839164	1	0.40009972026649515	0.30407246106662816	0.36601085579640746	0.5160208980577603	0.30290434868035054	0.3730631561774529	0.21814346442162758	0.3243208236836575	0.2587035059353356	0.5421382861401776	0.788397869367453	0.3604604484061862	0.5047366379778385	0.4372110845192456	0.7143357161776214	0.43977407415800285	0.5807707554432026	0.28754744196861387	0.43402273072025216	0.21343801717656313	0.4271362843555374
TSs294	0	0.45867631995744684	0.18035839837723147	1	0.441488138979909	0.4035587323881014	0.7347023443068743	0.47419043662448856	0.6490522365428341	0.3589108245526967	0.2967200322005768	0.3200517728191862	0.7609276536114931	0.6279346201723375	0.40878584133532947	0.5363031870206363	0.16954393587546274	0.5846433035206877	0.49438293519447307	0.38040009373516687	0.3426082404507968	0.5571122321622023	0.6120685111773272	0.05613909134693331	0.4054903741113336
TSs378	0	0.67027212525922	0.12296839990122944	1	0.7048336749088298	0.7498704462482478	0.7344165843088782	0.6058020658155028	0.6633742899358337	0.768321726447015	0.7383806667876688	0.7677582623277874	0.25843218353585584	0.5809817845645118	0.5487091559145671	0.5738239999994732	0.7841549637289711	0.7972811168604487	0.777126286891659	0.7100204208222953	0.7044507264379247	0.6505582807018961	0.7052166233797347	0.622100791905894	0.6646621285702334
TSs336	0	0.20393615380073804	0.14546352836793805	0	0.15661177917836122	0.05393648225293772	0.2818490422586763	0.47687673237185246	0.35527651202596694	0.12749224407085868	0.02247375810061535	0.19418679280691717	0.1514351538410045	0.08665201828693997	0.4468502701129283	0.06940409984196406	0.1617884045157179	0.2948839951386992	0.3969564323960988	0.20746705921491979	0.13624726523679498	0.08714451247808051	0.03500147842663314	0.09492055895452695	0.3978802636826279
TSs111	0	0.5587299990340339	0.19666733300039124	1	0.5648852305966274	0.5977917039205138	0.8511774560703993	0.3803303571645711	0.5559830513333511	0.5562931659819672	0.24472454503801178	0.715539158032404	0.7518730684724503	0.6943568347718091	0.2557331402472716	0.5528831123356654	0.5734772952112877	0.7624570351603541	0.4458915873889927	0.5817696799757082	0.38468627310229037	0.8444704977907995	0.37691491484347905	0.7914122490783747	0.2568348547609758
TSs56	1	0.7125355400904704	0.19467496256189334	1	0.8136159967091996	0.5952980706129698	0.43724411416188047	0.8472468671277296	0.7148712939329976	0.8919974363190831	0.8147226445597503	0.8482178064820333	0.826646813320479	0.9341769033387984	0.3580085851852158	0.8836380098252211	0.5300377761218829	0.9165579832549122	0.812509348858649	0.8460563039227865	0.598369278003915	0.48531743889241485	0.6410690790925534	0.9077405566012283	0.36098449219490786
TSs3A	0	0.43500086667365034	0.24284745353708462	1	0.46687693531049834	0.0360513076991547	0.3112070034470184	0.23215357073640303	0.6718025369456747	0.3163103963538989	0.7040153164039202	0.4794144968715488	0.22182742685732107	0.5185033554562347	0.8596494988747149	0.08769286365506465	0.5796260198981583	0.5090318896325122	0.56895337178879	0.851514962444933	0.4543393737494479	0.23447754667672144	0.12191620914457595	0.6257383198952757	0.3157918669416379
TSs95	0	0.6776268214103248	0.2269047282234945	1	0.7677972183264309	0.5774185388816697	0.7014064422939937	0.7866194592811345	0.7033767479279537	0.17864533583887024	0.5340764031661671	0.7876450465887189	0.21547463698150984	0.8727513738303124	0.6573010863943627	0.7489749773717272	0.6740533588683787	0.8818189777168249	0.8638613203597093	0.7872518468455018	0.8534389305543325	0.8593558081117596	0.7901183814839605	0.2130889325290416	0.8658588231805681
TSs2	0	0.13351157967004387	0.17657883323649157	0	0.06660834509889625	0.024404426024437084	0.18353264281350706	0.004979969098815297	0.0905992981764512	0.5643524489811363	0.03295324279515473	0.07305746722478686	0.0011713112991880415	0.01566987852363317	0.07116153208087705	0.12627624956549305	0.5852520547088111	0.012181980769185054	0.062055158116915456	0.2595380185332469	0.0127713556047465	0.09797277018154114	0.0592931480561983	0.3636232811435073	0.029385359703246502
TSs44C	0	0.327803993716893	0.1756849374318538	0	0.3237981523609734	0.06862037429313748	0.3229519993080003	0.26362354210120387	0.37127426522865237	0.17050444074310273	0.09534081165252843	0.34501281424127095	0.31276997432945897	0.6817656394699282	0.06694844575868003	0.5175796248975733	0.16199608356199577	0.1579824844947889	0.3228294200250658	0.4723146999134451	0.40054130456881704	0.3246443054139465	0.529259480094278	0.6115371483067789	0.3585830159352081
TSs201	1	0.8423866176165188	0.05531182026078803	1	0.8445831281985063	0.8127299251161364	0.8762135675951508	0.9336901345262517	0.7789675620581817	0.9215195028194584	0.8127420838819136	0.8535789207899095	0.8645496723950057	0.9101883099539759	0.8350801146728956	0.7509270621386951	0.7733778607934227	0.879995146214571	0.8114394037933992	0.8829923222691483	0.8210249937200299	0.7369883274432572	0.8821165643497536	0.874023542192119	0.8355873356071032
TSs217	0	0.981779941720913	0.024841502527713166	1	0.990719747186378	0.925599180206777	0.9034940484113856	0.9967605347954469	0.9881292646364186	0.9885751797886325	0.9937472701848779	0.9898840368180529	0.9975491684582171	0.9561982976586225	0.9909590264703866	0.982516815593717	0.9930142592549174	0.9911489083948525	0.9904804679023694	0.9919105561907485	0.9966518315457829	0.9932177577448148	0.9923998928699632	0.9903633773237587	0.9829989601685174
TSs168	0	0.5122708058065158	0.30324036616710703	1	0.6478086059485932	0.3042305487588122	0.7655128785265045	0.9637395832202937	0.028434868677830898	0.45647024615496645	0.6737376927826901	0.8920518734584039	0.47383779494101724	0.6472952238255403	0.7970777006017074	0.11956453243774935	0.5054191084627468	0.07093325811448163	0.6913659021913381	0.7384124190255127	0.6483219880716463	0.6592599874128611	0.018996216376890203	0.6991374436448565	0.09161684944446435
TSs98	1	0.5848778570446511	0.26043495748161943	1	0.5976507129958748	0.278808817854834	0.8289930377569584	0.8420921431263761	0.789530119788518	0.2874090012852447	0.4476281626418277	0.26496561590977147	0.780065207612417	0.4561428131690414	0.825041928726236	0.4287798817288244	0.21907079256311887	0.5294704914033911	0.6658309345883585	0.93304255405479	0.8938167575683762	0.34466773188689964	0.8060044659408414	0.21411614155401248	0.8620805417331863
TSs116	0	0.47895110518930945	0.26670441835689873	1	0.48765165033663505	0.7189039555941283	0.7102901617925927	0.7653215165105599	0.227315764065585	0.148998924482712	0.6682009070709417	0.2974301325533781	0.2904733421491221	0.397964002868104	0.94991665509009	0.03995160133431994	0.6282660060584382	0.33568861199623423	0.266502995387346	0.29860522596213257	0.5912202665527432	0.5773392978051661	0.8308788179709864	0.11230472400181597	0.7234491945397903
TSs53	0	0.34803498870418614	0.20167815829904204	0	0.3549222643415981	0.19845754287180856	0.19373739560751158	0.3459178348591712	0.46758571237411817	0.15165524592000768	0.16030884487340324	0.043942312056494036	0.5312589245626798	0.5941073992871292	0.6009062554701934	0.7873655528278694	0.09477783114251888	0.5248496473429523	0.4965863580822091	0.36392669382402504	0.23745096505006763	0.11560768698530821	0.2664140432799228	0.38052020158864724	0.405323326077685
TSs63A	0	0.7537679173791507	0.11672856581084384	1	0.7737565287778526	0.8522609866165529	0.8138828867972638	0.704235018687373	0.43053101847969627	0.5852793286223691	0.7726886964682694	0.6506299787419133	0.6719114118323671	0.8672907605578156	0.7032503988928273	0.8752085777523766	0.6245474939719041	0.8397937708916401	0.7586450533556958	0.8748483784330898	0.8174402138781454	0.7651887792261354	0.816677055268177	0.876224178021965	0.7748243610874358
TSs158	1	0.7067707253129908	0.17507185712822876	1	0.7437686203773386	0.6985312945884713	0.5862751589505681	0.8998136883441092	0.17265640946489294	0.7658989358289531	0.7216383049257241	0.7849095985000123	0.6882660678805139	0.8772061972314706	0.48163921600722903	0.7959574708917917	0.8048233707352848	0.8139517947480951	0.6223010316222077	0.8334098531079902	0.6240577168909508	0.6468604807372543	0.8982866926320422	0.8767556316224834	0.5421755915497687
TSs269	0	0.2650263396666017	0.21741960787931017	0	0.21080627896165516	0.17141877232900143	0.01239517246654502	0.40970369902683784	0.36826011144614934	0.10917329944082954	0.06043120227983479	0.15766408672872745	0.12474378949541554	0.03173685072208511	0.2510386861867317	0.20329751516779765	0.8171677982377588	0.46477014973462977	0.21831504275551267	0.41778225371143335	0.2461739256161374	0.6939542055929184	0.07966950142360082	0.07816663244635762	0.38466409852372957
TSs317	0	0.45208134159920405	0.22960922961092056	1	0.3661855410442191	0.2747866905737906	0.31724458404470657	0.542556201430788	0.388084125521018	0.5339679340806625	0.4118077831534102	0.343662984434941	0.20108703277938494	0.1749224065553424	0.3253597400492328	0.34428695656742014	0.24566977790892014	0.8021264195028104	0.8536545194632228	0.391378659268208	0.2940471215795667	0.24403774583526375	0.8987455021790859	0.6877498133174509	0.7664508337388558
TSs49A	0	0.3600786376331909	0.16399647396511297	1	0.33506143332963956	0.30192045315820953	0.23278394959267923	0.5255643382252807	0.5511445486460668	0.589100442260118	0.3079057792349857	0.20149998987518175	0.44570049153070973	0.5625537922612185	0.28981421124671153	0.2071085353808837	0.15418223116940666	0.30861881553948517	0.36150405111979395	0.38473612586442435	0.363952452417208	0.04189996181243417	0.579203551098402	0.587254608348148	0.20512442388247168
TSs417	1	0.8197457007876638	0.08256315884755865	1	0.8085361697434772	0.884659979775413	0.8359826069253496	0.9572938575545392	0.8050423967108095	0.7393326240713749	0.8865710560028998	0.7624124200665174	0.9429354050319413	0.9516023225658736	0.872819405778277	0.8037541000835536	0.8606330250558976	0.8008479924719855	0.8379255287154644	0.7933393545636778	0.8120299427761448	0.6890841966082918	0.7289939085724796	0.6618656842224548	0.7677882082003316
TSs195	0	0.21429319469050828	0.10971317916703906	0	0.19611391490555918	0.34077834930948514	0.36342442870939856	0.13147631220884715	0.27560406010818606	0.12596006045640573	0.04879009268791602	0.3973696987161115	0.2439089724946805	0.18983460537622748	0.18417179053756425	0.20541246166072274	0.23535228041094042	0.19071142484099965	0.20151640497011875	0.1888808973356548	0.23139439264920908	0.4598225007045115	0.09772368952465414	0.09745332177522502	0.07627814933330725
TSs371	0	0.863571939611506	0.11314812703931725	1	0.8974925862056073	0.6261595288407605	0.7841759796461817	0.9365236772469477	0.9631946614019329	0.7562610415322716	0.9281425258900868	0.5901829892984849	0.9512638336493814	0.9011070196151256	0.8609338474679259	0.8766430497239495	0.8938781527960891	0.9548879209502468	0.9387433661114089	0.9648172669564037	0.9739678363515379	0.7238104462940084	0.9469260442102309	0.823177701624876	0.8766419026222714
TSs23	0	0.4761672232066344	0.17396999527856624	1	0.48305630006738143	0.5547816103824973	0.6573647906530665	0.30909526853527464	0.218418481241705	0.4658729031015273	0.4391497860812124	0.24390758224800543	0.5002396970332356	0.6055424689348768	0.5302067954865292	0.39367977744872923	0.5393192990312461	0.7608925443569823	0.17763536952616266	0.5959494814963244	0.43207873731431157	0.3027477453845069	0.8355239279174753	0.5494059655711223	0.41153223238789705
TSs51	0	0.26808352663954516	0.1601630560687222	0	0.2410671517758563	0.0928527093839387	0.20594835932098907	0.42310259898412955	0.4373458699397361	0.20186621465621837	0.06537313653433013	0.11711205397883867	0.3642837031947559	0.20370693263039302	0.6318009502817884	0.04983888384377715	0.2761859442307235	0.45812275493059745	0.37299756504956577	0.3760070527134437	0.2978779369205235	0.0644414511992601	0.18182005114398483	0.14820196514252423	0.3927843987113854
TSs59B	0	0.06516431082231468	0.08413789114503264	0	0.03851679957747346	0.05334933833398411	0.07392547518822735	0.015873973129679583	0.05013107228220384	0.2150480566568023	0.004080173158894094	0.023902057319735503	0.032974254347864156	0.09207787149854713	0.011503870882146234	0.35192362061256655	0.05412279754104043	0.011473940017465076	0.04093307226570999	0.029214776395950177	0.00880896129794251	0.014103550830134367	0.03610052688923693	0.13616674853422733	0.047572079263935786
TSs365	0	0.26266345056432805	0.17921648844096885	0	0.21002176274373813	0.14525123236817475	0.051222134387400683	0.7131024219719103	0.2859297743533219	0.1504212361053474	0.11322516151593601	0.379463580252863	0.14242644698429147	0.698710178337743	0.16807680456404822	0.23253903415956276	0.14876944877782394	0.1286039097395543	0.2033289024547925	0.28665913473897325	0.4441717970769962	0.3268316145620862	0.21671462303268374	0.2604355335942742	0.1573860423087774
TSs224	0	0.39419022414816973	0.10617803272612251	1	0.35944388039958175	0.2852412591617296	0.2959501591183823	0.5144181443381828	0.2996195596004223	0.5520735901744347	0.31212815872646105	0.3745085170604259	0.4849448067992591	0.32299206958098475	0.3513134611545341	0.32844962854624016	0.29434640874869417	0.45494585251716285	0.3675742996446294	0.5748881706971777	0.2302810474949367	0.5553632355377757	0.49434391317949633	0.45794805481556417	0.33247414606689946
TSs325	0	0.8868578389977338	0.08873465356441847	1	0.8950902259101035	0.8559599461012982	0.9624746235118442	0.9002623503104137	0.8428049252849349	0.8845084766617004	0.9228720696045349	0.8375023956371571	0.9485298966808685	0.9464751634130264	0.9683635972658046	0.8677643625475651	0.8339072291868105	0.9673100702877467	0.8899181015097933	0.9549946518003369	0.9567777481934454	0.5698315864416215	0.9202368569777799	0.8500809004565153	0.8565818280814818
TSs119A	0	0.43417623976285685	0.13926427213619214	1	0.4704508714662081	0.5397545575745282	0.49152764350388056	0.5826756790373853	0.35311566313637077	0.5654142412517708	0.3558218068596397	0.46520805084072225	0.5367272331321845	0.32749422927980426	0.696238642598152	0.153599478697838	0.3761629381275671	0.5764456029236854	0.49451843407348783	0.475693692091694	0.31552463835784655	0.4863952494741801	0.1566439046814333	0.37292725348416594	0.3616358561307989
TSs166	0	0.5719961579373045	0.25512421482591197	1	0.6087381749678448	0.30467163467206093	0.3101114428494488	0.92404417272084	0.7920298156682927	0.534198884882245	0.28308273793900485	0.783722770211499	0.8228057634065595	0.6910740167849309	0.7766460439538034	0.22699810770000056	0.3156495604642621	0.8546486246053027	0.8414643845431161	0.868948435557028	0.6185671129490122	0.4145878952316399	0.5989092369866773	0.22213376582970965	0.2556287517906557
TSs297	1	0.5337325397735786	0.19222402782030415	1	0.545904517630157	0.3652141608602015	0.7281356935957622	0.19199201744743283	0.8402604013618266	0.5925049318818364	0.3434762509007708	0.6694830347962186	0.1830254106338907	0.3268710768469356	0.447564566547803	0.4993041033784777	0.7387428357342503	0.6127478973118601	0.7364924550529098	0.694404293244556	0.41001771003384374	0.7266898808700109	0.4630509311435725	0.6503458292547357	0.454327314574676
TSs338	0	0.12433533969524482	0.07883745749427154	0	0.09885101833674381	0.24896189575935285	0.18377109651555068	0.0848354519938674	0.1439066367493489	0.02961426111738338	0.22537454783641284	0.015050468421091649	0.06053370284687646	0.11286658467962023	0.21949945215508915	0.056906228532516534	0.056560453577567	0.2543520465113819	0.21496422830504022	0.18021726222885348	0.06379692706376935	0.07074628173995817	0.14515773993342887	0.056674348745717106	0.06291717919206967
TSs293	0	0.29975955605900817	0.13536007611328052	0	0.29660612621598476	0.1147028915340508	0.5164971831230678	0.17315667365119083	0.2842893381839637	0.5838562634978339	0.16358503119510545	0.3163767072590369	0.28459151159155416	0.160001775027505	0.08651535279590951	0.21931610469359858	0.3199617801030998	0.2141546190428485	0.3454570204910274	0.3213556569649578	0.30862074084041535	0.25161796871372516	0.4928172251651973	0.3976169486793134	0.4407003286267632
TSs24	0	0.4525885742186402	0.2782583962376962	1	0.4011890047234511	0.08243552213654952	0.1645762432896179	0.7131167688720819	0.48132808705259567	0.26105338949914025	0.2993073368268176	0.22168119962847174	0.7012560138316831	0.5446052521096847	0.9191917715238634	0.12393351308495036	0.6290363947929948	0.7264703279180067	0.9105495727528722	0.31309226458496164	0.625970376910201	0.06007302352277499	0.32104992239430646	0.21669824091114115	0.7363462627300902
TSs334	1	0.7701438253060707	0.13431514536381922	1	0.8196154293947684	0.7552198364719184	0.9241658832781982	0.8213114306662872	0.8976902625432235	0.8179194281232496	0.6943584261723855	0.823594763762751	0.9326850330537032	0.9125142756700458	0.8213150700235177	0.8705321590374748	0.6484875985114451	0.8578787465893122	0.757630248873197	0.8885314652535399	0.7360051871034732	0.45761131586484627	0.5740360525645553	0.5772919989502653	0.634097323608026
TSs1A	0	0.04203903573770396	0.04151380781109883	0	0.023181465193181348	0.01305798170405582	0.026878966655744393	0.033045391132258135	0.062081917472796296	0.1045477795761671	0.005137762110179318	0.026388725174086195	0.03010512240187257	0.011530645551573541	0.018348803235576548	0.09256580703612588	0.12366275541629627	0.0033063010018581215	0.015786514470733034	0.006934502730251909	0.015608528900902053	0.015563801423658723	0.1279381088358827	0.08831709471178421	0.0199742052122765
TSs266	1	0.4245219833737049	0.21087570078004225	1	0.4281732594400885	0.2917320325506365	0.7743099120810807	0.20658791741355895	0.36342650743409	0.1695478734207759	0.0719265377333949	0.22947703301382635	0.5902925193825208	0.7547959488686738	0.3449117879409847	0.7400531740995114	0.206827855737192	0.6274105926502395	0.4971279069474846	0.5439838211148214	0.4080334656255611	0.18566322290030216	0.4483130532546159	0.504130827268319	0.5318876780365079
TSs277	0	0.20102552185020514	0.1597343947181848	0	0.15607582901460326	0.1709995981014538	0.4191941185659746	0.060653451201112506	0.4968952368699424	0.1411520599277527	0.2551254118646816	0.23969911761289528	0.1388353004549056	0.3100585719451545	0.02029981039473404	0.09122924189381738	0.05800200110679323	0.061899089043276345	0.3712338133881471	0.39267702581702935	0.02266284478356845	0.027948259313241627	0.4689697024966345	0.21759805342054325	0.055377728802444744
TSs60B	0	0.5236092664438072	0.18728651150993808	1	0.5394018180676148	0.5475517992237617	0.5312518369114678	0.4412386014400756	0.6398210284212571	0.4225970864770583	0.3860225429734044	0.24471519874096137	0.1950199336993785	0.6909309411585806	0.6275252815435278	0.7352378942405456	0.7310386845218412	0.5560802396764604	0.29111923692632635	0.46557846712495426	0.433910443590768	0.8171365849203472	0.8477378337216489	0.556669147377688	0.31100254618609197
TSs303	0	0.6466732613788828	0.26989723293532975	1	0.7058978892458506	0.5802625897579091	0.7465181973399858	0.9175204013989652	0.967718738608732	0.34913927229229413	0.5805810310961143	0.7021248440217362	0.8333511843442899	0.709670934469965	0.9660622146290448	0.16123508927081473	0.2891276147939851	0.6919808078384427	0.9211806059054661	0.8216675746133628	0.8589442378940089	0.12484516172515807	0.3610940380722739	0.46982586356307227	0.8806148259420334
TSs120	1	0.5966422814959487	0.18290497511741857	1	0.6102665945093684	0.420245183613242	0.6166627438308988	0.7527965595693366	0.6038704451878378	0.4531399735208672	0.32068669642032005	0.24695117215896595	0.6318975876544912	0.6676064011924467	0.7701084561202068	0.41673918771604473	0.81489133378931	0.8761360087390616	0.8217586556195939	0.8273072244315322	0.4656403452964042	0.5665867861287216	0.7116435674278718	0.4522660863359479	0.4959112151658696
TSs132	0	0.6454389881503154	0.13551088292993588	1	0.6536933010780954	0.647856397793057	0.7286311117076598	0.876603122640057	0.751126054484602	0.6877660973982721	0.4692825341185983	0.6234025358217197	0.6811119868827227	0.49103184353226603	0.6217914623876407	0.45742289155320576	0.5354344503782049	0.886925700453587	0.6881347255942101	0.8872372014539711	0.6650829624674915	0.6595302043631338	0.48718006264908625	0.5117761109961741	0.5514523063306466
TSs78	1	0.9043638455621753	0.16011178857901004	1	0.969903135810597	0.6487587708226881	0.33820979596164885	0.9946653039247689	0.9748693008100388	0.9512646549778566	0.985209678146477	0.9672383465706171	0.9890013952371445	0.9941942709829898	0.8394849514452535	0.90304588973454	0.8882745298113983	0.9886089070647959	0.9897324166907393	0.9863155591271638	0.9894512934772243	0.7731467051925395	0.9529778373467086	0.9725679250505769	0.9602593788683399
TSs61	0	0.7849752220604249	0.14300788972875342	1	0.7996419533066442	0.7748832352093168	0.7195568053881695	0.9148988214214917	0.7881416255141501	0.29287173009115747	0.8928152482906672	0.8007472154172756	0.6151757528548216	0.8715321160840699	0.8138432397369008	0.8825099861244142	0.7948004238505897	0.9403896618252662	0.9058197444860915	0.872419844275007	0.7985366911960129	0.7843871231286895	0.7791655276368319	0.6463710922532027	0.8106385564243723
TSs60	0	0.2728801781417616	0.19593870423089194	0	0.24570356615148856	0.30946677930283617	0.2533154449866707	0.0880053687250261	0.39170459954311415	0.1767348032701214	0.06390137209940394	0.04580828210758687	0.19923041667095423	0.4717607782143377	0.7069741270905292	0.7022921801221552	0.241444857101375	0.10495601569463905	0.26170888009184773	0.14704689092264378	0.04666118275334828	0.2499622752016021	0.1641320199916126	0.35558753234764195	0.47690975659778534
TSs274	0	0.532737633299795	0.26350375466995823	1	0.5158834602508777	0.28516685439685496	0.6144025442562114	0.5097057540675265	0.843183671949788	0.12909945725578376	0.6250555985191751	0.1266503044206923	0.5607158490319216	0.5030563014538666	0.9374408103170753	0.33217951223137837	0.2895547077335349	0.7577209100219361	0.5220611664342288	0.8565301792561445	0.9174304541308602	0.10559564083811042	0.7806231200273659	0.47444164397461164	0.48413818567883427
TSs10A	0	0.26754517511559484	0.16208626238125615	0	0.2671595490361569	0.3768127453550942	0.3516903450095625	0.03925974614219236	0.31686968496114476	0.1222920054771799	0.12869929481221734	0.0273208831626856	0.31158164847280007	0.36373942885268495	0.2655434327420678	0.6131619334951313	0.26877566533024605	0.2156395870484324	0.11971142995045567	0.19091006831748514	0.06477391921281472	0.18624940589498482	0.4615479492954107	0.41546198220447667	0.5108623465748291
TSs96	1	0.6530188795288103	0.14435995446972577	1	0.6862408619059353	0.3689776829306249	0.49772387827616643	0.7610931472107202	0.6244272721735986	0.5131349056433818	0.4961706658420744	0.5651201916118891	0.7509478645593889	0.6192554518235521	0.7802640529305662	0.5451050980957027	0.7971467632340176	0.5754426063329152	0.8466315123946279	0.7661814670344826	0.7480544516382718	0.44170884630696766	0.7654223713619029	0.7648383633384093	0.8327309978369477
TSs282	0	0.10807623645323343	0.21916933185292548	0	0.03987499510157548	0.20781674210610637	0.02934710118634922	0.0014105145381919139	0.03491401214715226	0.0448359780559987	0.004751918504832652	0.0007589656388261398	0.05305826066544714	0.3773510465029608	0.10024166105434715	0.9584688537593126	0.01626977386182294	0.01262512755634712	0.009554346077037205	0.009227477663387213	0.0005805146832617927	0.0645360381976527	0.04613678152457403	0.085363498810165	0.10427611653089568
TSs56A	0	0.8295029423093018	0.11767206892111781	1	0.8533470783400416	0.6643789957531545	0.6261407972940211	0.9700482929649198	0.6693400420546285	0.839637195933604	0.9187870353963343	0.6910830488807805	0.9675908794212928	0.9031632944795519	0.692278343300756	0.9710564264663315	0.7727518623563494	0.913843532739445	0.9752342815217587	0.806225633367236	0.9014243198545431	0.8670569607464792	0.9207246954551058	0.7886824100775395	0.7306107981222039
TSs296	0	0.06438939262435142	0.06784839755240077	0	0.034074246076276016	0.02076986539416199	0.10011081351378122	0.019003399257817546	0.08030558843422493	0.24471812724927391	0.008394990374702982	0.06450059912905723	0.013298276174906587	0.032380888157760315	0.0449422164584951	0.0688805627713498	0.19786884736930177	0.004940190443698887	0.03456051243970585	0.017779306041910928	0.01375685600708211	0.03358797971284619	0.08400323893757713	0.17665001671676406	0.02733557790261035
TSs33	0	0.31542856212741177	0.12740055474369902	0	0.32727623877631973	0.3570840028728909	0.16618647047964558	0.25048830239575964	0.5795856882843333	0.4782169251643824	0.18608507502698338	0.1259279181151308	0.3039471834453884	0.15244181424261913	0.3538253645619104	0.3892737956947417	0.35060529410725105	0.262326079039291	0.15786004324495595	0.22538927287697452	0.46200483240665546	0.4000227960383043	0.3581723473325185	0.26694363368419055	0.4821844035343075
TSs311	1	0.8187704856667152	0.18199788485144622	1	0.8944485617851446	0.5030531389269765	0.6850600394118133	0.9696898082387497	0.9494111019162348	0.8911901299827358	0.7632251255207573	0.3682114789431024	0.9085431300069682	0.9573570824892668	0.8371327585385979	0.9256602358199668	0.9330097946277747	0.8574535641310933	0.9615384390817376	0.7894548284549497	0.968327834889731	0.45381524042745364	0.8977069935875535	0.9700760188084644	0.7854929695303748
TSs68	0	0.13602487620057713	0.19069657262042022	0	0.05484684662855384	0.08614963516448708	0.052672234965559214	0.007492229040039631	0.6857497731047156	0.3252036313055353	0.03822673002302571	0.01611023797902619	0.25748828889131353	0.06983149389982496	0.039708452908861325	0.5762061910215917	0.08614105207277918	0.0070426882201835754	0.024090862414502468	0.01712788132143103	0.007161562870743671	0.1267463073850176	0.05702145829154847	0.19649859768898628	0.04382821544236983
TSs104	0	0.29688354693982577	0.14016222407890086	0	0.2944715173465844	0.32816494628465775	0.28958974159967976	0.3308701197341422	0.1477444260343667	0.11509607978041451	0.17704316462552636	0.06650263162303426	0.456670161789751	0.48537887259096457	0.48625829157646194	0.26886456227677935	0.29935329309348896	0.5219988161635497	0.3875331826789606	0.3195742955399128	0.1380130254302108	0.1494717368503618	0.2262835802045991	0.2531043719800673	0.49015563893958536
TSs58	0	0.6136774762899665	0.16638956264486424	1	0.5955282669979225	0.33184707507456696	0.7202653637127457	0.6354378206100151	0.5894715644645481	0.489819168360912	0.4843214036237007	0.536881058531574	0.8178883397157513	0.8575609000768802	0.3182711898386497	0.8780832789798352	0.5261015862894931	0.6754095271999088	0.5299068700302497	0.862510275726609	0.7834189875350894	0.6121668657708299	0.6015849695312968	0.4500259864082326	0.5725772943184432
TSs358	0	0.2581899463082108	0.29513164494474264	0	0.11665052561877648	0.0807620136194775	0.2921810924639382	0.013709187098683049	0.49439972956059675	0.5095416748612356	0.5324143523530901	0.820902949774574	0.2914587624320662	0.01757062297940725	0.012918518736372625	0.6812121459981514	0.011704864883620329	0.015098889123164996	0.15253903761807547	0.010391283933173213	0.33560957268343095	0.8651546862757628	0.017328370695768956	0.007617620469261821	0.0012835506043642729
TSs82	1	0.7815395455218446	0.11803592399860002	1	0.7781987609197654	0.7910181217935702	0.7398957792269795	0.9324516578526657	0.6668307421121755	0.5570007566156402	0.9301298986935217	0.58499487830682	0.7468228719862383	0.8645641885393263	0.7653794000459605	0.7395412621020905	0.6163065334661795	0.9717805570196911	0.7580974250492789	0.9308142507300968	0.8220544201441844	0.8203424295611453	0.8459446392946715	0.850732009246939	0.6960890886497159
TSs15	0	0.843617424457701	0.17197513680186013	1	0.9082516864718182	0.6547623801490732	0.8882729812162089	0.9838516157833986	0.9819069767863956	0.4259799664519109	0.9127974086318948	0.40488168710374656	0.9037059643117415	0.9619142914198052	0.9541765375876136	0.8953624578710754	0.7090003471509017	0.9497438387016648	0.8115494322699142	0.9802115294609312	0.9546726393637125	0.8116252136079218	0.9586672757662307	0.8159785614519991	0.9132873840678846
TSs3	0	0.5357215035165042	0.17885076858643129	1	0.5158795683110786	0.5034690235724606	0.5202991593228881	0.7321566934056215	0.6704207218725026	0.45991189148490846	0.44082697869702847	0.23808393365268296	0.2667493804072597	0.5114599772992692	0.9281729081210297	0.7123087291948185	0.719252702560344	0.41658156280295733	0.5726604429473126	0.31091136449345685	0.48940733463645814	0.3567510785719683	0.5305307665050821	0.7664902996006432	0.5679851211813906
TSs4	0	0.3912899056781512	0.20944916634521346	1	0.3801620709382679	0.3094175331360732	0.3853272593006071	0.1265078233685484	0.3727040267064544	0.37809425040096	0.38222989147557584	0.43858099268286027	0.37147003706443205	0.8047016249522464	0.04955466513890312	0.5443394899181497	0.16877853579623733	0.30891492350769284	0.44747894546533723	0.5657747802099843	0.14846185368373485	0.15008213834086598	0.8110154218105194	0.6310812730097118	0.43128264759412943
TSs331	0	0.5651402046211649	0.2948625480556274	1	0.6373577155617185	0.13269844779630785	0.6561177063334052	0.9553178830285118	0.7097580794901897	0.17407716427919404	0.7208181697059753	0.22976283032315678	0.7183093762943691	0.5302973683070981	0.9545709418930778	0.0723858275161147	0.6185977247900318	0.5055510504556783	0.8229589248654341	0.8536798431942662	0.8394822914996312	0.3941960521102372	0.22601688815060672	0.27992641164136856	0.908281110748642
TSs314B	0	0.3623104214421381	0.2691755827688027	1	0.3231511009807901	0.1391395011643588	0.06672939284364969	0.13732919875287358	0.0933419745834972	0.823282814904591	0.05192091598754716	0.23176089951497578	0.58916435713289	0.6347251135480412	0.7145032396235362	0.8380518000119708	0.4145413024466044	0.5055648712153549	0.43049315632788326	0.11174153594999937	0.06946789821255728	0.20824847702331017	0.13251346400716796	0.4657167642507646	0.5879717513411896
TSs333	0	0.7134991843871722	0.11210881245367824	1	0.7235920563979155	0.4534685369054373	0.7092395522758178	0.8631792553733921	0.7355500359437048	0.7794823471051326	0.6632970941889347	0.711634076852126	0.7872468217439882	0.6669923967919891	0.7395451681942607	0.7905396737963224	0.5817751401682617	0.9137330054099098	0.6786664701727153	0.8046036229172655	0.6625676996506554	0.5302429978883688	0.7517403955854883	0.8290579813895521	0.6174214153901221
TSs7	0	0.25544126263655464	0.17463239006045203	0	0.21068596426040864	0.21674209057855742	0.5207575896269924	0.0962418922450742	0.20462983794225983	0.5024556187008786	0.1559235391596487	0.2538439868668979	0.07831026618929433	0.2209900161777848	0.05459454885128876	0.4414664096030507	0.5381699819762551	0.09168929233775516	0.1572073528819797	0.16900766979945064	0.18528001318798135	0.22066788003107163	0.2170827777694229	0.6492540922771248	0.1345103965283234
TSs38	0	0.6908067231554731	0.22047519196339313	1	0.7282905887676844	0.8286574873182125	0.8189109668220607	0.9480147045537783	0.7330515553307381	0.6732572670749435	0.6540610898220462	0.11142582315607294	0.9714613282966225	0.7235296222046307	0.8361230954186429	0.8887425663422847	0.6712934964582852	0.7666942745143576	0.40151714423661383	0.5708341776325855	0.8185048185922537	0.8903386764467824	0.6228197321330892	0.27699540462301386	0.6099012321324466
TSs10	1	0.35564405241479036	0.17539687041994872	0	0.3943508106616946	0.4297450506231868	0.26203424617265464	0.4651281661256367	0.07730821155810769	0.17225085001154866	0.5089128673130324	0.29331776226313616	0.07151999585400126	0.3886193813138265	0.4261521348880023	0.40008224000956266	0.5306322019779075	0.750054111238482	0.4203303145012124	0.4250102086561464	0.3352253531366894	0.5763856985846205	0.15968641003915904	0.26517270941196264	0.15531313461693214
TSs48	0	0.44858360853216767	0.3018551861337334	1	0.5604324622105552	0.0916169309142709	0.621324621507083	0.9647483049827972	0.3141907713161403	0.14801676904855693	0.5886286903263955	0.7040190634016565	0.5695172142180974	0.11347285251551689	0.5887194606355937	0.057712960547460807	0.03125394096885483	0.7708271265875438	0.6773755449838661	0.7757190413650813	0.7203165193054213	0.017640239302205717	0.5513477102030131	0.5332880468515389	0.13193636166225803
