ID	ID	Class	Mean	stdev	Predicted_0.01	Median	score_0	score_1	score_2	score_3	score_4	score_5	score_6	score_7	score_8	score_9	score_10	score_11	score_12	score_13	score_14	score_15	score_16	score_17	score_18	score_19
TSs156A	0	0.49703066970034343	0.014783948651347571	1	0.5	0.5220245763602924	0.4893044587814023	0.5	0.5	0.4845909666608629	0.5106957504130752	0.5	0.44496693262756215	0.5	0.5	0.5106957504130752	0.48903049996919634	0.5	0.5	0.5	0.5	0.5	0.5	0.48930445878140216	0.5
TSs361	0	0.50232357496954	0.022970480388821927	1	0.5	0.5275853841572485	0.5	0.5	0.5	0.4845909666608629	0.5	0.5	0.4463116256871918	0.5	0.5104786873476891	0.5415771704287529	0.45805842425140014	0.5	0.5315250209920086	0.5275853841572485	0.5	0.5284067150028595	0.5	0.4903521207055395	0.5
TSs368	0	0.49645337524971334	0.013959011516146803	1	0.5	0.5	0.4893044587814023	0.5	0.5	0.4845909666608629	0.5106957504130752	0.5	0.44496693262756215	0.5	0.5104786873476891	0.5106957504130752	0.48903049996919634	0.5	0.5	0.5	0.5	0.5	0.5	0.48930445878140216	0.5
TSs49	0	0.4928340543809989	0.016027344543163565	1	0.5	0.5	0.4893044587814023	0.5	0.5	0.46013299977536953	0.5106957504130752	0.5	0.44496693262756215	0.5	0.5104786873476891	0.47797917259968115	0.48903049996919634	0.5	0.5	0.5	0.5	0.5	0.48478812732460036	0.48930445878140216	0.5
TSs138B	0	0.4959294408823289	0.013596836069463967	1	0.5	0.5	0.4893044587814023	0.5	0.5	0.4845909666608629	0.5106957504130752	0.5	0.44496693262756215	0.5	0.5	0.5106957504130752	0.48903049996919634	0.5	0.5	0.5	0.5	0.5	0.5	0.48930445878140216	0.5
TSs22B	0	0.49569278161594327	0.014168451715307194	1	0.5	0.5	0.4893044587814023	0.4847881273246004	0.5	0.4845909666608629	0.5106957504130752	0.5	0.44496693262756215	0.5	0.5104786873476891	0.5106957504130752	0.48903049996919634	0.5	0.5	0.5	0.5	0.5	0.5	0.48930445878140216	0.5
TSs287	0	0.4945919051970889	0.01623892019571066	1	0.5	0.5	0.4893044587814023	0.4847881273246004	0.5	0.46013299977536953	0.5	0.51313618892148	0.44496693262756215	0.5	0.5104786873476891	0.5106957504130752	0.48903049996919634	0.5	0.5	0.5	0.5	0.5	0.5	0.48930445878140216	0.5
TSs383	0	0.4983132342785194	0.011875627891135113	1	0.5	0.5	0.4893044587814023	0.5	0.5	0.4845909666608629	0.5106957504130752	0.51313618892148	0.5	0.5	0.5104786873476891	0.5106957504130752	0.45805842425140014	0.5	0.5	0.5	0.5	0.5	0.5	0.48930445878140216	0.5
TSs314A	0	0.4946956893847848	0.015608066554035707	1	0.5	0.5	0.4893044587814023	0.5	0.5	0.46013299977536953	0.5	0.5	0.44496693262756215	0.5	0.5104786873476891	0.5106957504130752	0.48903049996919634	0.5	0.5	0.5	0.5	0.5	0.5	0.48930445878140216	0.5
TSs30	0	0.49646081136997716	0.013955041820416748	1	0.5	0.5	0.4893044587814023	0.5	0.5	0.4845909666608629	0.5106957504130752	0.5	0.44496693262756215	0.5	0.5104786873476891	0.5106957504130752	0.48903049996919634	0.5	0.5	0.5	0.5	0.5	0.5	0.4894531811866786	0.5
TSs291	1	0.49451803988720516	0.015328047116852782	1	0.5	0.5220245763602924	0.5	0.4847881273246004	0.5	0.46013299977536953	0.5	0.51313618892148	0.5	0.5	0.5	0.47797917259968115	0.45805842425140014	0.5	0.5	0.5	0.5	0.5	0.48478812732460036	0.4894531811866786	0.5
TSs157A	0	0.49645337524971334	0.013959011516146803	1	0.5	0.5	0.4893044587814023	0.5	0.5	0.4845909666608629	0.5106957504130752	0.5	0.44496693262756215	0.5	0.5104786873476891	0.5106957504130752	0.48903049996919634	0.5	0.5	0.5	0.5	0.5	0.5	0.48930445878140216	0.5
TSs27	1	0.49451803988720516	0.015328047116852782	1	0.5	0.5220245763602924	0.5	0.4847881273246004	0.5	0.46013299977536953	0.5	0.51313618892148	0.5	0.5	0.5	0.47797917259968115	0.45805842425140014	0.5	0.5	0.5	0.5	0.5	0.48478812732460036	0.4894531811866786	0.5
TSs363	0	0.4986702410976814	0.006388287942763104	1	0.5	0.5	0.4893044587814023	0.5	0.5	0.4845909666608629	0.5	0.5	0.5	0.5	0.5104786873476891	0.5106957504130752	0.48903049996919634	0.5	0.5	0.5	0.5	0.5	0.5	0.48930445878140216	0.5
TSs9	0	0.4941368611959627	0.016011792367292884	1	0.5	0.5	0.5	0.5	0.5	0.46013299977536953	0.5106957504130752	0.5	0.44496693262756215	0.5	0.5104786873476891	0.47797917259968115	0.48903049996919634	0.5	0.5	0.5	0.5	0.5	0.5	0.4894531811866786	0.5
TSs151B	0	0.49704891637680576	0.011783894897624964	1	0.5	0.5	0.49035212070553963	0.4847881273246004	0.5	0.4845909666608629	0.5117434015199981	0.5	0.5	0.5	0.5104786873476891	0.5115134185393441	0.45805842425140014	0.5	0.5	0.5	0.5	0.5	0.5	0.4894531811866786	0.5
TSs133	0	0.49481051845591323	0.017343292528735548	1	0.5	0.5220245763602924	0.4893044587814023	0.4847881273246004	0.5	0.46013299977536953	0.5106957504130752	0.5	0.44496693262756215	0.5	0.5104786873476891	0.5106957504130752	0.48903049996919634	0.5	0.5	0.5	0.5	0.5	0.48478812732460036	0.48930445878140216	0.5
TSs155	0	0.49920502861833527	0.006930173901003248	1	0.5	0.5	0.4893044587814023	0.5	0.5	0.4845909666608629	0.5106957504130752	0.5	0.5	0.5	0.5104786873476891	0.5106957504130752	0.48903049996919634	0.5	0.5	0.5	0.5	0.5	0.5	0.48930445878140216	0.5
TSs209	0	0.49645337524971334	0.013959011516146803	1	0.5	0.5	0.4893044587814023	0.5	0.5	0.4845909666608629	0.5106957504130752	0.5	0.44496693262756215	0.5	0.5104786873476891	0.5106957504130752	0.48903049996919634	0.5	0.5	0.5	0.5	0.5	0.5	0.48930445878140216	0.5
TSs136	0	0.4952152455338476	0.01762494110015817	1	0.5	0.5220245763602924	0.4893044587814023	0.4847881273246004	0.5	0.4845909666608629	0.5106957504130752	0.5	0.44496693262756215	0.5	0.5104786873476891	0.5106957504130752	0.4574552019669895	0.5	0.5	0.5	0.5	0.5	0.5	0.48930445878140216	0.5
TSs22A	0	0.4947065425380542	0.015619690107348165	1	0.5	0.5	0.4893044587814023	0.5	0.5	0.46013299977536953	0.5106957504130752	0.5	0.44496693262756215	0.5	0.5	0.5106957504130752	0.48903049996919634	0.5	0.5	0.5	0.5	0.5	0.5	0.48930445878140216	0.5
TSs357	1	0.496066643673095	0.012808051719709623	1	0.5	0.5220245763602924	0.5	0.4847881273246004	0.5	0.46013299977536953	0.5	0.51313618892148	0.5	0.5	0.5	0.47797917259968115	0.48903049996919634	0.5	0.5	0.5	0.5	0.5	0.48478812732460036	0.4894531811866786	0.5
TSs161	0	0.49686567008445487	0.011809472077564867	1	0.5	0.5	0.4893044587814023	0.5	0.5	0.4845909666608629	0.5106957504130752	0.5	0.5	0.5	0.5104786873476891	0.5106957504130752	0.4574552019669895	0.5	0.5	0.5	0.5	0.5	0.48478812732460036	0.48930445878140216	0.5
TSs11	0	0.49487461034960295	0.016412662822238477	1	0.5	0.5	0.4893044587814023	0.5	0.5	0.4845909666608629	0.5106957504130752	0.5	0.44496693262756215	0.5	0.5104786873476891	0.5106957504130752	0.4574552019669895	0.5	0.5	0.5	0.5	0.5	0.5	0.48930445878140216	0.5
TSs5A	0	0.49645337524971334	0.013959011516146803	1	0.5	0.5	0.4893044587814023	0.5	0.5	0.4845909666608629	0.5106957504130752	0.5	0.44496693262756215	0.5	0.5104786873476891	0.5106957504130752	0.48903049996919634	0.5	0.5	0.5	0.5	0.5	0.5	0.48930445878140216	0.5
TSs131	0	0.49645337524971334	0.013959011516146803	1	0.5	0.5	0.4893044587814023	0.5	0.5	0.4845909666608629	0.5106957504130752	0.5	0.44496693262756215	0.5	0.5104786873476891	0.5106957504130752	0.48903049996919634	0.5	0.5	0.5	0.5	0.5	0.5	0.48930445878140216	0.5
TSs294	0	0.4957352885459197	0.014658072651039009	1	0.5	0.5220245763602924	0.4893044587814023	0.4847881273246004	0.5	0.4845909666608629	0.5	0.5	0.44496693262756215	0.5	0.5	0.5106957504130752	0.48903049996919634	0.5	0.5	0.5	0.5	0.5	0.5	0.48930445878140216	0.5
TSs378	0	0.49605146280774914	0.013746455169505007	1	0.5	0.5	0.4893044587814023	0.5	0.5	0.4845909666608629	0.5	0.51313618892148	0.44496693262756215	0.5	0.5	0.5106957504130752	0.48903049996919634	0.5	0.5	0.5	0.5	0.5	0.5	0.48930445878140216	0.5
TSs336	0	0.49545190480023316	0.017175721198645057	1	0.5	0.5220245763602924	0.4893044587814023	0.5	0.5	0.4845909666608629	0.5106957504130752	0.5	0.44496693262756215	0.5	0.5	0.5106957504130752	0.4574552019669895	0.5	0.5	0.5	0.5	0.5	0.5	0.48930445878140216	0.5
TSs111	0	0.49680144655422176	0.0153254276602003	1	0.5	0.5220245763602924	0.4893044587814023	0.5	0.5	0.4845909666608629	0.5106957504130752	0.5	0.44496693262756215	0.5	0.5104786873476891	0.5106957504130752	0.48903049996919634	0.5	0.5	0.5	0.5	0.5	0.48478812732460036	0.4894531811866786	0.5
TSs56	1	0.49527863352097523	0.015196679302435625	1	0.5	0.5220245763602924	0.5	0.5	0.5	0.46013299977536953	0.5	0.51313618892148	0.5	0.5	0.5	0.47797917259968115	0.45805842425140014	0.5	0.5	0.5	0.5	0.5	0.48478812732460036	0.4894531811866786	0.5
TSs3A	0	0.4959294408823289	0.013596836069463967	1	0.5	0.5	0.4893044587814023	0.5	0.5	0.4845909666608629	0.5106957504130752	0.5	0.44496693262756215	0.5	0.5	0.5106957504130752	0.48903049996919634	0.5	0.5	0.5	0.5	0.5	0.5	0.48930445878140216	0.5
TSs95	0	0.49547435580511767	0.014666907083170136	1	0.5	0.5	0.4893044587814023	0.5	0.5	0.4845909666608629	0.5106957504130752	0.51313618892148	0.44496693262756215	0.5	0.5104786873476891	0.47797917259968115	0.48903049996919634	0.5	0.5	0.5	0.5	0.5	0.5	0.48930445878140216	0.5
TSs2	0	0.49289111837155825	0.018087715236989373	1	0.5	0.5	0.4893044587814023	0.5	0.5	0.46013299977536953	0.5106957504130752	0.5	0.44496693262756215	0.5	0.5104786873476891	0.5106957504130752	0.4574552019669895	0.5	0.5	0.5	0.5	0.5	0.48478812732460036	0.48930445878140216	0.5
TSs44C	0	0.494114016715833	0.016514797168223874	1	0.5	0.5	0.4893044587814023	0.4847881273246004	0.5	0.4845909666608629	0.5106957504130752	0.5	0.44496693262756215	0.5	0.5104786873476891	0.5106957504130752	0.4574552019669895	0.5	0.5	0.5	0.5	0.5	0.5	0.48930445878140216	0.5
TSs201	1	0.4944878787729846	0.015403970316030854	1	0.5	0.5220245763602924	0.5	0.4847881273246004	0.5	0.46013299977536953	0.5	0.51313618892148	0.5	0.5	0.5	0.47797917259968115	0.4574552019669895	0.5	0.5	0.5	0.5	0.5	0.48478812732460036	0.4894531811866786	0.5
TSs217	0	0.49592602384932327	0.013580739195321032	1	0.5	0.5	0.4893044587814023	0.5	0.5	0.4845909666608629	0.5	0.5	0.44496693262756215	0.5	0.5104786873476891	0.5106957504130752	0.48903049996919634	0.5	0.5	0.5	0.5	0.5	0.5	0.4894531811866786	0.5
TSs168	0	0.49477100315018185	0.018125068989681997	1	0.5	0.5220245763602924	0.5	0.5	0.5	0.4845909666608629	0.5106957504130752	0.51313618892148	0.44496693262756215	0.5	0.5104786873476891	0.47797917259968115	0.4574552019669895	0.5	0.5	0.5	0.5	0.5	0.48478812732460036	0.48930445878140216	0.5
TSs98	1	0.49645337524971334	0.013959011516146803	1	0.5	0.5	0.4893044587814023	0.5	0.5	0.4845909666608629	0.5106957504130752	0.5	0.44496693262756215	0.5	0.5104786873476891	0.5106957504130752	0.48903049996919634	0.5	0.5	0.5	0.5	0.5	0.5	0.48930445878140216	0.5
TSs116	0	0.49645337524971334	0.013959011516146803	1	0.5	0.5	0.4893044587814023	0.5	0.5	0.4845909666608629	0.5106957504130752	0.5	0.44496693262756215	0.5	0.5104786873476891	0.5106957504130752	0.48903049996919634	0.5	0.5	0.5	0.5	0.5	0.5	0.48930445878140216	0.5
TSs53	0	0.49645337524971334	0.013959011516146803	1	0.5	0.5	0.4893044587814023	0.5	0.5	0.4845909666608629	0.5106957504130752	0.5	0.44496693262756215	0.5	0.5104786873476891	0.5106957504130752	0.48903049996919634	0.5	0.5	0.5	0.5	0.5	0.5	0.48930445878140216	0.5
TSs63A	0	0.4982259987140156	0.007868994510046667	1	0.5	0.5	0.5	0.5	0.5	0.4845909666608629	0.5	0.51313618892148	0.5	0.5	0.5104786873476891	0.47797917259968115	0.48903049996919634	0.5	0.5	0.5	0.5	0.5	0.5	0.48930445878140216	0.5
TSs158	1	0.4939531017120548	0.015388184737402161	1	0.5	0.5220245763602924	0.4893044587814023	0.4847881273246004	0.5	0.46013299977536953	0.5	0.51313618892148	0.5	0.5	0.5	0.47797917259968115	0.4574552019669895	0.5	0.5	0.5	0.5	0.5	0.48478812732460036	0.4894531811866786	0.5
TSs269	0	0.49428275883838985	0.013680910145227964	1	0.5	0.5	0.4893044587814023	0.5	0.5	0.4845909666608629	0.5	0.5	0.44496693262756215	0.5	0.5104786873476891	0.47797917259968115	0.48903049996919634	0.5	0.5	0.5	0.5	0.5	0.5	0.48930445878140216	0.5
TSs317	0	0.4990833590920752	0.01202054214744357	1	0.5	0.5220245763602924	0.4893044587814023	0.5	0.5	0.46013299977536953	0.5106957504130752	0.5	0.5	0.5	0.5104786873476891	0.5106957504130752	0.48903049996919634	0.5	0.5	0.5	0.5	0.5	0.5	0.48930445878140216	0.5
TSs49A	0	0.4960165689863113	0.014621480129304499	1	0.5	0.5	0.5	0.5	0.5	0.4845909666608629	0.5106957504130752	0.51313618892148	0.44496693262756215	0.5	0.5104786873476891	0.47797917259968115	0.48903049996919634	0.5	0.5	0.5	0.5	0.5	0.5	0.4894531811866786	0.5
TSs417	1	0.4944878787729846	0.015403970316030854	1	0.5	0.5220245763602924	0.5	0.4847881273246004	0.5	0.46013299977536953	0.5	0.51313618892148	0.5	0.5	0.5	0.47797917259968115	0.4574552019669895	0.5	0.5	0.5	0.5	0.5	0.48478812732460036	0.4894531811866786	0.5
TSs195	0	0.49553141979567694	0.016884627354821737	1	0.5	0.5	0.4893044587814023	0.5	0.5	0.4845909666608629	0.5106957504130752	0.51313618892148	0.44496693262756215	0.5	0.5104786873476891	0.5106957504130752	0.4574552019669895	0.5	0.5	0.5	0.5	0.5	0.5	0.48930445878140216	0.5
TSs371	0	0.49768384135079524	0.008209970858456908	1	0.5	0.5	0.4893044587814023	0.4847881273246004	0.5	0.4845909666608629	0.5106957504130752	0.5	0.5	0.5	0.5104786873476891	0.5106957504130752	0.48903049996919634	0.5	0.5	0.5	0.5	0.5	0.48478812732460036	0.48930445878140216	0.5
TSs23	0	0.49627751218683736	0.015009084284962568	1	0.5	0.5220245763602924	0.4893044587814023	0.4847881273246004	0.5	0.4845909666608629	0.5106957504130752	0.5	0.44496693262756215	0.5	0.5	0.5106957504130752	0.48903049996919634	0.5	0.5	0.5	0.5	0.5	0.5	0.4894531811866786	0.5
TSs51	0	0.49645337524971334	0.013959011516146803	1	0.5	0.5	0.4893044587814023	0.5	0.5	0.4845909666608629	0.5106957504130752	0.5	0.44496693262756215	0.5	0.5104786873476891	0.5106957504130752	0.48903049996919634	0.5	0.5	0.5	0.5	0.5	0.5	0.48930445878140216	0.5
TSs59B	0	0.49645337524971334	0.013959011516146803	1	0.5	0.5	0.4893044587814023	0.5	0.5	0.4845909666608629	0.5106957504130752	0.5	0.44496693262756215	0.5	0.5104786873476891	0.5106957504130752	0.48903049996919634	0.5	0.5	0.5	0.5	0.5	0.5	0.48930445878140216	0.5
TSs365	0	0.49798213027406046	0.010749937379168625	1	0.5	0.5	0.4893044587814023	0.5	0.5	0.46013299977536953	0.5106957504130752	0.5	0.5	0.5	0.5104786873476891	0.5106957504130752	0.48903049996919634	0.5	0.5	0.5	0.5	0.5	0.5	0.48930445878140216	0.5
TSs224	0	0.4951688472485589	0.013781365056603732	1	0.5	0.5	0.4893044587814023	0.5	0.5	0.4845909666608629	0.5106957504130752	0.5	0.44496693262756215	0.5	0.5	0.5106957504130752	0.48903049996919634	0.5	0.5	0.5	0.5	0.5	0.48478812732460036	0.48930445878140216	0.5
TSs325	0	0.49633170572345325	0.017047442614756454	1	0.5	0.5220245763602924	0.4893044587814023	0.5	0.5	0.46013299977536953	0.5106957504130752	0.5	0.44496693262756215	0.5	0.5104786873476891	0.5106957504130752	0.48903049996919634	0.5	0.5	0.5	0.5	0.5	0.5	0.48930445878140216	0.5
TSs119A	0	0.4954669650431033	0.01431090200962895	1	0.5	0.5	0.5	0.4847881273246004	0.5	0.4845909666608629	0.5106957504130752	0.5	0.44496693262756215	0.5	0.5104786873476891	0.5106957504130752	0.48903049996919634	0.5	0.5	0.5	0.5	0.5	0.48478812732460036	0.48930445878140216	0.5
TSs166	0	0.49756919972766556	0.00787233814272384	1	0.5	0.5	0.4893044587814023	0.5	0.5	0.4845909666608629	0.5106957504130752	0.5	0.5	0.5	0.5104786873476891	0.47797917259968115	0.48903049996919634	0.5	0.5	0.5	0.5	0.5	0.5	0.48930445878140216	0.5
TSs297	1	0.4944878787729846	0.015403970316030854	1	0.5	0.5220245763602924	0.5	0.4847881273246004	0.5	0.46013299977536953	0.5	0.51313618892148	0.5	0.5	0.5	0.47797917259968115	0.4574552019669895	0.5	0.5	0.5	0.5	0.5	0.48478812732460036	0.4894531811866786	0.5
TSs338	0	0.49429361199165917	0.013694514041776521	1	0.5	0.5	0.4893044587814023	0.5	0.5	0.4845909666608629	0.5106957504130752	0.5	0.44496693262756215	0.5	0.5	0.47797917259968115	0.48903049996919634	0.5	0.5	0.5	0.5	0.5	0.5	0.48930445878140216	0.5
TSs293	0	0.4979930330612256	0.015635195353092667	1	0.5	0.5220245763602924	0.5	0.5	0.5	0.4845909666608629	0.5106957504130752	0.51313618892148	0.44496693262756215	0.5	0.5104786873476891	0.5106957504130752	0.48903049996919634	0.5	0.5	0.5	0.5	0.5	0.48478812732460036	0.4894531811866786	0.5
TSs24	0	0.49524875571924787	0.015605149687854902	1	0.5	0.5	0.5	0.5	0.5	0.46013299977536953	0.5106957504130752	0.5	0.44496693262756215	0.5	0.5	0.5106957504130752	0.48903049996919634	0.5	0.5	0.5	0.5	0.5	0.5	0.4894531811866786	0.5
TSs334	1	0.49577240677413903	0.01562215745165795	1	0.5	0.5220245763602924	0.5	0.4847881273246004	0.5	0.46013299977536953	0.5	0.51313618892148	0.5	0.5	0.5104786873476891	0.47797917259968115	0.4574552019669895	0.5	0.5	0.5	0.5	0.5	0.5	0.4894531811866786	0.5
TSs1A	0	0.49645337524971334	0.013959011516146803	1	0.5	0.5	0.4893044587814023	0.5	0.5	0.4845909666608629	0.5106957504130752	0.5	0.44496693262756215	0.5	0.5104786873476891	0.5106957504130752	0.48903049996919634	0.5	0.5	0.5	0.5	0.5	0.5	0.48930445878140216	0.5
TSs266	1	0.4961237076636543	0.01529534282205608	1	0.5	0.5220245763602924	0.5	0.4847881273246004	0.5	0.46013299977536953	0.5	0.51313618892148	0.5	0.5	0.5	0.5106957504130752	0.4574552019669895	0.5	0.5	0.5	0.5	0.5	0.48478812732460036	0.4894531811866786	0.5
TSs277	0	0.4984444245248413	0.006803132312146444	1	0.5	0.5	0.5	0.4847881273246004	0.5	0.4845909666608629	0.5	0.5	0.5	0.5	0.5104786873476891	0.5106957504130752	0.48903049996919634	0.5	0.5	0.5	0.5	0.5	0.5	0.48930445878140216	0.5
TSs60B	0	0.49647165406352245	0.01352863587420793	1	0.5	0.5	0.5	0.5	0.5	0.4845909666608629	0.5106957504130752	0.5	0.44496693262756215	0.5	0.5	0.5106957504130752	0.48903049996919634	0.5	0.5	0.5	0.5	0.5	0.5	0.4894531811866786	0.5
TSs303	0	0.4955711120896833	0.01721370087765367	1	0.5	0.5220245763602924	0.4893044587814023	0.5	0.5	0.46013299977536953	0.5106957504130752	0.5	0.44496693262756215	0.5	0.5104786873476891	0.5106957504130752	0.48903049996919634	0.5	0.5	0.5	0.5	0.5	0.48478812732460036	0.48930445878140216	0.5
TSs120	1	0.4944878787729846	0.015403970316030854	1	0.5	0.5220245763602924	0.5	0.4847881273246004	0.5	0.46013299977536953	0.5	0.51313618892148	0.5	0.5	0.5	0.47797917259968115	0.4574552019669895	0.5	0.5	0.5	0.5	0.5	0.48478812732460036	0.4894531811866786	0.5
TSs132	0	0.49645337524971334	0.013959011516146803	1	0.5	0.5	0.4893044587814023	0.5	0.5	0.4845909666608629	0.5106957504130752	0.5	0.44496693262756215	0.5	0.5104786873476891	0.5106957504130752	0.48903049996919634	0.5	0.5	0.5	0.5	0.5	0.5	0.48930445878140216	0.5
TSs78	1	0.49116978410700185	0.018085374579594908	1	0.5	0.5	0.5	0.4847881273246004	0.5	0.46013299977536953	0.5106957504130752	0.51313618892148	0.44496693262756215	0.5	0.5	0.47797917259968115	0.4574552019669895	0.5	0.5	0.5	0.5	0.5	0.48478812732460036	0.4894531811866786	0.5
TSs61	0	0.49878505970908604	0.009218766080767703	1	0.5	0.5220245763602924	0.5	0.4847881273246004	0.5	0.4845909666608629	0.5	0.5	0.5	0.5	0.5104786873476891	0.5106957504130752	0.48903049996919634	0.5	0.5	0.5	0.5	0.5	0.48478812732460036	0.48930445878140216	0.5
TSs60	0	0.49645337524971334	0.013959011516146803	1	0.5	0.5	0.4893044587814023	0.5	0.5	0.4845909666608629	0.5106957504130752	0.5	0.44496693262756215	0.5	0.5104786873476891	0.5106957504130752	0.48903049996919634	0.5	0.5	0.5	0.5	0.5	0.5	0.48930445878140216	0.5
TSs274	0	0.497027252667338	0.014769413857225808	1	0.5	0.5220245763602924	0.4893044587814023	0.5	0.5	0.4845909666608629	0.5	0.5	0.44496693262756215	0.5	0.5104786873476891	0.5106957504130752	0.48903049996919634	0.5	0.5	0.5	0.5	0.5	0.5	0.4894531811866786	0.5
TSs10A	0	0.49645337524971334	0.013959011516146803	1	0.5	0.5	0.4893044587814023	0.5	0.5	0.4845909666608629	0.5106957504130752	0.5	0.44496693262756215	0.5	0.5104786873476891	0.5106957504130752	0.48903049996919634	0.5	0.5	0.5	0.5	0.5	0.5	0.48930445878140216	0.5
TSs96	1	0.4938310693269107	0.014836583101636993	1	0.5	0.5220245763602924	0.5	0.4847881273246004	0.5	0.46013299977536953	0.5	0.5	0.5	0.5	0.5	0.47797917259968115	0.4574552019669895	0.5	0.5	0.5	0.5	0.5	0.48478812732460036	0.4894531811866786	0.5
TSs282	0	0.49645337524971334	0.013959011516146803	1	0.5	0.5	0.4893044587814023	0.5	0.5	0.4845909666608629	0.5106957504130752	0.5	0.44496693262756215	0.5	0.5104786873476891	0.5106957504130752	0.48903049996919634	0.5	0.5	0.5	0.5	0.5	0.5	0.48930445878140216	0.5
TSs56A	0	0.49645337524971334	0.013959011516146803	1	0.5	0.5	0.4893044587814023	0.5	0.5	0.4845909666608629	0.5106957504130752	0.5	0.44496693262756215	0.5	0.5104786873476891	0.5106957504130752	0.48903049996919634	0.5	0.5	0.5	0.5	0.5	0.5	0.48930445878140216	0.5
TSs296	0	0.496834358247184	0.014610680963987729	1	0.5	0.5	0.5	0.4847881273246004	0.5	0.46013299977536953	0.5106957504130752	0.51313618892148	0.5	0.5	0.5104786873476891	0.5106957504130752	0.4574552019669895	0.5	0.5	0.5	0.5	0.5	0.5	0.48930445878140216	0.5
TSs33	0	0.49499663227502316	0.016545015960349956	1	0.5	0.5	0.4893044587814023	0.5	0.5	0.4845909666608629	0.5	0.51313618892148	0.44496693262756215	0.5	0.5104786873476891	0.5106957504130752	0.4574552019669895	0.5	0.5	0.5	0.5	0.5	0.5	0.48930445878140216	0.5
TSs311	1	0.4944878787729846	0.015403970316030854	1	0.5	0.5220245763602924	0.5	0.4847881273246004	0.5	0.46013299977536953	0.5	0.51313618892148	0.5	0.5	0.5	0.47797917259968115	0.4574552019669895	0.5	0.5	0.5	0.5	0.5	0.48478812732460036	0.4894531811866786	0.5
TSs68	0	0.4924781878251633	0.0164058599346299	1	0.5	0.5	0.4893044587814023	0.5	0.5	0.4845909666608629	0.5106957504130752	0.5	0.44496693262756215	0.5	0.5104786873476891	0.47797917259968115	0.4574552019669895	0.5	0.5	0.5	0.5	0.5	0.48478812732460036	0.48930445878140216	0.5
TSs104	0	0.4942514574608429	0.016524143076576278	1	0.5	0.5	0.4893044587814023	0.5	0.5	0.46013299977536953	0.5106957504130752	0.51313618892148	0.44496693262756215	0.5	0.5104786873476891	0.47797917259968115	0.48903049996919634	0.5	0.5	0.5	0.5	0.5	0.5	0.48930445878140216	0.5
TSs58	0	0.49405695272527367	0.014233614040885812	1	0.5	0.5	0.4893044587814023	0.5	0.5	0.4845909666608629	0.5106957504130752	0.5	0.44496693262756215	0.5	0.5104786873476891	0.47797917259968115	0.48903049996919634	0.5	0.5	0.5	0.5	0.5	0.48478812732460036	0.48930445878140216	0.5
TSs358	0	0.5034113244011474	0.020726316614145937	1	0.5	0.5220245763602924	0.5202435072936785	0.5	0.5	0.4845909666608629	0.5415771704287529	0.5	0.44601632365358	0.5	0.5104786873476891	0.47797917259968115	0.5197414026679068	0.5278671772881668	0.5	0.5	0.5	0.5	0.5	0.49012211956509233	0.5275853841572485
TSs82	1	0.4957107771172592	0.013369535833480628	1	0.5	0.5220245763602924	0.5	0.4847881273246004	0.5	0.4845909666608629	0.5	0.51313618892148	0.5	0.5	0.5	0.47797917259968115	0.4574552019669895	0.5	0.5	0.5	0.5	0.5	0.48478812732460036	0.4894531811866786	0.5
TSs15	0	0.49605146280774914	0.013746455169505007	1	0.5	0.5	0.4893044587814023	0.5	0.5	0.4845909666608629	0.5	0.51313618892148	0.44496693262756215	0.5	0.5	0.5106957504130752	0.48903049996919634	0.5	0.5	0.5	0.5	0.5	0.5	0.48930445878140216	0.5
TSs3	0	0.49645337524971334	0.013959011516146803	1	0.5	0.5	0.4893044587814023	0.5	0.5	0.4845909666608629	0.5106957504130752	0.5	0.44496693262756215	0.5	0.5104786873476891	0.5106957504130752	0.48903049996919634	0.5	0.5	0.5	0.5	0.5	0.5	0.48930445878140216	0.5
TSs4	0	0.49645337524971334	0.013959011516146803	1	0.5	0.5	0.4893044587814023	0.5	0.5	0.4845909666608629	0.5106957504130752	0.5	0.44496693262756215	0.5	0.5104786873476891	0.5106957504130752	0.48903049996919634	0.5	0.5	0.5	0.5	0.5	0.5	0.48930445878140216	0.5
TSs331	0	0.4944156897350527	0.013916946512701119	1	0.5	0.5	0.4893044587814023	0.4847881273246004	0.5	0.4845909666608629	0.5106957504130752	0.5	0.44496693262756215	0.5	0.5	0.5106957504130752	0.48903049996919634	0.5	0.5	0.5	0.5	0.5	0.48478812732460036	0.4894531811866786	0.5
TSs314B	0	0.4965326480087489	0.011759434607328579	1	0.5	0.5	0.5	0.5	0.5	0.4845909666608629	0.5106957504130752	0.5	0.5	0.5	0.5104786873476891	0.47797917259968115	0.4574552019669895	0.5	0.5	0.5	0.5	0.5	0.5	0.4894531811866786	0.5
TSs333	0	0.4971176208160511	0.014431389471235538	1	0.5	0.5	0.4893044587814023	0.5	0.5	0.4845909666608629	0.5106957504130752	0.51313618892148	0.44496693262756215	0.5	0.5104786873476891	0.5106957504130752	0.48903049996919634	0.5	0.5	0.5	0.5	0.5	0.5	0.4894531811866786	0.5
TSs7	0	0.4950046603325986	0.016097849625895586	1	0.5	0.5	0.5	0.4847881273246004	0.5	0.46013299977536953	0.5106957504130752	0.5	0.44496693262756215	0.5	0.5104786873476891	0.5106957504130752	0.48903049996919634	0.5	0.5	0.5	0.5	0.5	0.5	0.48930445878140216	0.5
TSs38	0	0.4992233074321444	0.006007612510069939	1	0.5	0.5	0.5	0.5	0.5	0.4845909666608629	0.5106957504130752	0.5	0.5	0.5	0.5	0.5106957504130752	0.48903049996919634	0.5	0.5	0.5	0.5	0.5	0.5	0.4894531811866786	0.5
TSs10	1	0.4944804426527208	0.015406564365729444	1	0.5	0.5220245763602924	0.5	0.4847881273246004	0.5	0.46013299977536953	0.5	0.51313618892148	0.5	0.5	0.5	0.47797917259968115	0.4574552019669895	0.5	0.5	0.5	0.5	0.5	0.48478812732460036	0.48930445878140216	0.5
TSs48	0	0.49493956828446384	0.014272379936645294	1	0.5	0.5	0.4893044587814023	0.5	0.5	0.4845909666608629	0.5	0.51313618892148	0.44496693262756215	0.5	0.5104786873476891	0.47797917259968115	0.48903049996919634	0.5	0.5	0.5	0.5	0.5	0.5	0.48930445878140216	0.5
