ID	ID	Class	Mean	stdev	Predicted_0.01	Median	score_0	score_1	score_2	score_3	score_4	score_5	score_6	score_7	score_8	score_9	score_10	score_11	score_12	score_13	score_14	score_15	score_16	score_17	score_18	score_19
TSs156A	1	0.49449436775426736	0.015384207846274702	1	0.5	0.5220245763602924	0.5	0.4847881273246004	0.5	0.45965955711661394	0.5	0.51313618892148	0.5	0.5	0.5	0.47797917259968115	0.45805842425140014	0.5	0.5	0.5	0.5	0.5	0.48478812732460036	0.4894531811866786	0.5
TSs361	0	0.5060734784208605	0.013053541480812853	1	0.5	0.5	0.4893044587814023	0.5	0.5	0.5223813892564186	0.5284528642670256	0.5	0.5274008193190424	0.5242489376803604	0.5104786873476891	0.5117434015199981	0.4895215053824855	0.5	0.5	0.5	0.5	0.5	0.5	0.4903521207055395	0.5275853841572485
TSs368	0	0.4962122187236936	0.013792014448654055	1	0.5	0.5	0.4893044587814023	0.5	0.5	0.48422008387660787	0.5059786328040741	0.5	0.4447407970871356	0.5	0.5104786873476891	0.5106957504130752	0.4895215053824855	0.5	0.5	0.5	0.5	0.5	0.5	0.48930445878140216	0.5
TSs49	0	0.49686902816976763	0.014285839687155707	1	0.5	0.5	0.4893044587814023	0.5	0.5	0.48422008387660787	0.5059786328040741	0.51313618892148	0.4447407970871356	0.5	0.5104786873476891	0.5106957504130752	0.4895215053824855	0.5	0.5	0.5	0.5	0.5	0.5	0.48930445878140216	0.5
TSs138B	0	0.49545162508992363	0.013990158405989378	1	0.5	0.5	0.4893044587814023	0.4847881273246004	0.5	0.48422008387660787	0.5059786328040741	0.5	0.4447407970871356	0.5	0.5104786873476891	0.5106957504130752	0.4895215053824855	0.5	0.5	0.5	0.5	0.5	0.5	0.48930445878140216	0.5
TSs22B	0	0.4961848411683284	0.013297954134593101	1	0.5	0.5	0.5	0.5	0.5	0.45965955711661394	0.5059786328040741	0.5	0.5	0.5	0.5	0.5106957504130752	0.45805842425140014	0.5	0.5	0.5	0.5	0.5	0.5	0.48930445878140216	0.5
TSs287	0	0.499211024290063	0.006004171866650646	1	0.5	0.5	0.5	0.5	0.5	0.48422008387660787	0.5	0.5	0.5	0.5	0.5104786873476891	0.5106957504130752	0.4895215053824855	0.5	0.5	0.5	0.5	0.5	0.5	0.48930445878140216	0.5
TSs383	0	0.49492769072253917	0.013588212930148714	1	0.5	0.5	0.4893044587814023	0.5	0.5	0.48422008387660787	0.5059786328040741	0.5	0.4447407970871356	0.5	0.5	0.5106957504130752	0.4895215053824855	0.5	0.5	0.5	0.5	0.5	0.48478812732460036	0.48930445878140216	0.5
TSs314A	0	0.49609285732397235	0.016945846220970583	1	0.5	0.5220245763602924	0.4893044587814023	0.5	0.5	0.45965955711661394	0.5059786328040741	0.5	0.4447407970871356	0.5	0.5104786873476891	0.5106957504130752	0.4895215053824855	0.5	0.5	0.5	0.5	0.5	0.5	0.4894531811866786	0.5
TSs30	0	0.4937062413008945	0.01621333127238577	1	0.5	0.5	0.4893044587814023	0.5	0.5	0.45965955711661394	0.5	0.51313618892148	0.4447407970871356	0.5	0.5104786873476891	0.47797917259968115	0.4895215053824855	0.5	0.5	0.5	0.5	0.5	0.5	0.48930445878140216	0.5
TSs291	1	0.49449436775426736	0.015384207846274702	1	0.5	0.5220245763602924	0.5	0.4847881273246004	0.5	0.45965955711661394	0.5	0.51313618892148	0.5	0.5	0.5	0.47797917259968115	0.45805842425140014	0.5	0.5	0.5	0.5	0.5	0.48478812732460036	0.4894531811866786	0.5
TSs157A	0	0.49150738605146793	0.017441500528669947	1	0.5	0.5	0.4893044587814023	0.5	0.5	0.46013299977536953	0.5	0.5	0.4447407970871356	0.5	0.5104786873476891	0.47797917259968115	0.45805842425140014	0.5	0.5	0.5	0.5	0.5	0.5	0.4894531811866786	0.5
TSs27	1	0.4944869316340036	0.015386808528753518	1	0.5	0.5220245763602924	0.5	0.4847881273246004	0.5	0.45965955711661394	0.5	0.51313618892148	0.5	0.5	0.5	0.47797917259968115	0.45805842425140014	0.5	0.5	0.5	0.5	0.5	0.48478812732460036	0.48930445878140216	0.5
TSs363	0	0.494708932878428	0.015637066972543398	1	0.5	0.5	0.4893044587814023	0.5	0.5	0.46013299977536953	0.5	0.5	0.4447407970871356	0.5	0.5104786873476891	0.5106957504130752	0.4895215053824855	0.5	0.5	0.5	0.5	0.5	0.5	0.48930445878140216	0.5
TSs9	0	0.4962122187236936	0.013792014448654055	1	0.5	0.5	0.4893044587814023	0.5	0.5	0.48422008387660787	0.5059786328040741	0.5	0.4447407970871356	0.5	0.5104786873476891	0.5106957504130752	0.4895215053824855	0.5	0.5	0.5	0.5	0.5	0.5	0.48930445878140216	0.5
TSs151B	0	0.4958990130938935	0.011702336731608996	1	0.5	0.5	0.4893044587814023	0.5	0.5	0.46109764215459864	0.5077567480160863	0.51313618892148	0.49446455016316715	0.5	0.5104786873476891	0.47797917259968115	0.4895215053824855	0.5	0.5	0.5	0.5	0.5	0.48478812732460036	0.4894531811866786	0.5
TSs133	1	0.4949196019399177	0.015164051646968288	1	0.5	0.5220245763602924	0.5	0.5	0.5	0.46013299977536953	0.5	0.51313618892148	0.49281936837884943	0.5	0.5	0.47797917259968115	0.45805842425140014	0.5	0.5	0.5	0.5	0.5	0.48478812732460036	0.4894531811866786	0.5
TSs155	0	0.4937061305622784	0.015571927368207594	1	0.5	0.5	0.4893044587814023	0.4847881273246004	0.5	0.45964015826611593	0.5059786328040741	0.5	0.4447407970871356	0.5	0.5	0.5106957504130752	0.4895215053824855	0.5	0.5	0.5	0.5	0.5	0.5	0.4894531811866786	0.5
TSs209	0	0.4962122187236936	0.013792014448654055	1	0.5	0.5	0.4893044587814023	0.5	0.5	0.48422008387660787	0.5059786328040741	0.5	0.4447407970871356	0.5	0.5104786873476891	0.5106957504130752	0.4895215053824855	0.5	0.5	0.5	0.5	0.5	0.5	0.48930445878140216	0.5
TSs136	0	0.49915836046947304	0.006355189895372807	1	0.5	0.5	0.5	0.5	0.5	0.48422008387660787	0.5059786328040741	0.5	0.49281936837884943	0.5	0.5104786873476891	0.5106957504130752	0.4895215053824855	0.5	0.5	0.5	0.5	0.5	0.5	0.4894531811866786	0.5
TSs22A	0	0.49851236310058333	0.008139573734879673	1	0.5	0.5	0.4893044587814023	0.4847881273246004	0.5	0.48422008387660787	0.5059786328040741	0.51313618892148	0.49281936837884943	0.5	0.5104786873476891	0.5106957504130752	0.4895215053824855	0.5	0.5	0.5	0.5	0.5	0.5	0.48930445878140216	0.5
TSs357	1	0.4917550797415619	0.018861091360234672	1	0.5	0.5220245763602924	0.5	0.4847881273246004	0.5	0.46013299977536953	0.5	0.51313618892148	0.4447407970871356	0.5	0.5	0.47797917259968115	0.45805842425140014	0.5	0.5	0.5	0.5	0.5	0.48478812732460036	0.4894531811866786	0.5
TSs161	0	0.4973207805678195	0.00680671218239794	1	0.5	0.5	0.4893044587814023	0.4847881273246004	0.5	0.48422008387660787	0.5059786328040741	0.5	0.49260259399274137	0.5	0.5	0.5106957504130752	0.4895215053824855	0.5	0.5	0.5	0.5	0.5	0.5	0.48930445878140216	0.5
TSs11	0	0.49731344754170825	0.014941728939019967	1	0.5	0.5220245763602924	0.4893044587814023	0.5	0.5	0.48422008387660787	0.5059786328040741	0.5	0.4447407970871356	0.5	0.5104786873476891	0.5106957504130752	0.4895215053824855	0.5	0.5	0.5	0.5	0.5	0.5	0.48930445878140216	0.5
TSs5A	0	0.4962122187236936	0.013792014448654055	1	0.5	0.5	0.4893044587814023	0.5	0.5	0.48422008387660787	0.5059786328040741	0.5	0.4447407970871356	0.5	0.5104786873476891	0.5106957504130752	0.4895215053824855	0.5	0.5	0.5	0.5	0.5	0.5	0.48930445878140216	0.5
TSs131	0	0.4962122187236936	0.013792014448654055	1	0.5	0.5	0.4893044587814023	0.5	0.5	0.48422008387660787	0.5059786328040741	0.5	0.4447407970871356	0.5	0.5104786873476891	0.5106957504130752	0.4895215053824855	0.5	0.5	0.5	0.5	0.5	0.5	0.48930445878140216	0.5
TSs294	0	0.49708763096886815	0.015102404641476257	1	0.5	0.5220245763602924	0.5	0.5	0.5	0.48422008387660787	0.5059786328040741	0.5	0.4447407970871356	0.5	0.5104786873476891	0.5106957504130752	0.4895215053824855	0.5	0.5	0.5	0.5	0.5	0.48478812732460036	0.48930445878140216	0.5
TSs378	0	0.49463906466713936	0.016182550222535008	1	0.5	0.5	0.4893044587814023	0.5	0.5	0.48422008387660787	0.5059786328040741	0.5	0.4447407970871356	0.5	0.5104786873476891	0.5106957504130752	0.45805842425140014	0.5	0.5	0.5	0.5	0.5	0.5	0.48930445878140216	0.5
TSs336	0	0.4953067168067588	0.016316346471700716	1	0.5	0.5	0.5	0.5	0.5	0.48422008387660787	0.5059786328040741	0.51313618892148	0.4447407970871356	0.5	0.5	0.5106957504130752	0.45805842425140014	0.5	0.5	0.5	0.5	0.5	0.5	0.48930445878140216	0.5
TSs111	0	0.49441324809429926	0.016292049702186184	1	0.5	0.5	0.5	0.5	0.5	0.48422008387660787	0.5059786328040741	0.5	0.4447407970871356	0.5	0.5104786873476891	0.5106957504130752	0.45805842425140014	0.5	0.5	0.5	0.5	0.5	0.48478812732460036	0.48930445878140216	0.5
TSs56	0	0.49405164161998016	0.01385116404135346	1	0.5	0.5	0.5	0.5	0.5	0.48422008387660787	0.5	0.5	0.4447407970871356	0.5	0.5104786873476891	0.47797917259968115	0.4895215053824855	0.5	0.5	0.5	0.5	0.5	0.48478812732460036	0.48930445878140216	0.5
TSs3A	0	0.4951526934497199	0.013816178031696947	1	0.5	0.5	0.4893044587814023	0.4847881273246004	0.5	0.48422008387660787	0.5	0.5	0.4447407970871356	0.5	0.5104786873476891	0.5106957504130752	0.4895215053824855	0.5	0.5	0.5	0.5	0.5	0.5	0.48930445878140216	0.5
TSs95	0	0.49335453666598494	0.015875785564553355	1	0.5	0.5	0.4893044587814023	0.5	0.5	0.48422008387660787	0.5059786328040741	0.5	0.4447407970871356	0.5	0.5	0.5106957504130752	0.45805842425140014	0.5	0.5	0.5	0.5	0.5	0.48478812732460036	0.48930445878140216	0.5
TSs2	0	0.4969118231701735	0.014907884636865753	1	0.5	0.5220245763602924	0.4893044587814023	0.5	0.5	0.45964015826611593	0.5059786328040741	0.5	0.49260259399274137	0.5	0.5104786873476891	0.5106957504130752	0.45805842425140014	0.5	0.5	0.5	0.5	0.5	0.5	0.4894531811866786	0.5
TSs44C	0	0.49545906121018746	0.013986758177472716	1	0.5	0.5	0.4893044587814023	0.5	0.5	0.48422008387660787	0.5059786328040741	0.5	0.4447407970871356	0.5	0.5104786873476891	0.5106957504130752	0.4895215053824855	0.5	0.5	0.5	0.5	0.5	0.48478812732460036	0.4894531811866786	0.5
TSs201	0	0.4952331992790979	0.014490920511332356	1	0.5	0.5	0.4893044587814023	0.5	0.5	0.48422008387660787	0.5059786328040741	0.51313618892148	0.4447407970871356	0.5	0.5104786873476891	0.47797917259968115	0.4895215053824855	0.5	0.5	0.5	0.5	0.5	0.5	0.48930445878140216	0.5
TSs217	0	0.4956882843563092	0.013415424359290239	1	0.5	0.5	0.4893044587814023	0.5	0.5	0.48422008387660787	0.5059786328040741	0.5	0.4447407970871356	0.5	0.5	0.5106957504130752	0.4895215053824855	0.5	0.5	0.5	0.5	0.5	0.5	0.48930445878140216	0.5
TSs168	1	0.49350219886007374	0.014689134709020871	1	0.5	0.5220245763602924	0.5	0.4847881273246004	0.5	0.46013299977536953	0.5	0.5	0.49281936837884943	0.5	0.5	0.47797917259968115	0.45805842425140014	0.5	0.5	0.5	0.5	0.5	0.48478812732460036	0.4894531811866786	0.5
TSs98	1	0.4962122187236936	0.013792014448654055	1	0.5	0.5	0.4893044587814023	0.5	0.5	0.48422008387660787	0.5059786328040741	0.5	0.4447407970871356	0.5	0.5104786873476891	0.5106957504130752	0.4895215053824855	0.5	0.5	0.5	0.5	0.5	0.5	0.48930445878140216	0.5
TSs116	0	0.4962122187236936	0.013792014448654055	1	0.5	0.5	0.4893044587814023	0.5	0.5	0.48422008387660787	0.5059786328040741	0.5	0.4447407970871356	0.5	0.5104786873476891	0.5106957504130752	0.4895215053824855	0.5	0.5	0.5	0.5	0.5	0.5	0.48930445878140216	0.5
TSs53	0	0.4960354964569089	0.015524494562644356	1	0.5	0.5220245763602924	0.4893044587814023	0.5	0.5	0.48422008387660787	0.5	0.51313618892148	0.4447407970871356	0.5	0.5104786873476891	0.47797917259968115	0.4895215053824855	0.5	0.5	0.5	0.5	0.5	0.5	0.48930445878140216	0.5
TSs63A	0	0.49334739355249935	0.015838668059266026	1	0.5	0.5	0.4893044587814023	0.5	0.5	0.45964015826611593	0.5059786328040741	0.5	0.4447407970871356	0.5	0.5104786873476891	0.47797917259968115	0.4895215053824855	0.5	0.5	0.5	0.5	0.5	0.5	0.48930445878140216	0.5
TSs158	1	0.494134366230685	0.01533495606280624	1	0.5	0.5220245763602924	0.5	0.4847881273246004	0.5	0.45964015826611593	0.5	0.51313618892148	0.49281936837884943	0.5	0.5	0.47797917259968115	0.45805842425140014	0.5	0.5	0.5	0.5	0.5	0.48478812732460036	0.4894531811866786	0.5
TSs269	0	0.49445928807578454	0.015487240485532976	1	0.5	0.5	0.4893044587814023	0.5	0.5	0.45964015826611593	0.5059786328040741	0.5	0.4447407970871356	0.5	0.5	0.5106957504130752	0.4895215053824855	0.5	0.5	0.5	0.5	0.5	0.5	0.48930445878140216	0.5
TSs317	0	0.4956882843563092	0.013415424359290239	1	0.5	0.5	0.4893044587814023	0.5	0.5	0.48422008387660787	0.5059786328040741	0.5	0.4447407970871356	0.5	0.5	0.5106957504130752	0.4895215053824855	0.5	0.5	0.5	0.5	0.5	0.5	0.48930445878140216	0.5
TSs49A	0	0.494576389833024	0.013923335478438633	1	0.5	0.5	0.4893044587814023	0.5	0.5	0.48422008387660787	0.5059786328040741	0.5	0.4447407970871356	0.5	0.5104786873476891	0.47797917259968115	0.4895215053824855	0.5	0.5	0.5	0.5	0.5	0.5	0.48930445878140216	0.5
TSs417	1	0.49412352751137967	0.015336010990300332	1	0.5	0.5220245763602924	0.5	0.4847881273246004	0.5	0.45964015826611593	0.5	0.51313618892148	0.49260259399274137	0.5	0.5	0.47797917259968115	0.45805842425140014	0.5	0.5	0.5	0.5	0.5	0.48478812732460036	0.4894531811866786	0.5
TSs195	0	0.49545162508992363	0.013990158405989378	1	0.5	0.5	0.4893044587814023	0.4847881273246004	0.5	0.48422008387660787	0.5059786328040741	0.5	0.4447407970871356	0.5	0.5104786873476891	0.5106957504130752	0.4895215053824855	0.5	0.5	0.5	0.5	0.5	0.5	0.48930445878140216	0.5
TSs371	1	0.4944224591515833	0.01551382205253839	1	0.5	0.5220245763602924	0.5	0.4847881273246004	0.5	0.45964015826611593	0.5059786328040741	0.51313618892148	0.49260259399274137	0.5	0.5	0.47797917259968115	0.45805842425140014	0.5	0.5	0.5	0.5	0.5	0.48478812732460036	0.4894531811866786	0.5
TSs23	0	0.49526832590678377	0.015028789477191527	1	0.5	0.5220245763602924	0.4893044587814023	0.4847881273246004	0.5	0.48422008387660787	0.5059786328040741	0.5	0.4447407970871356	0.5	0.5	0.5106957504130752	0.4895215053824855	0.5	0.5	0.5	0.5	0.5	0.48478812732460036	0.48930445878140216	0.5
TSs51	0	0.4962122187236936	0.013792014448654055	1	0.5	0.5	0.4893044587814023	0.5	0.5	0.48422008387660787	0.5059786328040741	0.5	0.4447407970871356	0.5	0.5104786873476891	0.5106957504130752	0.4895215053824855	0.5	0.5	0.5	0.5	0.5	0.5	0.48930445878140216	0.5
TSs59B	0	0.4962122187236936	0.013792014448654055	1	0.5	0.5	0.4893044587814023	0.5	0.5	0.48422008387660787	0.5059786328040741	0.5	0.4447407970871356	0.5	0.5104786873476891	0.5106957504130752	0.4895215053824855	0.5	0.5	0.5	0.5	0.5	0.5	0.48930445878140216	0.5
TSs365	0	0.4983794919961338	0.007133121343871733	1	0.5	0.5	0.5	0.4847881273246004	0.5	0.48422008387660787	0.5059786328040741	0.5	0.49260259399274137	0.5	0.5104786873476891	0.5106957504130752	0.4895215053824855	0.5	0.5	0.5	0.5	0.5	0.5	0.48930445878140216	0.5
TSs224	1	0.49575935640204927	0.015268045547543258	1	0.5	0.5220245763602924	0.5	0.4847881273246004	0.5	0.45964015826611593	0.5	0.51313618892148	0.49260259399274137	0.5	0.5	0.5106957504130752	0.45805842425140014	0.5	0.5	0.5	0.5	0.5	0.48478812732460036	0.4894531811866786	0.5
TSs325	0	0.49463906466713936	0.016182550222535008	1	0.5	0.5	0.4893044587814023	0.5	0.5	0.48422008387660787	0.5059786328040741	0.5	0.4447407970871356	0.5	0.5104786873476891	0.5106957504130752	0.45805842425140014	0.5	0.5	0.5	0.5	0.5	0.5	0.48930445878140216	0.5
TSs119A	0	0.49579226027416823	0.01538095534788181	1	0.5	0.5220245763602924	0.4893044587814023	0.4847881273246004	0.5	0.48422008387660787	0.5059786328040741	0.5	0.4447407970871356	0.5	0.5104786873476891	0.5106957504130752	0.4895215053824855	0.5	0.5	0.5	0.5	0.5	0.48478812732460036	0.48930445878140216	0.5
TSs166	0	0.494576389833024	0.013923335478438633	1	0.5	0.5	0.4893044587814023	0.5	0.5	0.48422008387660787	0.5059786328040741	0.5	0.4447407970871356	0.5	0.5104786873476891	0.47797917259968115	0.4895215053824855	0.5	0.5	0.5	0.5	0.5	0.5	0.48930445878140216	0.5
TSs297	0	0.49454271659970717	0.016789060861839122	1	0.5	0.5	0.4893044587814023	0.5	0.5	0.48422008387660787	0.5059786328040741	0.51313618892148	0.4447407970871356	0.5	0.5104786873476891	0.5106957504130752	0.45805842425140014	0.5	0.5	0.5	0.5	0.5	0.48478812732460036	0.4894531811866786	0.5
TSs338	0	0.4959864021508535	0.01394716806355682	1	0.5	0.5	0.5	0.4847881273246004	0.5	0.48422008387660787	0.5059786328040741	0.5	0.4447407970871356	0.5	0.5104786873476891	0.5106957504130752	0.4895215053824855	0.5	0.5	0.5	0.5	0.5	0.5	0.48930445878140216	0.5
TSs293	0	0.49797769310804607	0.015344820887769972	1	0.5	0.5220245763602924	0.4893044587814023	0.5	0.5	0.48422008387660787	0.5059786328040741	0.51313618892148	0.4447407970871356	0.5	0.5104786873476891	0.5106957504130752	0.4895215053824855	0.5	0.5	0.5	0.5	0.5	0.5	0.4894531811866786	0.5
TSs24	0	0.49422262880939904	0.015968507021081466	1	0.5	0.5	0.4893044587814023	0.5	0.5	0.45964015826611593	0.5059786328040741	0.5	0.4447407970871356	0.5	0.5104786873476891	0.5106957504130752	0.4895215053824855	0.5	0.5	0.5	0.5	0.5	0.48478812732460036	0.48930445878140216	0.5
TSs334	0	0.49774444041494215	0.015515724178968274	1	0.5	0.5220245763602924	0.5	0.4847881273246004	0.5	0.48422008387660787	0.5059786328040741	0.51313618892148	0.4447407970871356	0.5	0.5104786873476891	0.5106957504130752	0.4895215053824855	0.5	0.5	0.5	0.5	0.5	0.5	0.48930445878140216	0.5
TSs1A	0	0.49569572047657295	0.013411740302131072	1	0.5	0.5	0.4893044587814023	0.5	0.5	0.48422008387660787	0.5059786328040741	0.5	0.4447407970871356	0.5	0.5	0.5106957504130752	0.4895215053824855	0.5	0.5	0.5	0.5	0.5	0.5	0.4894531811866786	0.5
TSs266	0	0.49873736980200406	0.007692096472389876	1	0.5	0.5	0.5	0.5	0.5	0.48422008387660787	0.5	0.51313618892148	0.49260259399274137	0.5	0.5104786873476891	0.5106957504130752	0.4895215053824855	0.5	0.5	0.5	0.5	0.5	0.48478812732460036	0.48930445878140216	0.5
TSs277	0	0.49591328708348986	0.01363306898487943	1	0.5	0.5	0.4893044587814023	0.5	0.5	0.48422008387660787	0.5	0.5	0.4447407970871356	0.5	0.5104786873476891	0.5106957504130752	0.4895215053824855	0.5	0.5	0.5	0.5	0.5	0.5	0.48930445878140216	0.5
TSs60B	0	0.49894594375321855	0.009166655190402577	1	0.5	0.5220245763602924	0.4893044587814023	0.5	0.5	0.48422008387660787	0.5059786328040741	0.5	0.49260259399274137	0.5	0.5104786873476891	0.5106957504130752	0.4895215053824855	0.5	0.5	0.5	0.5	0.5	0.48478812732460036	0.48930445878140216	0.5
TSs303	0	0.4916704553082491	0.018234119729535005	1	0.5	0.5	0.4893044587814023	0.5	0.5	0.45964015826611593	0.5059786328040741	0.51313618892148	0.4447407970871356	0.5	0.5104786873476891	0.47797917259968115	0.45805842425140014	0.5	0.5	0.5	0.5	0.5	0.48478812732460036	0.48930445878140216	0.5
TSs120	0	0.4962122187236936	0.013792014448654055	1	0.5	0.5	0.4893044587814023	0.5	0.5	0.48422008387660787	0.5059786328040741	0.5	0.4447407970871356	0.5	0.5104786873476891	0.5106957504130752	0.4895215053824855	0.5	0.5	0.5	0.5	0.5	0.5	0.48930445878140216	0.5
TSs132	0	0.4962122187236936	0.013792014448654055	1	0.5	0.5	0.4893044587814023	0.5	0.5	0.48422008387660787	0.5059786328040741	0.5	0.4447407970871356	0.5	0.5104786873476891	0.5106957504130752	0.4895215053824855	0.5	0.5	0.5	0.5	0.5	0.5	0.48930445878140216	0.5
TSs78	1	0.49464746187876407	0.015721489832865258	1	0.5	0.5220245763602924	0.5	0.4847881273246004	0.5	0.45964015826611593	0.5	0.51313618892148	0.49260259399274137	0.5	0.5104786873476891	0.47797917259968115	0.45805842425140014	0.5	0.5	0.5	0.5	0.5	0.48478812732460036	0.4894531811866786	0.5
TSs61	0	0.4962122187236936	0.013792014448654055	1	0.5	0.5	0.4893044587814023	0.5	0.5	0.48422008387660787	0.5059786328040741	0.5	0.4447407970871356	0.5	0.5104786873476891	0.5106957504130752	0.4895215053824855	0.5	0.5	0.5	0.5	0.5	0.5	0.48930445878140216	0.5
TSs60	0	0.4962122187236936	0.013792014448654055	1	0.5	0.5	0.4893044587814023	0.5	0.5	0.48422008387660787	0.5059786328040741	0.5	0.4447407970871356	0.5	0.5104786873476891	0.5106957504130752	0.4895215053824855	0.5	0.5	0.5	0.5	0.5	0.5	0.48930445878140216	0.5
TSs274	1	0.49516190450700404	0.012888763613345717	1	0.5	0.5220245763602924	0.4893044587814023	0.4847881273246004	0.5	0.45964015826611593	0.5	0.51313618892148	0.49260259399274137	0.5	0.5	0.47797917259968115	0.4895215053824855	0.5	0.5	0.5	0.5	0.5	0.48478812732460036	0.4894531811866786	0.5
TSs10A	0	0.4962122187236936	0.013792014448654055	1	0.5	0.5	0.4893044587814023	0.5	0.5	0.48422008387660787	0.5059786328040741	0.5	0.4447407970871356	0.5	0.5104786873476891	0.5106957504130752	0.4895215053824855	0.5	0.5	0.5	0.5	0.5	0.5	0.48930445878140216	0.5
TSs96	0	0.49409895602841525	0.018301196473276285	1	0.5	0.5	0.4893044587814023	0.5	0.5	0.46013299977536953	0.5059786328040741	0.51313618892148	0.4447407970871356	0.5	0.5104786873476891	0.5106957504130752	0.45805842425140014	0.5	0.5	0.5	0.5	0.5	0.5	0.4894531811866786	0.5
TSs282	0	0.4962122187236936	0.013792014448654055	1	0.5	0.5	0.4893044587814023	0.5	0.5	0.48422008387660787	0.5059786328040741	0.5	0.4447407970871356	0.5	0.5104786873476891	0.5106957504130752	0.4895215053824855	0.5	0.5	0.5	0.5	0.5	0.5	0.48930445878140216	0.5
TSs56A	0	0.4962122187236936	0.013792014448654055	1	0.5	0.5	0.4893044587814023	0.5	0.5	0.48422008387660787	0.5059786328040741	0.5	0.4447407970871356	0.5	0.5104786873476891	0.5106957504130752	0.4895215053824855	0.5	0.5	0.5	0.5	0.5	0.5	0.48930445878140216	0.5
TSs296	0	0.49649058153412007	0.014499244978834893	1	0.5	0.5220245763602924	0.4893044587814023	0.5	0.5	0.48422008387660787	0.5	0.5	0.4447407970871356	0.5	0.5	0.5106957504130752	0.4895215053824855	0.5	0.5	0.5	0.5	0.5	0.5	0.48930445878140216	0.5
TSs33	0	0.4973208836619721	0.014937569714168786	1	0.5	0.5220245763602924	0.4893044587814023	0.5	0.5	0.48422008387660787	0.5059786328040741	0.5	0.4447407970871356	0.5	0.5104786873476891	0.5106957504130752	0.4895215053824855	0.5	0.5	0.5	0.5	0.5	0.5	0.4894531811866786	0.5
TSs311	1	0.4949087632206123	0.015165709208165404	1	0.5	0.5220245763602924	0.5	0.4847881273246004	0.5	0.46013299977536953	0.5	0.51313618892148	0.49260259399274137	0.5	0.5	0.47797917259968115	0.45805842425140014	0.5	0.5	0.5	0.5	0.5	0.5	0.4894531811866786	0.5
TSs68	0	0.4946431681082439	0.011644752655857364	1	0.5	0.5	0.4893044587814023	0.4847881273246004	0.5	0.48422008387660787	0.5059786328040741	0.5	0.49260259399274137	0.5	0.5104786873476891	0.47797917259968115	0.45805842425140014	0.5	0.5	0.5	0.5	0.5	0.5	0.4894531811866786	0.5
TSs104	0	0.4982145852355669	0.007309643142469723	1	0.5	0.5	0.4893044587814023	0.4847881273246004	0.5	0.48422008387660787	0.5059786328040741	0.5	0.5	0.5	0.5104786873476891	0.5106957504130752	0.4895215053824855	0.5	0.5	0.5	0.5	0.5	0.5	0.48930445878140216	0.5
TSs58	1	0.49451803988720516	0.015328047116852782	1	0.5	0.5220245763602924	0.5	0.4847881273246004	0.5	0.46013299977536953	0.5	0.51313618892148	0.5	0.5	0.5	0.47797917259968115	0.45805842425140014	0.5	0.5	0.5	0.5	0.5	0.48478812732460036	0.4894531811866786	0.5
TSs358	0	0.5029779746760968	0.015895448485945412	1	0.5	0.5	0.4893044587814023	0.5	0.5	0.46109764215459864	0.5284528642670256	0.5	0.5270220253114055	0.5242489376803604	0.5104786873476891	0.5115134185393441	0.4895215053824855	0.5	0.5	0.5	0.5277978344925331	0.5	0.5	0.49012211956509233	0.5
TSs82	0	0.4944731850939001	0.017332233798028167	1	0.5	0.5220245763602924	0.5	0.5	0.5	0.48422008387660787	0.5	0.51313618892148	0.4447407970871356	0.5	0.5	0.47797917259968115	0.45805842425140014	0.5	0.5	0.5	0.5	0.5	0.5	0.48930445878140216	0.5
TSs15	1	0.4946211652742526	0.011834334738690794	1	0.5	0.5	0.5	0.4847881273246004	0.5	0.48422008387660787	0.5	0.51313618892148	0.5	0.5	0.5	0.47797917259968115	0.45805842425140014	0.5	0.5	0.5	0.5	0.5	0.48478812732460036	0.4894531811866786	0.5
TSs3	0	0.49511116689395385	0.013915588960416697	1	0.5	0.5	0.5	0.5	0.5	0.48422008387660787	0.5059786328040741	0.5	0.4447407970871356	0.5	0.5104786873476891	0.47797917259968115	0.4895215053824855	0.5	0.5	0.5	0.5	0.5	0.5	0.48930445878140216	0.5
TSs4	0	0.4962122187236936	0.013792014448654055	1	0.5	0.5	0.4893044587814023	0.5	0.5	0.48422008387660787	0.5059786328040741	0.5	0.4447407970871356	0.5	0.5104786873476891	0.5106957504130752	0.4895215053824855	0.5	0.5	0.5	0.5	0.5	0.5	0.48930445878140216	0.5
TSs331	0	0.4946499073606848	0.01581762664308451	1	0.5	0.5	0.5	0.5	0.5	0.48422008387660787	0.5059786328040741	0.5	0.4447407970871356	0.5	0.5	0.5106957504130752	0.45805842425140014	0.5	0.5	0.5	0.5	0.5	0.5	0.48930445878140216	0.5
TSs314B	0	0.4957299879003501	0.014703016799662016	1	0.5	0.5220245763602924	0.4893044587814023	0.4847881273246004	0.5	0.48422008387660787	0.5	0.5	0.4447407970871356	0.5	0.5	0.5106957504130752	0.4895215053824855	0.5	0.5	0.5	0.5	0.5	0.5	0.48930445878140216	0.5
TSs333	0	0.4949040803309357	0.016425403730806996	1	0.5	0.5	0.4893044587814023	0.5	0.5	0.46013299977536953	0.5059786328040741	0.51313618892148	0.4447407970871356	0.5	0.5104786873476891	0.5106957504130752	0.4895215053824855	0.5	0.5	0.5	0.5	0.5	0.48478812732460036	0.48930445878140216	0.5
TSs7	0	0.49411190071474814	0.017334878899678066	1	0.5	0.5220245763602924	0.4893044587814023	0.5	0.5	0.48422008387660787	0.5059786328040741	0.5	0.4447407970871356	0.5	0.5104786873476891	0.47797917259968115	0.45805842425140014	0.5	0.5	0.5	0.5	0.5	0.5	0.4894531811866786	0.5
TSs38	0	0.49427745819282026	0.0137284632214281	1	0.5	0.5	0.4893044587814023	0.5	0.5	0.48422008387660787	0.5	0.5	0.4447407970871356	0.5	0.5104786873476891	0.47797917259968115	0.4895215053824855	0.5	0.5	0.5	0.5	0.5	0.5	0.48930445878140216	0.5
TSs10	1	0.49451803988720516	0.015328047116852782	1	0.5	0.5220245763602924	0.5	0.4847881273246004	0.5	0.46013299977536953	0.5	0.51313618892148	0.5	0.5	0.5	0.47797917259968115	0.45805842425140014	0.5	0.5	0.5	0.5	0.5	0.48478812732460036	0.4894531811866786	0.5
TSs48	0	0.49875679841676057	0.006998030067880222	1	0.5	0.5	0.5	0.4847881273246004	0.5	0.48422008387660787	0.5059786328040741	0.5	0.5	0.5	0.5104786873476891	0.5106957504130752	0.4895215053824855	0.5	0.5	0.5	0.5	0.5	0.5	0.4894531811866786	0.5
