ID	ID	Class	Mean	stdev	Predicted_0.41	Median	score_0	score_1	score_2	score_3	score_4	score_5	score_6	score_7	score_8	score_9	score_10	score_11	score_12	score_13	score_14	score_15	score_16	score_17	score_18	score_19
TSs156A	0	0.353929623015873	0.12850314092257617	0	0.3322	0.65	0.2321111111111111	0.298	0.32639999999999997	0.296	0.165	0.35	0.35666666666666663	0.25866666666666666	0.468	0.36	0.274	0.371	0.338	0.6466666666666667	0.248	0.274	0.3439861111111111	0.29	0.5320952380952381
TSs361	0	0.3620851785714286	0.18224035373099404	0	0.327	0.73	0.296	0.322	0.09206666666666666	0.382	0.12	0.216	0.43	0.274	0.53	0.332	0.23566666666666666	0.426	0.22033333333333333	0.7606666666666667	0.17892857142857144	0.288	0.47254166666666664	0.362	0.5735
TSs368	0	0.48126312963782	0.07001528680564627	1	0.48072222222222216	0.49733333333333335	0.4834444444444444	0.478	0.4684	0.542	0.513	0.598	0.4106666666666666	0.3857052631578948	0.3935	0.6046666666666668	0.5525	0.392	0.56	0.462	0.5095	0.4698888888888889	0.3681111111111111	0.511	0.42554621848739493
TSs49	0	0.35137187963782013	0.05772689387635122	0	0.34125	0.242	0.3321111111111111	0.336	0.31139999999999995	0.371	0.3465	0.392	0.286	0.31970526315789477	0.312	0.432	0.4174888888888889	0.474	0.27	0.324	0.36	0.364	0.3989861111111111	0.413	0.325246218487395
TSs138B	0	0.43515590741559784	0.09459034322893795	1	0.437	0.702	0.384	0.3531111111111111	0.4694	0.43	0.377	0.444	0.4725	0.37223026315789476	0.456	0.364	0.312	0.36883333333333335	0.44533333333333336	0.6010666666666666	0.308	0.4488888888888889	0.476875	0.3976666666666666	0.5202128851540616
TSs22B	0	0.3682406798245614	0.055137327386759034	0	0.368	0.313	0.292	0.414	0.398	0.493	0.338	0.4153333333333334	0.338	0.3701052631578947	0.3303333333333333	0.468	0.37	0.297	0.366	0.288	0.3535	0.338	0.385875	0.39	0.4066666666666666
TSs287	0	0.5838254417293232	0.06913669011241096	1	0.602469298245614	0.538	0.616	0.614	0.594	0.619	0.684	0.5333333333333332	0.63	0.6109385964912281	0.52	0.6673333333333333	0.6126555555555557	0.428	0.7	0.516	0.6345	0.556	0.5579861111111111	0.568	0.4767619047619048
TSs383	0	0.6434126879084967	0.05215724187366127	1	0.647	0.668	0.718	0.668	0.648	0.562	0.674	0.564	0.712	0.5613916666666666	0.6146666666666666	0.7313333333333334	0.6821555555555555	0.6133333333333333	0.661	0.646	0.622	0.7018888888888889	0.592	0.6075	0.6209843137254902
TSs314A	0	0.48146910186004216	0.05726429331305119	1	0.4766666666666667	0.44	0.44611111111111107	0.4161111111111111	0.486	0.529	0.568	0.498	0.372	0.5162719298245614	0.47633333333333333	0.5653333333333334	0.5574888888888889	0.424	0.477	0.438	0.444	0.524	0.42398611111111106	0.5646666666666667	0.4630795518207283
TSs30	0	0.5874627777777778	0.05351498515184759	1	0.5900833333333334	0.592	0.631	0.62	0.4933333333333333	0.592	0.626	0.57	0.534	0.5915	0.5886666666666668	0.71	0.603	0.517	0.5876666666666668	0.514	0.542	0.6618888888888889	0.568	0.647	0.5602
TSs291	1	0.517775	0.03579564623629087	1	0.517	0.554	0.582	0.494	0.548	0.494	0.532	0.452	0.532	0.492	0.516	0.54	0.534	0.518	0.522	0.484	0.512	0.594	0.47	0.4835	0.502
TSs157A	0	0.5030916666666667	0.07333483357272791	1	0.5107777777777778	0.615	0.4581111111111111	0.428	0.49066666666666664	0.445	0.414	0.602	0.364	0.536	0.5755	0.5	0.5075555555555556	0.514	0.518	0.584	0.43	0.396	0.534	0.57	0.58
TSs27	1	0.5373499999999999	0.041107401049599694	1	0.539	0.513	0.462	0.573	0.54	0.566	0.536	0.532	0.524	0.564	0.452	0.574	0.499	0.512	0.584	0.57	0.556	0.482	0.606	0.564	0.538
TSs363	0	0.3521846480785297	0.1322693197678484	0	0.316	0.653	0.25911111111111107	0.2305111111111111	0.3444	0.294	0.222	0.318	0.4266666666666667	0.27677192982456145	0.438	0.184	0.296	0.36833333333333335	0.314	0.6506666666666667	0.2410952380952381	0.322	0.3915416666666666	0.274	0.5395952380952381
TSs9	0	0.4871934126984126	0.05726281568936488	1	0.4775	0.44	0.4374444444444444	0.45206666666666667	0.479	0.518	0.539	0.5703333333333332	0.45666666666666667	0.5293333333333332	0.4345	0.6193333333333334	0.457	0.458	0.5778333333333333	0.494	0.4829285714285714	0.476	0.378	0.46066666666666667	0.4837619047619047
TSs151B	0	0.3140509722222222	0.20025078128160842	0	0.22683333333333333	0.714	0.13111111111111112	0.1272	0.226	0.358	0.122	0.069	0.21283333333333335	0.16	0.52	0.134	0.22766666666666666	0.2031666666666667	0.376	0.7566666666666667	0.3673333333333333	0.202	0.4425416666666666	0.364	0.5675
TSs133	0	0.40944642857142854	0.11695841860966431	0	0.389	0.655	0.334	0.252	0.405	0.374	0.2695	0.416	0.4046666666666667	0.314	0.548	0.234	0.366	0.3486666666666667	0.398	0.66	0.38	0.378	0.488	0.45	0.514095238095238
TSs155	0	0.4694543545751634	0.09730012647885675	1	0.42825	0.672	0.4201111111111111	0.42051111111111106	0.398	0.403	0.352	0.406	0.504	0.46095833333333336	0.5528333333333333	0.394	0.428	0.424	0.4285	0.7106666666666668	0.43	0.4138888888888889	0.431	0.532	0.6076176470588235
TSs209	0	0.568305	0.05680558417048422	1	0.5709930555555556	0.632	0.627	0.5201111111111111	0.43666666666666665	0.511	0.6265	0.548	0.5986666666666668	0.5343916666666666	0.544	0.616	0.645888888888889	0.5986666666666668	0.5611666666666667	0.5846666666666668	0.6395	0.511888888888889	0.5619861111111111	0.58	0.488
TSs136	0	0.4343194695071011	0.047526928706884054	1	0.433	0.398	0.3701111111111111	0.4438	0.406	0.438	0.45	0.434	0.486	0.44239692982456136	0.448	0.424	0.426	0.38	0.465	0.564	0.513	0.394	0.3819861111111111	0.432	0.39009523809523805
TSs22A	0	0.3025842407489312	0.06222161740626696	0	0.2965333333333333	0.18	0.24	0.29379999999999995	0.3268	0.317	0.332	0.266	0.21866666666666668	0.33410526315789474	0.285	0.26	0.2992666666666666	0.352	0.226	0.42	0.291	0.274	0.4006666666666666	0.357	0.3783795518207283
TSs357	1	0.4489000000000001	0.0660445623085377	1	0.454	0.552	0.422	0.474	0.468	0.456	0.362	0.35	0.512	0.386	0.468	0.534	0.368	0.426	0.422	0.548	0.354	0.452	0.408	0.542	0.474
TSs161	0	0.6319964379084966	0.06943099654844469	1	0.645	0.644	0.679	0.664	0.6275	0.606	0.698	0.649	0.568	0.6	0.573	0.736	0.7405555555555555	0.646	0.698	0.478	0.633	0.6708888888888889	0.498	0.6566666666666667	0.5743176470588236
TSs11	0	0.5356069841269842	0.05944750729522573	1	0.5470142857142857	0.39	0.5853333333333333	0.5351111111111111	0.538	0.605	0.582	0.472	0.614	0.5477666666666666	0.46	0.588	0.5525555555555557	0.546	0.583	0.468	0.575	0.568	0.4541111111111111	0.502	0.5462619047619048
TSs5A	0	0.5291989139515457	0.06469847267415411	1	0.5474166666666667	0.586	0.4281111111111111	0.48244444444444445	0.5504	0.547	0.57	0.486	0.6336666666666667	0.45023026315789466	0.4463333333333333	0.4713333333333334	0.48126666666666673	0.4351666666666667	0.552	0.636	0.5478333333333333	0.5558888888888889	0.542875	0.5773333333333334	0.604095238095238
TSs131	0	0.5083217804314709	0.042543693575092405	1	0.5204166666666666	0.5013333333333333	0.4933333333333333	0.5505111111111111	0.556	0.561	0.479	0.558	0.514	0.5286385964912281	0.5268333333333333	0.5273333333333333	0.501	0.44000000000000006	0.545	0.54	0.47092857142857136	0.432	0.44011111111111106	0.544	0.4574128851540616
TSs294	0	0.6172595687134501	0.05154273825466727	1	0.632	0.652	0.632	0.5564	0.534	0.636	0.602	0.65	0.688	0.5329385964912281	0.6686666666666667	0.674	0.6523888888888889	0.508	0.615	0.596	0.5868333333333333	0.6718888888888889	0.608875	0.632	0.6482
TSs378	0	0.5222002672735762	0.04914089852272159	1	0.525	0.466	0.532	0.583	0.4556666666666666	0.538	0.5785	0.468	0.55	0.5913666666666667	0.439	0.518	0.516	0.55	0.554	0.4604	0.4915952380952381	0.49188888888888893	0.599375	0.5626666666666668	0.49854621848739494
TSs336	0	0.4747181296378201	0.054710999370659805	1	0.4796666666666667	0.39	0.444	0.5074	0.51	0.47	0.478	0.522	0.454	0.517063596491228	0.48133333333333334	0.39	0.532	0.438	0.516	0.556	0.404	0.378	0.5584861111111111	0.45966666666666667	0.4884128851540616
TSs111	0	0.468939533146592	0.08726703701792816	1	0.45158333333333334	0.67	0.38211111111111107	0.36617777777777777	0.49939999999999996	0.432	0.39	0.45333333333333337	0.443	0.392	0.47	0.398	0.3753333333333333	0.482	0.508	0.628	0.44983333333333336	0.4438888888888889	0.458	0.502	0.6357128851540617
TSs56	1	0.47395	0.03792024178248479	1	0.479	0.48	0.442	0.51	0.46	0.394	0.56	0.478	0.464	0.41	0.46	0.518	0.504	0.484	0.502	0.488	0.446	0.488	0.492	0.458	0.441
TSs3A	0	0.4131930952380952	0.03568138091661032	1	0.4182142857142857	0.414	0.38	0.496	0.43389999999999995	0.386	0.355	0.376	0.4646666666666667	0.42039166666666666	0.4286666666666667	0.414	0.43026666666666663	0.392	0.425	0.41866666666666663	0.389	0.439	0.437875	0.3456666666666666	0.4177619047619048
TSs95	0	0.5367157831465921	0.060658921408431814	1	0.536	0.654	0.616	0.4617777777777778	0.5	0.542	0.62	0.538	0.4376666666666667	0.44829166666666664	0.5433333333333332	0.58	0.5775	0.582	0.456	0.518	0.532	0.5893333333333334	0.52	0.534	0.4844128851540616
TSs2	0	0.27486020363408525	0.05727505075001349	0	0.269	0.2	0.21611111111111111	0.27791111111111116	0.3504	0.233	0.225	0.27	0.2446666666666667	0.35343859649122805	0.266	0.274	0.328	0.286	0.316	0.424	0.21259523809523811	0.206	0.2899861111111111	0.268	0.2560952380952381
TSs44C	0	0.49756984649122804	0.044547075232966075	1	0.5085	0.532	0.5121111111111111	0.5224	0.54	0.424	0.4745	0.5223333333333332	0.528	0.5398302631578947	0.528	0.48	0.43588888888888894	0.462	0.577	0.542	0.4773333333333334	0.5048888888888889	0.4311111111111111	0.426	0.492
TSs201	0	0.5102972222222222	0.07205127378649187	1	0.505	0.45333333333333337	0.522	0.5031111111111111	0.492	0.4835	0.716	0.528	0.504	0.542	0.441	0.512	0.5996666666666668	0.524	0.4966666666666667	0.328	0.5083333333333333	0.5652222222222222	0.4791111111111111	0.506	0.502
TSs217	0	0.5844311111111111	0.06298476084550478	1	0.5888333333333333	0.649	0.628	0.5674	0.55	0.45	0.612	0.51	0.648	0.584	0.5876666666666667	0.532	0.5246666666666667	0.65	0.59	0.682	0.607	0.6658888888888889	0.524	0.502	0.625
TSs168	0	0.4401718545751634	0.06895847544564901	1	0.43880555555555556	0.603	0.44411111111111107	0.417	0.49	0.326	0.4335	0.343	0.395	0.494	0.452	0.398	0.51	0.476	0.352	0.5006666666666667	0.391	0.398	0.5055416666666667	0.489	0.3856176470588235
TSs98	1	0.5977918796378201	0.04483084241795084	1	0.6038026315789473	0.642	0.64	0.6243333333333333	0.525	0.608	0.651	0.66	0.621	0.6042719298245613	0.6033333333333333	0.592	0.6003333333333333	0.556	0.5926666666666667	0.544	0.6315	0.636	0.529986111111111	0.592	0.5024128851540616
TSs116	0	0.47824835839599	0.06854225496024162	1	0.46630000000000005	0.629	0.44	0.456	0.506	0.436	0.405	0.546	0.4806666666666667	0.39556359649122813	0.5393333333333332	0.43	0.4766	0.55	0.438	0.61	0.4023333333333334	0.482	0.392875	0.506	0.4435952380952381
TSs53	1	0.48140833333333344	0.07746239372444198	1	0.475	0.468	0.416	0.45	0.49716666666666665	0.57	0.512	0.648	0.476	0.474	0.412	0.652	0.5	0.368	0.522	0.364	0.466	0.504	0.442	0.488	0.399
TSs63A	0	0.5341024007936506	0.07868170882379066	1	0.5356666666666667	0.494	0.558	0.5611111111111111	0.4458	0.591	0.626	0.49933333333333335	0.534	0.574	0.4713333333333333	0.656	0.6092222222222222	0.512	0.5153333333333333	0.314	0.6195952380952381	0.604	0.4979861111111111	0.462	0.5373333333333333
TSs158	1	0.5303500000000001	0.041553104893807744	1	0.526	0.564	0.496	0.478	0.534	0.56	0.588	0.476	0.622	0.544	0.49	0.6	0.492	0.512	0.536	0.53	0.522	0.56	0.492	0.502	0.509
TSs269	0	0.43314597222222223	0.06563237944199121	1	0.43125	0.424	0.37811111111111106	0.316	0.443	0.4285	0.3185	0.474	0.388	0.41	0.5153333333333333	0.512	0.5234888888888889	0.472	0.462	0.3306666666666666	0.4213333333333334	0.396	0.48798611111111106	0.528	0.434
TSs317	0	0.46264415204678355	0.05662437385587849	1	0.4649166666666667	0.484	0.55	0.3584	0.45	0.496	0.48	0.497	0.416	0.3811635964912281	0.504	0.494	0.5655	0.433	0.404	0.406	0.4798333333333334	0.424	0.4399861111111111	0.546	0.444
TSs49A	0	0.44701145363408523	0.047472045946060894	1	0.44699999999999995	0.53	0.44711111111111107	0.4666666666666666	0.495	0.39	0.424	0.44733333333333336	0.524	0.4512052631578948	0.432	0.382	0.404	0.536	0.4691666666666667	0.462	0.40009523809523806	0.4468888888888889	0.444	0.374	0.4147619047619048
TSs417	1	0.5841333333333335	0.06892816839043975	1	0.5823333333333334	0.66	0.598	0.652	0.564	0.614	0.692	0.536	0.498	0.5926666666666668	0.572	0.728	0.626	0.602	0.512	0.496	0.456	0.622	0.57	0.554	0.538
TSs195	0	0.541023511904762	0.05626156088246622	1	0.5439444444444445	0.668	0.4311111111111111	0.452	0.56	0.536	0.508	0.554	0.544	0.482	0.618	0.5853333333333334	0.528	0.505	0.573	0.546	0.484	0.5438888888888889	0.611375	0.556	0.5347619047619048
TSs371	1	0.5876583333333333	0.05211930968000697	1	0.5925	0.658	0.642	0.596	0.466	0.51	0.566	0.566	0.646	0.566	0.612	0.62	0.6281666666666667	0.589	0.596	0.626	0.568	0.666	0.55	0.562	0.52
TSs23	0	0.5603416666666667	0.05651891434455778	1	0.5718888888888889	0.572	0.646	0.5717777777777778	0.5521666666666666	0.608	0.615	0.54	0.628	0.586	0.468	0.654	0.5765	0.51	0.574	0.458	0.487	0.5818888888888889	0.5625	0.504	0.512
TSs51	0	0.47474142857142854	0.06759284888513596	1	0.46405555555555555	0.416	0.477	0.4701111111111111	0.43439999999999995	0.49	0.581	0.446	0.458	0.45522500000000005	0.5006666666666666	0.598	0.5695555555555557	0.34	0.4455	0.39039999999999997	0.503	0.456	0.499875	0.571	0.39309523809523805
TSs59B	0	0.37236075918964084	0.0816599723474191	0	0.3795	0.18	0.3321111111111111	0.3494	0.45633333333333337	0.465	0.399	0.5033333333333334	0.30166666666666664	0.4113052631578948	0.2955	0.478	0.32255555555555554	0.256	0.4425	0.36	0.40759523809523807	0.304	0.35881944444444447	0.404	0.4200952380952381
TSs365	0	0.4004574404761905	0.12469210794621773	0	0.381	0.652	0.2661111111111111	0.268	0.4086666666666666	0.284	0.2535	0.388	0.4273333333333334	0.3334583333333333	0.526	0.38	0.289	0.534	0.37733333333333335	0.6906666666666668	0.28509523809523807	0.3418888888888889	0.448	0.382	0.47409523809523807
TSs224	1	0.5240189775910363	0.060485418901757515	1	0.5335000000000001	0.562	0.464	0.405	0.606	0.555	0.61	0.46	0.544	0.49	0.424	0.542	0.496	0.552	0.533	0.632	0.534	0.474	0.578	0.512	0.5073795518207282
TSs325	0	0.6144772222222221	0.06730108789925801	1	0.6275555555555555	0.534	0.6241111111111111	0.6431111111111111	0.5135	0.674	0.706	0.588	0.648	0.5922666666666666	0.48533333333333334	0.7173333333333334	0.655888888888889	0.562	0.624	0.508	0.657	0.642	0.7	0.631	0.584
TSs119A	0	0.5500575740822644	0.04469940897707423	1	0.5609444444444445	0.55	0.464	0.48844444444444446	0.5875	0.512	0.629	0.52	0.578	0.4782302631578947	0.508	0.574	0.5578888888888889	0.512	0.5706666666666668	0.564	0.5503333333333332	0.596	0.596875	0.584	0.5802128851540617
TSs166	0	0.4389909722222223	0.07899278178090209	1	0.438	0.581	0.35	0.44	0.444	0.332	0.368	0.454	0.42966666666666664	0.384	0.5903333333333333	0.368	0.4785	0.4993333333333333	0.389	0.586	0.476	0.36	0.36398611111111107	0.45	0.436
TSs297	0	0.3882486507936508	0.07617335720774025	0	0.36024999999999996	0.336	0.356	0.27791111111111116	0.43439999999999995	0.3605	0.36	0.35	0.3386666666666666	0.38160000000000005	0.44	0.282	0.3396	0.452	0.442	0.574	0.392	0.452	0.316	0.356	0.5242952380952381
TSs338	0	0.5370769841269842	0.04548494735490033	1	0.534	0.58	0.4771111111111111	0.566	0.578	0.544	0.524	0.502	0.5793333333333334	0.52	0.493	0.594	0.576	0.434	0.515	0.58	0.522	0.508	0.554	0.605	0.4900952380952381
TSs293	0	0.4447700793650794	0.051333449680746816	1	0.44805555555555554	0.355	0.4541111111111111	0.512	0.498	0.562	0.428	0.406	0.408	0.508	0.4565	0.456	0.42948888888888886	0.4356666666666667	0.453	0.45	0.44542857142857145	0.4	0.44611111111111107	0.452	0.34009523809523806
TSs24	0	0.5270108187134503	0.05469909818029571	1	0.5338666666666667	0.607	0.5521111111111111	0.5267333333333334	0.564	0.464	0.516	0.517	0.41466666666666663	0.43383026315789475	0.5453333333333332	0.476	0.643	0.541	0.4916666666666667	0.556	0.554	0.502	0.545875	0.576	0.514
TSs334	0	0.5742906798245615	0.06870271811193522	1	0.5679722222222222	0.5	0.66	0.5767777777777777	0.556	0.616	0.676	0.541	0.604	0.5961052631578947	0.538	0.686	0.6552222222222222	0.466	0.5591666666666667	0.4726666666666667	0.632	0.544	0.529875	0.611	0.466
TSs1A	0	0.31159345760233914	0.06257921049079603	0	0.311	0.204	0.21511111111111111	0.32539999999999997	0.361	0.438	0.314	0.33	0.24366666666666667	0.35370526315789474	0.279	0.296	0.259	0.32333333333333336	0.458	0.306	0.334	0.31	0.3016527777777777	0.268	0.312
TSs266	1	0.5318166666666666	0.053268982559496816	1	0.53	0.568	0.538	0.508	0.558	0.5753333333333334	0.562	0.636	0.484	0.524	0.508	0.596	0.516	0.467	0.6	0.446	0.528	0.58	0.458	0.532	0.452
TSs277	0	0.44044809523809514	0.07140506436763161	1	0.42433333333333334	0.612	0.45	0.4	0.4206666666666667	0.463	0.366	0.432	0.456	0.363725	0.5	0.44733333333333336	0.39548888888888895	0.42066666666666663	0.516	0.6	0.38342857142857145	0.428	0.4119861111111111	0.3386666666666666	0.404
TSs60B	0	0.4953964629711535	0.0671361297228491	1	0.50925	0.466	0.5321111111111111	0.582	0.4636666666666666	0.508	0.526	0.528	0.43266666666666664	0.5341052631578947	0.48	0.616	0.528	0.45	0.5105	0.362	0.5426666666666667	0.508	0.566	0.378	0.3942128851540616
TSs303	0	0.4614192950513538	0.06699135667404477	1	0.44504861111111105	0.589	0.44811111111111107	0.4266666666666667	0.4210666666666666	0.432	0.421	0.41	0.512	0.35639166666666666	0.5083333333333333	0.378	0.5552666666666667	0.521	0.4	0.574	0.45659523809523805	0.4678888888888889	0.4419861111111111	0.5206666666666667	0.3884128851540616
TSs120	1	0.5813	0.05683040327889734	1	0.583	0.51	0.614	0.538	0.544	0.516	0.556	0.584	0.62	0.644	0.48	0.686	0.614	0.578	0.582	0.619	0.548	0.606	0.608	0.677	0.502
TSs132	0	0.5426333082092487	0.04220811602527247	1	0.5435476190476191	0.562	0.555	0.577	0.49466666666666664	0.4965	0.584	0.505	0.536	0.5641052631578947	0.513	0.6193333333333334	0.5972666666666666	0.562	0.495	0.49	0.5410952380952381	0.508	0.6144861111111111	0.546	0.4922128851540616
TSs78	1	0.51075	0.08376588616024144	1	0.508	0.536	0.682	0.556	0.464	0.377	0.506	0.424	0.564	0.484	0.586	0.474	0.51	0.588	0.484	0.662	0.448	0.542	0.346	0.472	0.51
TSs61	0	0.5710619339402427	0.0590506910445885	1	0.5806041666666667	0.6013333333333333	0.632	0.606	0.5135	0.66	0.642	0.502	0.548	0.563	0.41333333333333333	0.5713333333333334	0.6052222222222222	0.6075	0.523	0.56	0.5614285714285715	0.628	0.589875	0.5015	0.5922128851540616
TSs60	0	0.44121771825396816	0.0646274206722107	1	0.4474666666666667	0.44933333333333336	0.3651111111111111	0.3481111111111111	0.478	0.4205	0.459	0.5473333333333333	0.35933333333333334	0.38626666666666665	0.4805	0.476	0.4456	0.417	0.554	0.474	0.4320952380952381	0.43188888888888893	0.3159861111111111	0.45	0.5342952380952382
TSs274	1	0.5934223611111112	0.04975595500907739	1	0.597	0.641	0.62	0.564	0.576	0.592	0.6045	0.57	0.696	0.5610583333333334	0.492	0.65	0.638	0.568	0.636	0.602	0.5086666666666667	0.6232222222222222	0.582	0.614	0.53
TSs10A	0	0.4645299748759153	0.05430274467656404	1	0.45575	0.536	0.4091111111111111	0.44773333333333337	0.422	0.492	0.51	0.5483333333333332	0.3853333333333333	0.42210526315789476	0.4555	0.528	0.4974888888888889	0.476	0.563	0.456	0.4265952380952381	0.432	0.36398611111111107	0.453	0.4664128851540616
TSs96	0	0.5489284722222223	0.07576340295712543	1	0.5584444444444444	0.488	0.619	0.644	0.5	0.582	0.678	0.565	0.512	0.565125	0.542	0.582	0.6003888888888889	0.504	0.4305	0.364	0.6186666666666667	0.5518888888888889	0.548	0.614	0.47
TSs282	0	0.4033578028404345	0.09376749832524588	0	0.3925	0.5163333333333334	0.31911111111111107	0.3424	0.41	0.428	0.361	0.5253333333333333	0.2853333333333333	0.30277192982456136	0.491	0.398	0.291	0.38766666666666666	0.516	0.578	0.393	0.37	0.2461111111111111	0.392	0.514095238095238
TSs56A	0	0.6554020833333334	0.05676570023291276	1	0.6563000000000001	0.7123333333333333	0.7053333333333333	0.6204444444444444	0.582	0.6835	0.642	0.609	0.606	0.6499333333333334	0.633	0.7273333333333333	0.720388888888889	0.695	0.605	0.5424	0.6865	0.7458888888888889	0.5813194444444444	0.6626666666666667	0.698
TSs296	0	0.36110747487591527	0.054653569867173186	0	0.36604761904761907	0.23	0.36	0.39546666666666663	0.401	0.389	0.278	0.428	0.33	0.45183026315789476	0.325	0.394	0.31493333333333334	0.37	0.43	0.38	0.3620952380952381	0.316	0.4046111111111111	0.3326666666666666	0.3295462184873949
TSs33	0	0.47275708333333333	0.05790602041824495	1	0.4647986111111111	0.37433333333333335	0.44611111111111107	0.47	0.496	0.488	0.54	0.49533333333333335	0.45	0.5256000000000001	0.3806666666666667	0.602	0.4643888888888889	0.508	0.462	0.386	0.4635	0.56	0.46520833333333333	0.436	0.442
TSs311	0	0.58554477124183	0.0654505167350227	1	0.5830888888888888	0.542	0.702	0.5821777777777777	0.576	0.584	0.592	0.406	0.634	0.666	0.526	0.55	0.6266	0.616	0.599	0.554	0.684	0.626	0.56	0.5275	0.5576176470588236
TSs68	0	0.37843631474519634	0.057753483348203224	0	0.3866666666666667	0.30933333333333335	0.2961111111111111	0.3644	0.4093333333333334	0.389	0.333	0.38533333333333336	0.388	0.39810526315789474	0.452	0.3653333333333333	0.2746	0.314	0.4715	0.458	0.3180952380952381	0.398	0.36248611111111106	0.428	0.45409523809523805
TSs104	1	0.5952547619047619	0.08011076184126524	1	0.59	0.508	0.58	0.6	0.51	0.604	0.626	0.62	0.558	0.624	0.512	0.778	0.726	0.51	0.538	0.534	0.6004285714285714	0.654	0.56	0.7406666666666666	0.522
TSs58	0	0.5827734576023392	0.051195053101759445	1	0.587	0.587	0.646	0.5493333333333332	0.484	0.601	0.654	0.568	0.591	0.5903719298245614	0.5018333333333334	0.634	0.656	0.572	0.587	0.566	0.632	0.6148888888888889	0.550875	0.586	0.4841666666666667
TSs358	0	0.3187974007936508	0.192158541314347	0	0.23983333333333334	0.714	0.13311111111111112	0.1212	0.294	0.37	0.308	0.242	0.21283333333333335	0.156	0.518	0.124	0.23766666666666666	0.2031666666666667	0.21033333333333332	0.7586666666666667	0.17092857142857146	0.204	0.4605416666666666	0.364	0.5735
TSs82	0	0.5569192156862746	0.06975102997368919	1	0.5628	0.49333333333333335	0.576	0.542	0.5433333333333332	0.612	0.658	0.566	0.578	0.5596	0.48133333333333334	0.682	0.6632222222222222	0.58	0.492	0.396	0.5925	0.578	0.5481111111111111	0.4675	0.5294509803921569
TSs15	0	0.6493670833333332	0.06937403022096418	1	0.648	0.56	0.676	0.6877333333333333	0.6184	0.718	0.682	0.644	0.652	0.5415	0.58	0.7513333333333333	0.798	0.551	0.69	0.62	0.6045	0.7158888888888889	0.5879861111111111	0.694	0.615
TSs3	0	0.49707502506265666	0.06304971178473001	1	0.49283333333333335	0.338	0.426	0.5378333333333333	0.5288999999999999	0.468	0.63	0.442	0.4426666666666667	0.568163596491228	0.47	0.53	0.48360000000000003	0.49366666666666664	0.465	0.584	0.518	0.492	0.5250416666666667	0.476	0.5226285714285713
TSs4	0	0.45232978696741855	0.053800400986276614	1	0.4745555555555555	0.481	0.4001111111111111	0.4731111111111111	0.5007999999999999	0.479	0.439	0.4913333333333333	0.463	0.4908969298245614	0.3301666666666666	0.486	0.491	0.415	0.544	0.48	0.46609523809523806	0.476	0.3719861111111111	0.382	0.38609523809523805
TSs331	1	0.5458	0.057384758658687314	1	0.556	0.604	0.546	0.574	0.532	0.59	0.452	0.566	0.642	0.48	0.59	0.646	0.584	0.49	0.474	0.572	0.502	0.472	0.548	0.564	0.488
TSs314B	0	0.505356145510836	0.061850654024349166	1	0.485981045751634	0.438	0.522	0.4898444444444444	0.466	0.47	0.63	0.54	0.48	0.4989385964912281	0.4455	0.6033333333333334	0.5578888888888889	0.464	0.5041666666666667	0.528	0.45333333333333337	0.424	0.64	0.47	0.48211764705882354
TSs333	0	0.4951999748759153	0.07701391151018272	1	0.515	0.408	0.516	0.5524444444444443	0.5163333333333333	0.536	0.534	0.4673333333333334	0.514	0.5929385964912279	0.3993333333333333	0.694	0.5185555555555557	0.4	0.4376666666666667	0.4070666666666667	0.547595238095238	0.45	0.5393194444444444	0.482	0.3914128851540616
TSs7	0	0.41828240079365075	0.04851355982936541	1	0.42108333333333337	0.32	0.487	0.4531111111111111	0.4114	0.479	0.4165	0.38833333333333336	0.448	0.5176000000000001	0.366	0.426	0.4256666666666667	0.3518333333333334	0.434	0.35573333333333335	0.38659523809523805	0.438	0.444875	0.406	0.41
TSs38	0	0.5032492063492062	0.07185581263800853	1	0.509	0.624	0.588	0.434	0.492	0.444	0.526	0.4273333333333334	0.516	0.5281666666666668	0.6116666666666667	0.418	0.502	0.604	0.419	0.546	0.45442857142857146	0.5458888888888889	0.376	0.47	0.5385
TSs10	1	0.411688888888889	0.04660432483061502	1	0.4073333333333333	0.494	0.346	0.3391111111111111	0.4126666666666667	0.402	0.376	0.43	0.452	0.36	0.45	0.45	0.434	0.368	0.428	0.5	0.37	0.368	0.4	0.402	0.452
TSs48	0	0.44290248538011695	0.0708325388657249	1	0.429	0.639	0.473	0.424	0.486	0.37	0.4075	0.442	0.39	0.3728969298245614	0.396	0.37	0.526	0.502	0.43	0.5326666666666667	0.428	0.386	0.4749861111111111	0.458	0.35
