ID	ID	Class	Mean	stdev	Predicted_0.01	Median	score_0	score_1	score_2	score_3	score_4	score_5	score_6	score_7	score_8	score_9	score_10	score_11	score_12	score_13	score_14	score_15	score_16	score_17	score_18	score_19
TSs156A	0	0.49484209662970813	0.014108049825153606	1	0.5	0.5	0.4893044587814023	0.5	0.5	0.4845909666608629	0.5106957504130752	0.5	0.44496693262756215	0.5	0.5104786873476891	0.47797917259968115	0.4895215053824855	0.5	0.5	0.5	0.5	0.5	0.5	0.48930445878140216	0.5
TSs361	0	0.4983294369394205	0.018550723476978257	1	0.5	0.5	0.5	0.5	0.5	0.4845909666608629	0.5106957504130752	0.541795845760814	0.44496693262756215	0.5	0.5	0.47797917259968115	0.4895215053824855	0.5	0.5	0.5	0.5	0.5	0.5275853841572485	0.4894531811866786	0.5
TSs368	1	0.4964779255203777	0.013945694932318791	1	0.5	0.5	0.4893044587814023	0.5	0.5	0.4845909666608629	0.5106957504130752	0.5	0.44496693262756215	0.5	0.5104786873476891	0.5106957504130752	0.4895215053824855	0.5	0.5	0.5	0.5	0.5	0.5	0.48930445878140216	0.5
TSs49	0	0.4956040878398739	0.017228375337763023	1	0.5	0.5220245763602924	0.4893044587814023	0.5	0.5	0.4845909666608629	0.5	0.51313618892148	0.44496693262756215	0.5	0.5	0.5106957504130752	0.45805842425140014	0.5	0.5	0.5	0.5	0.5	0.5	0.48930445878140216	0.5
TSs138B	1	0.49417740470296045	0.013899136511371646	1	0.5	0.5	0.5	0.5	0.5	0.46013299977536953	0.5	0.51313618892148	0.5	0.5	0.5	0.47797917259968115	0.45805842425140014	0.5	0.5	0.5	0.5	0.5	0.48478812732460036	0.4894531811866786	0.5
TSs22B	1	0.49505282740785905	0.015711172721227053	1	0.5	0.5220245763602924	0.5	0.4847881273246004	0.5	0.46013299977536953	0.5106957504130752	0.51313618892148	0.5	0.5	0.5	0.47797917259968115	0.45805842425140014	0.5	0.5	0.5	0.5	0.5	0.48478812732460036	0.4894531811866786	0.5
TSs287	0	0.4969089183936116	0.01458502499200082	1	0.5	0.5	0.5	0.5	0.5	0.4845909666608629	0.5106957504130752	0.51313618892148	0.44496693262756215	0.5	0.5104786873476891	0.5106957504130752	0.4895215053824855	0.5	0.5	0.5	0.5	0.5	0.48478812732460036	0.48930445878140216	0.5
TSs383	0	0.4951933975192233	0.01377028750637944	1	0.5	0.5	0.4893044587814023	0.5	0.5	0.4845909666608629	0.5106957504130752	0.5	0.44496693262756215	0.5	0.5	0.5106957504130752	0.4895215053824855	0.5	0.5	0.5	0.5	0.5	0.48478812732460036	0.48930445878140216	0.5
TSs314A	0	0.49625210894753763	0.014103636391990627	1	0.5	0.5	0.5	0.4847881273246004	0.5	0.4845909666608629	0.5106957504130752	0.5	0.44496693262756215	0.5	0.5104786873476891	0.5106957504130752	0.4895215053824855	0.5	0.5	0.5	0.5	0.5	0.5	0.48930445878140216	0.5
TSs30	1	0.49451803988720516	0.015328047116852782	1	0.5	0.5220245763602924	0.5	0.4847881273246004	0.5	0.46013299977536953	0.5	0.51313618892148	0.5	0.5	0.5	0.47797917259968115	0.45805842425140014	0.5	0.5	0.5	0.5	0.5	0.48478812732460036	0.4894531811866786	0.5
TSs291	0	0.49600600028183817	0.017409320135859368	1	0.5	0.5220245763602924	0.4893044587814023	0.5	0.5	0.4845909666608629	0.5106957504130752	0.5	0.44496693262756215	0.5	0.5104786873476891	0.5106957504130752	0.45805842425140014	0.5	0.5	0.5	0.5	0.5	0.5	0.48930445878140216	0.5
TSs157A	0	0.49558096691742604	0.01401729579383527	1	0.5	0.5	0.4893044587814023	0.4847881273246004	0.5	0.4845909666608629	0.5	0.5079684510294407	0.44496693262756215	0.5	0.5104786873476891	0.5106957504130752	0.4895215053824855	0.5	0.5	0.5	0.5	0.5	0.5	0.48930445878140216	0.5
TSs27	0	0.496013425942378	0.017056927055820695	1	0.5	0.5220245763602924	0.5	0.5	0.5	0.4845909666608629	0.5	0.5	0.44496693262756215	0.5	0.5104786873476891	0.5106957504130752	0.45805842425140014	0.5	0.5	0.5	0.5	0.5	0.5	0.4894531811866786	0.5
TSs363	0	0.4938353838705146	0.017127561113683482	1	0.5	0.5220245763602924	0.4893044587814023	0.5	0.5	0.4845909666608629	0.5	0.5	0.44496693262756215	0.5	0.5104786873476891	0.47797917259968115	0.45805842425140014	0.5	0.5	0.5	0.5	0.5	0.5	0.48930445878140216	0.5
TSs9	0	0.4957247680068716	0.014153213494271902	1	0.5	0.5	0.4893044587814023	0.5	0.5	0.4845909666608629	0.5106957504130752	0.5	0.44496693262756215	0.5	0.5104786873476891	0.5106957504130752	0.4895215053824855	0.5	0.5	0.5	0.5	0.5	0.48478812732460036	0.4894531811866786	0.5
TSs133	0	0.49595399115299327	0.013584161187572585	1	0.5	0.5	0.4893044587814023	0.5	0.5	0.4845909666608629	0.5106957504130752	0.5	0.44496693262756215	0.5	0.5	0.5106957504130752	0.4895215053824855	0.5	0.5	0.5	0.5	0.5	0.5	0.48930445878140216	0.5
TSs155	0	0.49596141681353323	0.013129530883540012	1	0.5	0.5	0.5	0.5	0.5	0.4845909666608629	0.5	0.5	0.44496693262756215	0.5	0.5	0.5106957504130752	0.4895215053824855	0.5	0.5	0.5	0.5	0.5	0.5	0.4894531811866786	0.5
TSs209	0	0.4964779255203777	0.013945694932318791	1	0.5	0.5	0.4893044587814023	0.5	0.5	0.4845909666608629	0.5106957504130752	0.5	0.44496693262756215	0.5	0.5104786873476891	0.5106957504130752	0.4895215053824855	0.5	0.5	0.5	0.5	0.5	0.5	0.48930445878140216	0.5
TSs136	0	0.4952658698696485	0.015598191620409978	1	0.5	0.5	0.5	0.5	0.5	0.46013299977536953	0.5106957504130752	0.5	0.44496693262756215	0.5	0.5	0.5106957504130752	0.4895215053824855	0.5	0.5	0.5	0.5	0.5	0.5	0.48930445878140216	0.5
TSs22A	1	0.49424881029905776	0.015421584082861931	1	0.5	0.5220245763602924	0.4893044587814023	0.4847881273246004	0.5	0.46013299977536953	0.5	0.5079684510294407	0.5	0.5	0.5104786873476891	0.47797917259968115	0.45805842425140014	0.5	0.5	0.5	0.5	0.5	0.48478812732460036	0.4894531811866786	0.5
TSs357	0	0.4983473157289696	0.012414809769732632	1	0.5	0.5220245763602924	0.4893044587814023	0.4847881273246004	0.5	0.46013299977536953	0.5106957504130752	0.5	0.5	0.5	0.5104786873476891	0.5106957504130752	0.4895215053824855	0.5	0.5	0.5	0.5	0.5	0.5	0.48930445878140216	0.5
TSs161	0	0.4964779255203777	0.013945694932318791	1	0.5	0.5	0.4893044587814023	0.5	0.5	0.4845909666608629	0.5106957504130752	0.5	0.44496693262756215	0.5	0.5104786873476891	0.5106957504130752	0.4895215053824855	0.5	0.5	0.5	0.5	0.5	0.5	0.48930445878140216	0.5
TSs11	0	0.49758659045865616	0.015059002806939004	1	0.5	0.5220245763602924	0.4893044587814023	0.5	0.5	0.4845909666608629	0.5106957504130752	0.5	0.44496693262756215	0.5	0.5104786873476891	0.5106957504130752	0.4895215053824855	0.5	0.5	0.5	0.5	0.5	0.5	0.4894531811866786	0.5
TSs5A	1	0.4964779255203777	0.013945694932318791	1	0.5	0.5	0.4893044587814023	0.5	0.5	0.4845909666608629	0.5106957504130752	0.5	0.44496693262756215	0.5	0.5104786873476891	0.5106957504130752	0.4895215053824855	0.5	0.5	0.5	0.5	0.5	0.5	0.48930445878140216	0.5
TSs131	1	0.4964779255203777	0.013945694932318791	1	0.5	0.5	0.4893044587814023	0.5	0.5	0.4845909666608629	0.5106957504130752	0.5	0.44496693262756215	0.5	0.5104786873476891	0.5106957504130752	0.4895215053824855	0.5	0.5	0.5	0.5	0.5	0.5	0.48930445878140216	0.5
TSs294	0	0.4963489966714598	0.013808097019107724	1	0.5	0.5	0.4893044587814023	0.5	0.5	0.4845909666608629	0.5	0.5079684510294407	0.44496693262756215	0.5	0.5104786873476891	0.5106957504130752	0.4895215053824855	0.5	0.5	0.5	0.5	0.5	0.5	0.4894531811866786	0.5
TSs378	0	0.4957247680068716	0.014153213494271902	1	0.5	0.5	0.4893044587814023	0.5	0.5	0.4845909666608629	0.5106957504130752	0.5	0.44496693262756215	0.5	0.5104786873476891	0.5106957504130752	0.4895215053824855	0.5	0.5	0.5	0.5	0.5	0.48478812732460036	0.4894531811866786	0.5
TSs111	0	0.4949641743731016	0.014319140740498322	1	0.5	0.5	0.4893044587814023	0.4847881273246004	0.5	0.4845909666608629	0.5106957504130752	0.5	0.44496693262756215	0.5	0.5104786873476891	0.5106957504130752	0.4895215053824855	0.5	0.5	0.5	0.5	0.5	0.48478812732460036	0.4894531811866786	0.5
TSs56	0	0.49419630528806485	0.015213127806374498	1	0.5	0.5	0.4893044587814023	0.5	0.5	0.46013299977536953	0.5	0.5	0.44496693262756215	0.5	0.5	0.5106957504130752	0.4895215053824855	0.5	0.5	0.5	0.5	0.5	0.5	0.48930445878140216	0.5
TSs3A	0	0.49846898525522965	0.0076059130441216965	1	0.5	0.5	0.4893044587814023	0.5	0.5	0.4845909666608629	0.5106957504130752	0.5	0.5	0.5	0.5104786873476891	0.5106957504130752	0.4895215053824855	0.5	0.5	0.5	0.5	0.5	0.48478812732460036	0.48930445878140216	0.5
TSs95	0	0.4975791543383924	0.01506326657462264	1	0.5	0.5220245763602924	0.4893044587814023	0.5	0.5	0.4845909666608629	0.5106957504130752	0.5	0.44496693262756215	0.5	0.5104786873476891	0.5106957504130752	0.4895215053824855	0.5	0.5	0.5	0.5	0.5	0.5	0.48930445878140216	0.5
TSs2	1	0.4954825513368779	0.012969437310691225	1	0.5	0.5220245763602924	0.5	0.4847881273246004	0.5	0.4845909666608629	0.5	0.5079684510294407	0.5	0.5	0.5	0.47797917259968115	0.45805842425140014	0.5	0.5	0.5	0.5	0.5	0.48478812732460036	0.4894531811866786	0.5
TSs44C	0	0.49723646638292	0.01329635105137914	1	0.5	0.5220245763602924	0.4893044587814023	0.4847881273246004	0.5	0.4845909666608629	0.5106957504130752	0.5	0.5	0.5	0.5104786873476891	0.5106957504130752	0.45805842425140014	0.5	0.5	0.5	0.5	0.5	0.48478812732460036	0.48930445878140216	0.5
TSs201	1	0.49502024662637323	0.014918455688333164	1	0.5	0.5220245763602924	0.5	0.4847881273246004	0.5	0.46013299977536953	0.5	0.5079684510294407	0.5	0.5	0.5	0.47797917259968115	0.45805842425140014	0.5	0.5	0.5	0.5	0.5	0.5	0.4894531811866786	0.5
TSs217	1	0.49425965299260327	0.015038502078611031	1	0.5	0.5220245763602924	0.5	0.4847881273246004	0.5	0.46013299977536953	0.5	0.5079684510294407	0.5	0.5	0.5	0.47797917259968115	0.45805842425140014	0.5	0.5	0.5	0.5	0.5	0.48478812732460036	0.4894531811866786	0.5
TSs168	0	0.49520083363948714	0.013766979794015047	1	0.5	0.5	0.4893044587814023	0.4847881273246004	0.5	0.4845909666608629	0.5106957504130752	0.5	0.44496693262756215	0.5	0.5	0.5106957504130752	0.4895215053824855	0.5	0.5	0.5	0.5	0.5	0.5	0.4894531811866786	0.5
TSs98	1	0.4964779255203777	0.013945694932318791	1	0.5	0.5	0.4893044587814023	0.5	0.5	0.4845909666608629	0.5106957504130752	0.5	0.44496693262756215	0.5	0.5104786873476891	0.5106957504130752	0.4895215053824855	0.5	0.5	0.5	0.5	0.5	0.5	0.48930445878140216	0.5
TSs116	1	0.4964779255203777	0.013945694932318791	1	0.5	0.5	0.4893044587814023	0.5	0.5	0.4845909666608629	0.5106957504130752	0.5	0.44496693262756215	0.5	0.5104786873476891	0.5106957504130752	0.4895215053824855	0.5	0.5	0.5	0.5	0.5	0.5	0.48930445878140216	0.5
TSs53	1	0.4958954818832729	0.014953519008474428	1	0.5	0.5220245763602924	0.5	0.4847881273246004	0.5	0.46013299977536953	0.5	0.5079684510294407	0.5	0.5	0.5	0.5106957504130752	0.45805842425140014	0.5	0.5	0.5	0.5	0.5	0.48478812732460036	0.4894531811866786	0.5
TSs63A	0	0.4976045926918754	0.007056867326123718	1	0.5	0.5	0.5	0.5	0.5	0.4845909666608629	0.5106957504130752	0.5	0.5	0.5	0.5	0.47797917259968115	0.4895215053824855	0.5	0.5	0.5	0.5	0.5	0.5	0.48930445878140216	0.5
TSs158	0	0.4940815029959381	0.014224908852926868	1	0.5	0.5	0.4893044587814023	0.5	0.5	0.4845909666608629	0.5106957504130752	0.5	0.44496693262756215	0.5	0.5104786873476891	0.47797917259968115	0.4895215053824855	0.5	0.5	0.5	0.5	0.5	0.48478812732460036	0.48930445878140216	0.5
TSs269	0	0.49578980423703295	0.015937865765158602	1	0.5	0.5	0.5	0.5	0.5	0.46013299977536953	0.5106957504130752	0.5	0.44496693262756215	0.5	0.5104786873476891	0.5106957504130752	0.4895215053824855	0.5	0.5	0.5	0.5	0.5	0.5	0.48930445878140216	0.5
TSs317	0	0.49275244432603316	0.015893688302907605	1	0.5	0.5	0.4893044587814023	0.5	0.5	0.4845909666608629	0.5106957504130752	0.5	0.44496693262756215	0.5	0.5	0.47797917259968115	0.45805842425140014	0.5	0.5	0.5	0.5	0.5	0.5	0.4894531811866786	0.5
TSs49A	1	0.4938612304411312	0.014759154126666927	1	0.5	0.5220245763602924	0.5	0.4847881273246004	0.5	0.46013299977536953	0.5	0.5	0.5	0.5	0.5	0.47797917259968115	0.45805842425140014	0.5	0.5	0.5	0.5	0.5	0.48478812732460036	0.4894531811866786	0.5
TSs417	0	0.49924042158254506	0.00597754890009264	1	0.5	0.5	0.5	0.5	0.5	0.4845909666608629	0.5106957504130752	0.5	0.5	0.5	0.5	0.5106957504130752	0.4895215053824855	0.5	0.5	0.5	0.5	0.5	0.5	0.48930445878140216	0.5
TSs195	0	0.4973679334254899	0.008155063476851897	1	0.5	0.5	0.5	0.4847881273246004	0.5	0.4845909666608629	0.5106957504130752	0.5	0.5	0.5	0.5104786873476891	0.47797917259968115	0.4895215053824855	0.5	0.5	0.5	0.5	0.5	0.5	0.48930445878140216	0.5
TSs371	0	0.4961873650229167	0.010216195084532285	1	0.5	0.5	0.4893044587814023	0.4847881273246004	0.5	0.46013299977536953	0.5	0.5	0.5	0.5	0.5	0.5106957504130752	0.4895215053824855	0.5	0.5	0.5	0.5	0.5	0.5	0.48930445878140216	0.5
TSs23	0	0.4944799255474101	0.014508176485792505	1	0.5	0.5	0.4893044587814023	0.4847881273246004	0.5	0.4845909666608629	0.5106957504130752	0.5079684510294407	0.44496693262756215	0.5	0.5104786873476891	0.47797917259968115	0.4895215053824855	0.5	0.5	0.5	0.5	0.5	0.5	0.48930445878140216	0.5
TSs51	0	0.4964779255203777	0.013945694932318791	1	0.5	0.5	0.4893044587814023	0.5	0.5	0.4845909666608629	0.5106957504130752	0.5	0.44496693262756215	0.5	0.5104786873476891	0.5106957504130752	0.4895215053824855	0.5	0.5	0.5	0.5	0.5	0.5	0.48930445878140216	0.5
TSs59B	0	0.4964779255203777	0.013945694932318791	1	0.5	0.5	0.4893044587814023	0.5	0.5	0.4845909666608629	0.5106957504130752	0.5	0.44496693262756215	0.5	0.5104786873476891	0.5106957504130752	0.4895215053824855	0.5	0.5	0.5	0.5	0.5	0.5	0.48930445878140216	0.5
TSs365	0	0.49721698325609437	0.0155060964421217	1	0.5	0.5220245763602924	0.4893044587814023	0.5	0.5	0.4845909666608629	0.5106957504130752	0.5079684510294407	0.44496693262756215	0.5	0.5104786873476891	0.5106957504130752	0.4895215053824855	0.5	0.5	0.5	0.5	0.5	0.48478812732460036	0.48930445878140216	0.5
TSs224	0	0.4931470855988951	0.017608093894233828	1	0.5	0.5	0.4893044587814023	0.5	0.5	0.46013299977536953	0.5	0.5	0.44496693262756215	0.5	0.5104786873476891	0.5106957504130752	0.45805842425140014	0.5	0.5	0.5	0.5	0.5	0.5	0.48930445878140216	0.5
TSs325	0	0.49705521997100793	0.014770365771577518	1	0.5	0.5220245763602924	0.4893044587814023	0.5	0.5	0.4845909666608629	0.5106957504130752	0.5	0.44496693262756215	0.5	0.5	0.5106957504130752	0.4895215053824855	0.5	0.5	0.5	0.5	0.5	0.5	0.48930445878140216	0.5
TSs119A	0	0.494421950732184	0.013896944570591119	1	0.5	0.5	0.4893044587814023	0.4847881273246004	0.5	0.4845909666608629	0.5	0.5	0.44496693262756215	0.5	0.5104786873476891	0.5106957504130752	0.4895215053824855	0.5	0.5	0.5	0.5	0.5	0.48478812732460036	0.48930445878140216	0.5
TSs166	0	0.49547121276118433	0.017095778865355356	1	0.5	0.5220245763602924	0.4893044587814023	0.5	0.5	0.4845909666608629	0.5	0.5	0.44496693262756215	0.5	0.5104786873476891	0.5106957504130752	0.45805842425140014	0.5	0.5	0.5	0.5	0.5	0.5	0.48930445878140216	0.5
TSs297	1	0.49425965299260327	0.015038502078611031	1	0.5	0.5220245763602924	0.5	0.4847881273246004	0.5	0.46013299977536953	0.5	0.5079684510294407	0.5	0.5	0.5	0.47797917259968115	0.45805842425140014	0.5	0.5	0.5	0.5	0.5	0.48478812732460036	0.4894531811866786	0.5
TSs338	0	0.496540777342768	0.017356821455058208	1	0.5	0.5220245763602924	0.5	0.5	0.5	0.4845909666608629	0.5106957504130752	0.5	0.44496693262756215	0.5	0.5104786873476891	0.5106957504130752	0.45805842425140014	0.5	0.5	0.5	0.5	0.5	0.5	0.48930445878140216	0.5
TSs293	1	0.49176638651858323	0.018831468565968484	1	0.5	0.5220245763602924	0.5	0.4847881273246004	0.5	0.46013299977536953	0.5	0.51313618892148	0.44496693262756215	0.5	0.5	0.47797917259968115	0.45805842425140014	0.5	0.5	0.5	0.5	0.5	0.48478812732460036	0.4894531811866786	0.5
TSs24	0	0.49683315636455994	0.008322348683873484	1	0.5	0.5	0.4893044587814023	0.4847881273246004	0.5	0.4845909666608629	0.5106957504130752	0.5	0.5	0.5	0.5104786873476891	0.47797917259968115	0.4895215053824855	0.5	0.5	0.5	0.5	0.5	0.5	0.48930445878140216	0.5
TSs334	1	0.49451803988720516	0.015328047116852782	1	0.5	0.5220245763602924	0.5	0.4847881273246004	0.5	0.46013299977536953	0.5	0.51313618892148	0.5	0.5	0.5	0.47797917259968115	0.45805842425140014	0.5	0.5	0.5	0.5	0.5	0.48478812732460036	0.4894531811866786	0.5
TSs1A	0	0.4951295153601906	0.01585205651239397	1	0.5	0.5	0.4893044587814023	0.5	0.5	0.46013299977536953	0.5106957504130752	0.5079684510294407	0.44496693262756215	0.5	0.5	0.5106957504130752	0.4895215053824855	0.5	0.5	0.5	0.5	0.5	0.5	0.48930445878140216	0.5
TSs266	0	0.4957972403572968	0.015934715028749744	1	0.5	0.5	0.5	0.5	0.5	0.46013299977536953	0.5106957504130752	0.5	0.44496693262756215	0.5	0.5104786873476891	0.5106957504130752	0.4895215053824855	0.5	0.5	0.5	0.5	0.5	0.5	0.4894531811866786	0.5
TSs277	0	0.4928586046516634	0.01602158673623683	1	0.5	0.5	0.4893044587814023	0.5	0.5	0.46013299977536953	0.5106957504130752	0.5	0.44496693262756215	0.5	0.5104786873476891	0.47797917259968115	0.4895215053824855	0.5	0.5	0.5	0.5	0.5	0.48478812732460036	0.48930445878140216	0.5
TSs60B	0	0.49765642483244543	0.011364944808832274	1	0.5	0.5	0.4893044587814023	0.5	0.5	0.4845909666608629	0.5106957504130752	0.5	0.5	0.5	0.5104786873476891	0.5106957504130752	0.45805842425140014	0.5	0.5	0.5	0.5	0.5	0.5	0.48930445878140216	0.5
TSs303	0	0.49690326731893925	0.011698787882384988	1	0.5	0.5	0.4893044587814023	0.5	0.5	0.4845909666608629	0.5106957504130752	0.5	0.5	0.5	0.5104786873476891	0.5106957504130752	0.45805842425140014	0.5	0.5	0.5	0.5	0.5	0.48478812732460036	0.4894531811866786	0.5
TSs120	0	0.49577529624211003	0.014337882916591731	1	0.5	0.5	0.5	0.5	0.5	0.4845909666608629	0.5106957504130752	0.5079684510294407	0.44496693262756215	0.5	0.5104786873476891	0.47797917259968115	0.4895215053824855	0.5	0.5	0.5	0.5	0.5	0.5	0.48930445878140216	0.5
TSs132	0	0.4964779255203777	0.013945694932318791	1	0.5	0.5	0.4893044587814023	0.5	0.5	0.4845909666608629	0.5106957504130752	0.5	0.44496693262756215	0.5	0.5104786873476891	0.5106957504130752	0.4895215053824855	0.5	0.5	0.5	0.5	0.5	0.5	0.48930445878140216	0.5
TSs78	0	0.49427599727178356	0.016147681445744265	1	0.5	0.5	0.5	0.5	0.5	0.46013299977536953	0.5	0.51313618892148	0.44496693262756215	0.5	0.5104786873476891	0.47797917259968115	0.4895215053824855	0.5	0.5	0.5	0.5	0.5	0.5	0.48930445878140216	0.5
TSs61	1	0.49451060376694134	0.015330669412866678	1	0.5	0.5220245763602924	0.5	0.4847881273246004	0.5	0.46013299977536953	0.5	0.51313618892148	0.5	0.5	0.5	0.47797917259968115	0.45805842425140014	0.5	0.5	0.5	0.5	0.5	0.48478812732460036	0.48930445878140216	0.5
TSs60	1	0.4964779255203777	0.013945694932318791	1	0.5	0.5	0.4893044587814023	0.5	0.5	0.4845909666608629	0.5106957504130752	0.5	0.44496693262756215	0.5	0.5104786873476891	0.5106957504130752	0.4895215053824855	0.5	0.5	0.5	0.5	0.5	0.5	0.48930445878140216	0.5
TSs274	0	0.4939704991749487	0.015710716900123944	1	0.5	0.5	0.4893044587814023	0.5	0.5	0.46013299977536953	0.5106957504130752	0.5	0.44496693262756215	0.5	0.5	0.5106957504130752	0.4895215053824855	0.5	0.5	0.5	0.5	0.5	0.48478812732460036	0.48930445878140216	0.5
TSs10A	1	0.4964779255203777	0.013945694932318791	1	0.5	0.5	0.4893044587814023	0.5	0.5	0.4845909666608629	0.5106957504130752	0.5	0.44496693262756215	0.5	0.5104786873476891	0.5106957504130752	0.4895215053824855	0.5	0.5	0.5	0.5	0.5	0.5	0.48930445878140216	0.5
TSs96	0	0.49922957888899966	0.006893003433597243	1	0.5	0.5	0.4893044587814023	0.5	0.5	0.4845909666608629	0.5106957504130752	0.5	0.5	0.5	0.5104786873476891	0.5106957504130752	0.4895215053824855	0.5	0.5	0.5	0.5	0.5	0.5	0.48930445878140216	0.5
TSs282	0	0.4964779255203777	0.013945694932318791	1	0.5	0.5	0.4893044587814023	0.5	0.5	0.4845909666608629	0.5106957504130752	0.5	0.44496693262756215	0.5	0.5104786873476891	0.5106957504130752	0.4895215053824855	0.5	0.5	0.5	0.5	0.5	0.5	0.48930445878140216	0.5
TSs56A	1	0.4964779255203777	0.013945694932318791	1	0.5	0.5	0.4893044587814023	0.5	0.5	0.4845909666608629	0.5106957504130752	0.5	0.44496693262756215	0.5	0.5104786873476891	0.5106957504130752	0.4895215053824855	0.5	0.5	0.5	0.5	0.5	0.5	0.48930445878140216	0.5
TSs296	1	0.4944153844016415	0.015203160736554052	1	0.5	0.5220245763602924	0.5	0.4847881273246004	0.5	0.46013299977536953	0.5	0.5110830792102058	0.5	0.5	0.5	0.47797917259968115	0.45805842425140014	0.5	0.5	0.5	0.5	0.5	0.48478812732460036	0.4894531811866786	0.5
TSs33	0	0.49704436681773856	0.014759891322789764	1	0.5	0.5220245763602924	0.4893044587814023	0.5	0.5	0.4845909666608629	0.5	0.5	0.44496693262756215	0.5	0.5104786873476891	0.5106957504130752	0.4895215053824855	0.5	0.5	0.5	0.5	0.5	0.5	0.48930445878140216	0.5
TSs311	0	0.4939257973774772	0.016543232690433292	1	0.5	0.5	0.5	0.4847881273246004	0.5	0.4845909666608629	0.5106957504130752	0.5	0.44496693262756215	0.5	0.5104786873476891	0.5106957504130752	0.45805842425140014	0.5	0.5	0.5	0.5	0.5	0.48478812732460036	0.4894531811866786	0.5
TSs68	0	0.4983132342785194	0.011875627891135113	1	0.5	0.5	0.4893044587814023	0.5	0.5	0.4845909666608629	0.5106957504130752	0.51313618892148	0.5	0.5	0.5104786873476891	0.5106957504130752	0.45805842425140014	0.5	0.5	0.5	0.5	0.5	0.5	0.48930445878140216	0.5
TSs104	0	0.49648536164064155	0.013941707661284572	1	0.5	0.5	0.4893044587814023	0.5	0.5	0.4845909666608629	0.5106957504130752	0.5	0.44496693262756215	0.5	0.5104786873476891	0.5106957504130752	0.4895215053824855	0.5	0.5	0.5	0.5	0.5	0.5	0.4894531811866786	0.5
TSs58	0	0.4943073091090543	0.013671426219367882	1	0.5	0.5	0.4893044587814023	0.5	0.5	0.4845909666608629	0.5	0.5	0.44496693262756215	0.5	0.5104786873476891	0.47797917259968115	0.4895215053824855	0.5	0.5	0.5	0.5	0.5	0.5	0.48930445878140216	0.5
TSs358	0	0.5083507724789729	0.0239141910257819	1	0.5	0.5	0.5202435072936785	0.5	0.5	0.4845909666608629	0.5106957504130752	0.541795845760814	0.44496693262756215	0.5330702277508629	0.5403511403285874	0.5415771704287529	0.4895215053824855	0.5	0.5	0.5	0.5275853841572488	0.5	0.48478812732460036	0.5202435072936785	0.5275853841572485
TSs82	0	0.5008849616675246	0.008905589225790727	1	0.5	0.5220245763602924	0.4893044587814023	0.5	0.5	0.4845909666608629	0.5106957504130752	0.5110830792102058	0.5	0.5	0.5104786873476891	0.5106957504130752	0.4895215053824855	0.5	0.5	0.5	0.5	0.5	0.5	0.48930445878140216	0.5
TSs15	1	0.4944153844016415	0.015203160736554052	1	0.5	0.5220245763602924	0.5	0.4847881273246004	0.5	0.46013299977536953	0.5	0.5110830792102058	0.5	0.5	0.5	0.47797917259968115	0.45805842425140014	0.5	0.5	0.5	0.5	0.5	0.48478812732460036	0.4894531811866786	0.5
TSs3	1	0.49598853845819574	0.012657868486945428	1	0.5	0.5220245763602924	0.5	0.4847881273246004	0.5	0.46013299977536953	0.5	0.5110830792102058	0.5	0.5	0.5	0.47797917259968115	0.4895215053824855	0.5	0.5	0.5	0.5	0.5	0.48478812732460036	0.4894531811866786	0.5
TSs4	0	0.4964779255203777	0.013945694932318791	1	0.5	0.5	0.4893044587814023	0.5	0.5	0.4845909666608629	0.5106957504130752	0.5	0.44496693262756215	0.5	0.5104786873476891	0.5106957504130752	0.4895215053824855	0.5	0.5	0.5	0.5	0.5	0.5	0.48930445878140216	0.5
TSs331	0	0.4950485875028433	0.01647823334257906	1	0.5	0.5	0.4893044587814023	0.4847881273246004	0.5	0.46013299977536953	0.5106957504130752	0.5110830792102058	0.44496693262756215	0.5	0.5104786873476891	0.5106957504130752	0.4895215053824855	0.5	0.5	0.5	0.5	0.5	0.5	0.48930445878140216	0.5
TSs314B	0	0.49594313799972395	0.013571844396001745	1	0.5	0.5	0.4893044587814023	0.5	0.5	0.4845909666608629	0.5	0.5	0.44496693262756215	0.5	0.5104786873476891	0.5106957504130752	0.4895215053824855	0.5	0.5	0.5	0.5	0.5	0.5	0.48930445878140216	0.5
TSs333	0	0.4929212794857788	0.018025913542474615	1	0.5	0.5	0.4893044587814023	0.4847881273246004	0.5	0.46013299977536953	0.5106957504130752	0.5	0.44496693262756215	0.5	0.5104786873476891	0.5106957504130752	0.45805842425140014	0.5	0.5	0.5	0.5	0.5	0.5	0.48930445878140216	0.5
TSs7	0	0.4980066805447249	0.010728958240472057	1	0.5	0.5	0.4893044587814023	0.5	0.5	0.46013299977536953	0.5106957504130752	0.5	0.5	0.5	0.5104786873476891	0.5106957504130752	0.4895215053824855	0.5	0.5	0.5	0.5	0.5	0.5	0.48930445878140216	0.5
TSs38	0	0.49524540664806815	0.01755730873556853	1	0.5	0.5220245763602924	0.4893044587814023	0.4847881273246004	0.5	0.4845909666608629	0.5106957504130752	0.5	0.44496693262756215	0.5	0.5104786873476891	0.5106957504130752	0.45805842425140014	0.5	0.5	0.5	0.5	0.5	0.5	0.48930445878140216	0.5
TSs10	0	0.4941807883662075	0.016396620349208395	1	0.5	0.5	0.4893044587814023	0.5	0.5	0.46013299977536953	0.5106957504130752	0.5110830792102058	0.44496693262756215	0.5	0.5104786873476891	0.47797917259968115	0.4895215053824855	0.5	0.5	0.5	0.5	0.5	0.5	0.4894531811866786	0.5
TSs48	0	0.49759374999833	0.00784502653454529	1	0.5	0.5	0.4893044587814023	0.5	0.5	0.4845909666608629	0.5106957504130752	0.5	0.5	0.5	0.5104786873476891	0.47797917259968115	0.4895215053824855	0.5	0.5	0.5	0.5	0.5	0.5	0.48930445878140216	0.5
