ID	ID	Class	Mean	stdev	Predicted_0.05	Median	score_0	score_1	score_2	score_3	score_4	score_5	score_6	score_7	score_8	score_9	score_10	score_11	score_12	score_13	score_14	score_15	score_16	score_17	score_18	score_19
TSs156A	0	0.296275863355385	0.3900905956182477	1	0.028749821864552914	0.002124542240222512	0.9123616948351765	0.999475096023376	0.5740580465231917	0.004225349019966031	0.001602651305689955	1.7459888293736527e-05	2.2672855501915547e-05	0.2515957812265995	0.9926202030122846	0.8852558306898226	0.010382241225366922	8.361734750971668e-05	0.11461079203092057	0.6594918419320163	0.4508290706321687	0.007570055439923598	0.04459893825786631	0.01290070547123952	0.0016906771505630146
TSs361	0	0.39089010282612935	0.4686590703039646	1	0.06455032950882036	0.0008229674296064815	0.9947609933254752	0.9994556882236861	0.99993435785367	1.3983477978759867e-08	0.9973890132233615	0.006209771818181128	1.7983187399531657e-08	0.9949350307829848	0.047912487171809424	0.6153319462828575	0.006222772411413065	1.363898196102568e-08	1.0907760036931133e-08	0.04026275571767919	0.08118817184583131	0.10729944200291605	2.0468639022005625e-08	0.9781706003167762	0.9479059811342914
TSs368	1	0.6721989478326239	0.37690087759523205	1	0.8993639978392176	0.13967962336581338	0.9817351667105252	0.5897631164801794	0.6658325711321618	0.9971537868090022	0.004369959853365599	0.3323265914481502	0.9556195572975748	0.9898013494324823	0.8534245619376996	0.28650420648531827	0.9905182608677587	0.9498232011309418	0.9998995116212952	0.05113455493911851	0.6137028214010365	0.10404103292128682	0.9453034337407356	0.9989570888733891	0.9943885602046433
TSs49	0	0.9376692066143582	0.1819177209500113	1	0.9989988781239862	0.9999280589110482	0.9973589664723678	0.957925479453994	0.36386546066315356	0.9999187951418012	0.9961326842794788	0.9993737825221672	0.999995001900146	0.4522800408527604	0.9976009672953304	0.999035239867457	0.9999194457039722	0.9962197991823384	0.9999739401799418	0.9989625163805156	0.9997235659106353	0.9998509901586207	0.9974516415476049	0.9998854662066938	0.9979822896571352
TSs138B	0	0.37769344412202865	0.3890727603914581	1	0.22087637818692277	0.053736543319332586	0.9599178316201663	0.9976228927185056	0.8828164421352405	0.0002016867305371641	0.22138094403181066	0.008631310411761286	6.246976694190559e-05	0.9796775743351437	0.07378908109296921	0.7748401135114662	0.22037181234203487	0.5946590464888208	0.558216226347177	0.25064541672609864	0.7915676830288519	0.026564021567668995	0.01748581170394021	0.0969340987581433	0.04474787580396257
TSs22B	1	0.8511975650166004	0.29316367545770355	1	0.9936769146990361	0.9945675923158005	0.8996533092554329	0.9927862370822715	0.9999722387304908	0.9998057599340918	0.10504627741877494	0.980475275825016	0.9998858480971579	0.9982635765653303	0.16416964520913008	0.996482260958561	0.4452170628167377	0.9725466085348706	0.9999725238754421	0.9900911483642028	0.9920533677695003	0.49305244944348464	0.9999555870121496	0.9999860080729177	0.9999685230506455
TSs287	0	0.578328592879859	0.39108516727700954	1	0.6478884673741909	0.5922606819859906	0.019735864148076942	0.9608247959105745	0.0016861756788848947	0.9956084061583494	0.013890136046457014	0.04680279696988702	0.93147635618876	0.7228920980147803	0.0017758428299306643	0.46185205338239993	0.22170081027219776	0.7035162527623914	0.9973638413616432	0.9561810821699865	0.5767588704024474	0.9565499401736447	0.9878211652635652	0.5639090386468392	0.8539656492303748
TSs383	0	0.412951266096652	0.3570422793228274	1	0.38833312052888774	0.53082270413809	0.03448496172314958	0.4380929807332657	0.18448194221088898	0.9894254021966443	0.6466020316935497	0.39344167447277945	0.3737244332420923	0.010207680769262038	0.38322456658499604	0.016708753074999715	0.0025963267455155407	0.975753748969895	0.9122914982193653	0.1420072686097472	0.5897084734859035	0.9497646508671622	0.6557924854604185	0.0229297331656773	0.006964005569637144
TSs314A	1	0.43612378181914496	0.39087973192398195	1	0.4245019978174379	0.61150919349181	0.15931164669578518	0.980177370074542	0.0028272836509834927	0.8764578883702386	0.1101084382577724	0.01646143652753216	0.5982275242695929	0.9786980826303564	0.00968896326630373	0.8581881320345369	0.002581579186103758	0.9020088203220659	0.06440271442538195	0.25077647136528297	0.7156905881594517	0.712406902420982	0.7805602483170931	0.05424867349003985	0.03814367942704345
TSs30	0	0.7460271474423791	0.35165326378306355	1	0.9463622112499104	0.9124706849323267	0.10776093270710885	0.9211440533576425	0.9944239716030467	0.7780863184841028	0.9987592634772186	0.8945179332987803	0.5706940316159163	0.1849755484811528	0.1487809405495334	0.9949632935361524	0.9778963371422795	0.9936584694614613	0.9947117763485924	0.983940234554945	0.9715803691421782	0.029697861245153282	0.49781277149102676	0.9899848969358103	0.9746832604831515
TSs291	0	0.5212996536075336	0.36789582665022713	1	0.45018383155562225	0.3525680158242244	0.9961744595299682	0.9750582682441875	0.7208416809450233	0.7881136848067357	0.2374041914473297	0.9707371539583151	0.09591798971477086	0.00568963469921154	0.32850737729180746	0.927300580312444	0.6189348858876534	0.5477996472870201	0.9987547849438742	0.9542341844059752	0.30837425353961206	0.3096135485589257	0.006315514571120432	0.15472477003259194	0.12892844614988128
TSs157A	0	0.4030368631865057	0.3757834357004738	1	0.3172669263934134	0.5184720464039825	0.04886841140414986	0.049194522456257016	0.002219274883597762	0.5699955479793962	0.0028446227956538638	0.2014594307831586	0.006814368307264501	0.7699699700546255	0.7528806102181089	0.003895920229427057	0.9126792880585077	0.8335822870224747	0.43307442200366825	0.0609416746051106	0.9968503486761884	0.8244269700347509	0.8409907051452971	0.059286270224894806	0.17229057244359894
TSs27	0	0.583067634800858	0.33869563903465144	1	0.7707123367658915	0.9194603536973489	0.8107474868901506	0.9898428255037702	0.5561489928353351	0.07772662116769376	0.8737414936570692	0.05301593842215631	0.3812121533839094	0.25359069157265907	0.9557653655731778	0.9665567173626323	0.8441329436053275	0.09760896252413255	0.7845191897393011	0.7896241492676563	0.7637537691940867	0.16906791843416952	0.7776709043376961	0.2715902463028662	0.32557597254602105
TSs363	0	0.17231080550932282	0.35133919962700494	1	0.0071947939288622125	0.002326239435234004	0.9626762606910816	0.9846332765024426	0.017345233518504203	0.004860253017358591	0.002540378026676926	0.006967163802393009	2.253423060225111e-05	0.9936556114684352	1.7192142337574877e-05	0.007422424055331415	0.18650110536530937	0.004166005692182767	0.00013882354657783404	0.027338397679674362	0.09223861231334282	0.0011582687158709674	0.08137513698162711	0.06655072382117358	0.004282469180301029
TSs9	0	0.8651960354863981	0.2629067223172253	1	0.9798505262960997	0.8792792643670277	0.9913370534361009	0.44237705883825723	0.9970281593664243	0.9987107604820535	0.963479009767357	0.9530460817835955	0.9303360045849303	0.9999707359202608	0.9456598905141298	0.9929591425307445	0.9948243080150565	0.9995222293535524	0.999987092238849	0.35490053139919664	0.8441845542853612	0.05223682834452059	0.997162953930843	0.998555051413602	0.9683639991560985
TSs133	0	0.6055134400838444	0.4158115527530856	1	0.7401803823097509	0.07771604736917864	0.9959969040360888	0.9999570204552409	0.9933849321842527	0.0961642311066561	0.9804685555081574	0.01350166567070554	0.000508710027705615	0.9992011010962829	0.07136184136820214	0.975393300568417	0.9596505191990055	0.573174281105668	0.04528297640497356	0.622127584228321	0.9977277576726535	0.9529633143871082	0.5631281860076104	0.8582331803911808	0.33432669288947975
TSs155	1	0.2612432281125815	0.3649244135460695	1	0.035302692733422805	0.05515580687412672	0.7314071948693112	0.9687698841280087	0.9626249058611307	0.03708774296202656	0.005808870803701542	0.030535575127057905	0.0005631236369270147	0.05208108917333462	0.030817276639687422	0.7333921368901873	0.00014133878245753555	0.0016015476394491681	0.0019367428841888714	0.7308277507178659	0.5916999321690682	0.0004016974853263103	0.0059442359612028265	0.2505500671417514	0.033517642504819055
TSs209	0	0.29910668383866884	0.3470252050172338	1	0.14331729609718674	0.9964993960625288	0.0038616891532595667	0.893581819452478	0.00035206959103261585	0.4039994912810767	0.4561286846779063	0.01993465731249021	0.06937648234603463	0.13199418601534718	0.3748970597512645	0.17376944207196154	0.04418461552467619	0.7929173834624683	0.11787465650042529	0.9746305376478455	0.008366862198161693	0.15464040617902633	0.3173460481041151	0.002249893577492549	0.04552829586378625
TSs136	0	0.33052179858073855	0.3669193763837302	1	0.1842187268431677	0.3855298065174275	0.24136485232069002	0.015157138486788693	0.9716100113719294	0.5511697488049261	0.002598485862669207	0.8146071553661436	0.09842923441113441	0.6331419560235568	0.012798473124946867	0.05839394741007553	0.009110597741945777	0.046830672994494615	0.9996583218073387	0.026315237191962826	0.00033988410467991154	0.1439808269178206	0.9969652232882636	0.22445662676851477	0.377977771099462
TSs22A	1	0.8842933888014919	0.23564821613141612	1	0.9944765782860052	0.06922350892940525	0.9934453141878691	0.9702552677657146	0.9969800535490603	0.9994017600812904	0.9906272310808306	0.5017467562828816	0.9998247781825901	0.9994515451030157	0.9992642928411853	0.9999680180695302	0.9989504041266747	0.876575222333167	0.9999987908844941	0.7429758766689165	0.9952916107556301	0.6602329222976115	0.8979966819936389	0.9999961950799513	0.9936615458163803
TSs357	0	0.30803948837716333	0.3773653664052896	1	0.11247901500129617	0.0036775824815602027	0.4793943043526136	0.9997546999141997	0.077688957925309	0.0030966862473220938	0.0015302237111665974	0.0012261539189450195	0.0031347466016648207	0.8406054929016559	0.4757411589589136	0.9683155688691463	0.3103903747881718	0.14726907207728335	0.00018817656704824231	0.5834780575099826	0.986331505426651	0.25670513621004165	0.01187629616589015	0.010287546975130943	9.802594056816498e-05
TSs161	0	0.7538495064670917	0.3031223578669722	1	0.9256412834153425	0.9997230183260893	0.8258748446380391	0.9622121110761929	0.10353615809379396	0.9802342450511895	0.9500174534702895	0.7553191153273013	0.9999800675684907	0.33817890591368677	0.9012651133603955	0.9994849358841751	0.4484382629933751	0.6918690512133435	0.9759482149891238	0.9998663302741352	0.46496174470067037	0.967463249996516	0.5776267423567198	0.1361689503683947	0.9988216137399104
TSs11	0	0.4873593589530046	0.35014751359613183	1	0.5042542303533281	0.8742618166048853	0.6277190606118745	0.16413394849292778	0.006255586801401684	0.2900539430821378	0.05301770799851615	0.3808981814128828	0.9586381730843071	0.0013412392244210693	0.9514616059480883	0.46144237408412586	0.05553537501088527	0.9760901660096778	0.996635174763038	0.7148445577060122	0.5470660866225302	0.3256083429296046	0.5746667785950169	0.6382194219299631	0.1492976381477952
TSs5A	0	0.89581487352274	0.23375523434498277	1	0.9828606150282274	0.5045655880520052	0.9995764757274602	0.9881366828384199	0.9926024103878822	0.8709066752233074	0.9987260287177466	0.020392870103639278	0.895526774837826	0.9824768208833006	0.9498113862240158	0.9930651412839641	0.9979266054293767	0.9855026048748974	0.8842104024892437	0.9682670909921633	0.981973451864421	0.9894903498810027	0.9944512717392379	0.9832444091731543	0.9354444297317367
TSs131	0	0.7457401797273392	0.27814819322318596	1	0.844331903600244	0.7294969677925656	0.7383679453364435	0.2155475383332481	0.8623100148568673	0.9308194148846954	0.9585716650653624	0.554488717485925	0.9398224618191153	0.8263537923436207	0.4533889866461022	0.44942148866928194	0.9858713094155567	0.9166030406193015	0.6943899660693524	0.9725965530638268	0.019415412417420976	0.9809402918269348	0.9937505578137847	0.7125065667647759	0.980140903322602
TSs294	0	0.41533157781063934	0.3373092850646442	1	0.3416753454226045	0.03157826676376984	0.29366543678487056	0.6107219670035242	0.6624541527320131	0.9036829278016523	0.4909341775283591	0.5552157222951444	0.3896852540603385	0.0621314709664551	0.1498593796723545	0.19291254835755983	0.6344453820147622	0.9744072054513102	0.873585667546537	0.13406207728436406	0.15881711775845053	0.9701630468477914	0.0033382298914625785	0.17356590397495986	0.04140562147710924
TSs378	0	0.6519288569677124	0.3773567708270668	1	0.7973413017063874	0.6685869876004109	0.26768043732963	0.9934611301228364	0.024922148269609	0.9260956158123639	0.9854248271863912	0.38033626066412124	0.999755190932373	0.17451507621759266	0.9943043923369397	0.9842462014868459	0.5746988531567668	0.9829179344486554	0.9998915369300019	0.9879151320453348	0.23040176460698367	0.16555893672012917	0.6175688230721978	0.999087845526942	0.08120804488812135
TSs111	0	0.4183426431734508	0.3807573620463558	1	0.42486990150586545	0.862215841232525	0.14148269622790527	0.9960237186956001	0.9238341620977891	0.049529624097663795	0.05633837027615303	0.004015453331878504	0.602129584827799	0.0012632829601158736	0.03774114532157891	0.9338393669040661	0.08153895484639528	0.020034330850583853	0.00045562021855884903	0.8630038653423194	0.7076918913405665	0.6478300385540515	0.5362834415702064	0.588145113331735	0.31345636144152456
TSs56	0	0.39167880177590625	0.3343015896027679	1	0.3487031426803171	0.40278625344900304	0.1352156611038437	0.01764398849387674	0.3476776385817074	0.34972864677892684	0.2741776091900377	0.9877750225955435	0.011592106802841597	0.05723386875339528	0.07178226144163238	0.22154585150610218	0.6301445399611223	0.3734778712377855	0.965842491853218	0.8472321672095402	0.5039938026253497	0.5290156483416082	0.9568993726783179	0.0002986240207678443	0.14951260889350565
TSs3A	0	0.8243061268963233	0.31251614683372103	1	0.9917366206382647	0.3856664236358545	0.9996692327718986	0.30622718276265054	0.9967518571775802	0.9966187971645727	0.9416721111757389	0.9999191233516074	0.9992925226909832	0.9983861246331994	0.9980366893687838	0.0789348426727418	0.9896298967920362	0.9658016733252356	0.9999813831594093	0.9938433444844933	0.16362517210547045	0.9709747930560878	0.7602798495078047	0.9420255211751057	0.9987859969152074
TSs95	0	0.6064895106461232	0.37754135781818143	1	0.6969632377620054	0.9986986663651543	0.9721004658078206	0.2300185889927616	0.00784245774964148	0.8942606415343581	0.9666337801637387	0.8163739799951022	0.01193226520130357	0.706388192812192	0.6875382827118189	0.44768412905986565	0.992922529760175	0.5829676709493109	0.0006701356163664567	0.9851749877451765	0.25387015088562553	0.9877911938425913	0.07363228028066786	0.6869841884734619	0.8263056249753314
TSs2	0	0.9943594005928352	0.014308949758564333	1	0.9999110314960471	0.9893289565506406	0.999339790845322	0.9363580301892354	0.9999979065984911	0.9999705456152358	0.9994871020302086	0.999886008210736	0.9998449325898139	0.9999983115984165	0.9903739886385035	0.999936054781358	0.9906500465911041	0.9999923128175161	0.9999995895932855	0.9943057253578584	0.9999846536062147	0.9877901327951212	0.9999565138044488	0.9999960207781153	0.9999913888650778
TSs44C	0	0.3646254453299725	0.3562734137602893	1	0.17881390420932675	0.018345930201272214	0.8203352040486411	0.011382231827201841	0.04512568877695146	0.8683011444207099	0.08834919175094452	0.5844184837080452	0.15376139725542684	0.5664303908893455	0.8063441384666827	0.1394103218963633	0.20386641116322665	0.5375434192552706	0.9983603953552139	0.015744051909125596	0.018139785624557057	0.005487502753637402	0.10003047034002828	0.8561543685839796	0.45497837837282384
TSs201	1	0.18007340074275485	0.2803428123135725	1	0.048069426038881514	0.04877036341815302	0.022516328057034636	0.04252541545942602	0.35875366021181854	0.09876847853671368	0.06373998430394427	0.0021023714340387195	0.8916795234666159	0.07982388575640081	0.0005201380036023781	0.003268797255064597	0.012021270857619507	0.007308256203429503	0.7815130493341635	0.6885978820122749	0.0900668450522602	0.31010112971979104	0.032466046448476144	0.019556100664658974	0.047368488659610006
TSs217	0	0.7462595244239506	0.3323238639080679	1	0.8898861120402439	0.9904820058564671	0.6749170701608188	0.2631939685760407	0.968156168734026	0.9984205342175092	0.9331892878154259	0.9930440618224499	0.8297754468205629	0.9916396144667249	0.9951044401869094	0.6747651539617702	0.9722418912102214	0.02784989221915353	0.8156110260314385	0.14873336818832616	0.8489401413962034	0.9308320826842844	0.7730827797078369	0.09811552611326772	0.9970960283095741
TSs168	0	0.4677370913459253	0.4194205189661759	1	0.3554966421755489	0.45591306194777537	0.017922004765776944	0.876337868556568	0.9209753283807779	0.00577443499313231	0.9935214316952292	0.2550802224033224	0.017064566452524556	0.7689710898391869	0.9929920577765725	0.003560032547437028	0.9946503536318104	0.18836850647413572	0.17336563556725954	0.9478372542873194	0.9750690327358454	0.03361508123851161	0.12521708130844808	0.023392180662004346	0.5851146016548707
TSs98	1	0.5704130847087512	0.35933070678150825	1	0.533604045353143	0.9766873646438662	0.0021379561330913998	0.047079418484667006	0.47037121794000974	0.7918028622087777	0.9849298029618849	0.9972750909606362	0.8551050459122911	0.3930338260416002	0.23651465103454272	0.5968368727662762	0.972137956414374	0.9733749311794959	0.32766573178325104	0.8341605245462458	0.19603577585249649	0.9660534756418679	0.37741620172756174	0.19705500794598835	0.212587979996103
TSs116	0	0.22554014088456262	0.32501828529098314	1	0.0837697781493431	0.08866354622979754	0.0069823050988657535	0.01576520876059217	0.9200413149061274	0.07887601006888866	0.9386767423275645	0.10370406303609764	0.002444874408652222	0.1290964685727301	0.06225428039916527	0.3907063961560021	0.7785803977482346	0.013879192166140513	1.7067673245387283e-05	0.03411135221448432	0.6805220605204393	0.11029231607660345	0.03464038952824304	0.0010286570029635934	0.12052017479641429
TSs53	1	0.1783415174800465	0.31176191661912867	1	0.02044392506897559	0.10751702387686592	0.00204895993299741	0.009076126273480594	0.03805813450748715	0.7173160623169904	0.00030774814345992595	0.014493449306833814	0.6257153098595958	0.011589264550441007	0.02277259445745192	0.01811525568049926	0.0062855977433508015	0.003687267157363826	0.968575122274285	0.769826721339065	0.00014514415050802758	0.001899988133361692	0.03143307912288168	0.05020641049361256	0.16776109028039793
TSs63A	0	0.6086427131662016	0.39120269393730184	1	0.7432099567004989	0.7524356954023151	0.10276059436568806	0.8964499758231259	0.02819850663020484	0.9868874410826459	0.974771009186788	0.7165749446310282	0.8284051789100482	0.006228899968550248	0.7339842179986827	0.33047110156808746	0.2736779140922177	0.9973376778056727	0.9834549174350886	0.9732325499274865	0.48940582454288	0.13074015539502848	0.9935609126470912	0.9674307153298229	0.006846030581581167
TSs158	0	0.6726483076437051	0.3289209679714483	1	0.7729371034788728	0.8368982807631836	0.7972965937771146	0.9598717746724927	0.7325096247689402	0.7616516728600782	0.9806633131104642	0.2634045656149925	0.9662405967105375	0.709165716408202	0.03290384633599205	0.6722424460828196	0.6894935745885395	0.4446324892100495	0.9980230132930682	0.7952977081339052	0.07667618853763417	0.7842225340976674	0.9465909933003783	0.009531397034132364	0.995649823573914
TSs269	0	0.87681431911279	0.2727857682350407	1	0.9892817257944506	0.9942449230043775	0.9944031633371025	0.999793652450854	0.5297816955528907	0.9901950561696053	0.9955882948944418	0.03191168075569974	0.9993537912913005	0.987613352055388	0.9817070373085882	0.9995576446259072	0.9893464166253336	0.9985462132159155	0.9993634721247021	0.9830230619311779	0.959133584716544	0.9103197974326631	0.26198636260392383	0.9892170349635676	0.9412001471958146
TSs317	1	0.7040753117333054	0.3887379908117988	1	0.9034232054771072	0.8029723700437952	0.057390724970826756	0.9784930832568546	0.8821956116200311	0.9984743432849856	0.9746444276829825	0.05336779916716245	0.9246507993341831	0.03188882908098437	0.8701396392550917	0.9952410763037444	0.9924674137005634	0.526314524508467	0.9930773228302002	0.8348026959374626	0.9585672773776223	0.9758487201297525	0.22855775264131267	0.012516147193711902	0.9898956763463757
TSs49A	0	0.7071739477740411	0.30611889133937237	1	0.7829878106608628	0.16453688567102798	0.015492313062142719	0.9722292866882791	0.8702135487774307	0.6401448200958479	0.9767678923386163	0.9991158605227769	0.6548848786069512	0.3894676775884452	0.9222286683268327	0.592505056061988	0.3583420062379738	0.990365290646533	0.9975194955032944	0.6249556201793302	0.9995413636357865	0.6957620725442948	0.8876480120185929	0.9907543465456283	0.4010038604290476
TSs417	0	0.39936466305717777	0.4058689576924168	1	0.22043542598337992	0.5714491828524171	0.001074376644907327	0.11490375731934695	0.00024310167663334017	0.3034748705329662	0.404658928529356	0.06457785278414196	0.9650410339815753	0.00011666680114688907	0.10056446606944855	0.950887896964942	0.0070267160858966775	0.9842715548533292	0.6192398490109742	0.9858510925754885	0.006352000885849201	0.9214680948653872	0.825572089701472	0.023123747574483208	0.13739598143379367
TSs195	0	0.47935262093019537	0.38235251977889223	1	0.3549821849108289	0.116531783845344	0.9980078330601895	0.9556610868561682	0.4397057872179991	0.2222141222013343	0.9540893788202429	0.0026713930365173154	0.009796122835322048	0.04542355475020004	0.9727835012964324	0.925825825748151	0.9780690091910346	0.28871734360057955	0.1446160088612999	0.1442584621100892	0.41175819740768094	0.8962384070302929	0.2982061724139769	0.536463441812638	0.2460149865084151
TSs371	0	0.5534675933518516	0.32836726100345953	1	0.5312209584209309	0.1766305554543863	0.8439176745975762	0.22751210703379388	0.9826613317183762	0.5031411866948825	0.9537157346988109	0.22060476386143923	0.6799773850525114	0.5593007301469791	0.3147660547084931	0.9410601089546743	0.9401373127230583	0.24439234008170369	0.736231162186926	0.011868067588886333	0.4218885221713494	0.4805623387210839	0.9928157300370017	0.09386593483499597	0.7443028257701036
TSs23	1	0.2998646970273823	0.33163911777568544	1	0.11119024162591284	0.06414960849223099	0.10928868497582035	0.04686584000833634	0.7797053501085269	0.027906994869750405	0.03227918587483991	0.11309179827600535	0.8190451202560455	0.005868565130017878	0.017880299383849125	0.8537354000665967	0.23257822857255575	0.2845266795507356	0.8778303165952172	0.4760647471420372	0.006368427686631879	0.7251686882752892	0.02027140440819096	0.07728500184268011	0.42738359903228895
TSs51	0	0.8314380644017778	0.23118533503614172	1	0.8570139588819529	0.9988319118824287	0.022165487649325192	0.7819697008000838	0.7225564394014883	0.9933363216822431	0.9923296981215278	0.6719714971172732	0.9988135874550745	0.8159830764278854	0.9873087464307383	0.8217627438002375	0.8922651739636682	0.9980219741652515	0.9987055258725287	0.8187172293077666	0.8070250965077248	0.9984353818179432	0.5482171152974569	0.7934735957369559	0.9668709845979517
TSs59B	0	0.6146376333395407	0.43728663950080643	1	0.8470855632260861	0.002335278930683517	0.8452772564245341	0.09897731467936935	0.9616828690852285	0.9898324487469837	0.002977004275914599	0.9906187621706947	0.9993507583802748	0.9451243384771442	0.2640087027746003	0.848893870027638	0.024192253266903843	0.9991486709841791	0.9999946623582872	0.02879921484337297	0.4609706547148583	0.001497297371579669	0.9919253903891837	0.9978779274702166	0.8392679914191673
TSs365	1	0.1592111946352943	0.29753041596947555	1	0.005366766568047532	0.0001199402316297415	0.31224117227683496	0.98281043835807	0.4450290243211516	4.706777096120707e-07	0.03143670892715349	0.00644165347081279	4.805560452548751e-06	0.02538294903361996	0.3493000160624701	0.0006122861305558986	0.0061543926220064835	0.0007701948488739857	4.47531131594051e-05	0.0045791405140885805	0.88730008682666	0.0026823558875163768	0.0011319109259901837	7.750500598857964e-05	0.12810408791114192
TSs224	0	0.19464711156087947	0.336896310988809	1	0.03517775527770251	0.005839273549809951	0.5493051196622659	0.19225196733992936	0.00924098556103837	0.0031293096865961795	0.00663976251851297	5.417137877614488e-05	0.9694776985350319	0.04873922072822744	0.0009052324950413994	0.8881223688780598	0.04261134220821831	0.011729209317147027	0.07979086623393575	0.9073200222813176	0.0004505833134700527	0.027744168347186713	0.004431089551701247	0.09963137203154054	0.04552846759978266
TSs325	0	0.5137071153293713	0.3755610167325627	1	0.4788981777837106	0.38881036045388084	0.2059019876214382	0.03565625632999963	0.008766507766228542	0.824928214611103	0.8714432212127211	0.9437159688837835	0.4090788966932543	0.04711720455747107	0.9571432402812092	0.994952498074405	0.30339278594749436	0.9962349738308859	0.739267464668801	0.953462079699856	0.029932356627771183	0.634704260977046	0.5487174588741668	0.33045218499037676	0.05046438448553382
TSs119A	1	0.3559282598362482	0.3293111046178881	1	0.25910895774260506	0.2800329019490849	0.08925335732238844	0.33187849822980214	0.09062631257614998	0.2381850135361252	0.02731566497638383	0.5052712997362663	0.2855135413482427	0.07200251063859495	0.5209180020411442	0.7776872060636906	0.03742071838531894	0.9294031138479464	0.5678917535040591	0.08795584453507245	0.11691396923995628	0.22450564361474665	0.01101678228611388	0.9923754631676017	0.9323975997262748
TSs166	0	0.7612459515191496	0.27636394221428956	1	0.8816939567682233	0.9785558611398422	0.8893646623121566	0.050081052506164285	0.9861393572941907	0.9825379056994513	0.9629607137811759	0.9962201366248108	0.5681401057873355	0.7507648296582595	0.9901563877923276	0.8418896857389284	0.8625611733194043	0.5188358224543899	0.4702954736372677	0.5630797363959714	0.8879505144752353	0.9484034241536535	0.9003068400319222	0.20123794851929408	0.8754373990612112
TSs297	1	0.5984625253913005	0.3755542565490079	1	0.7336528094744268	0.2862128055153607	0.8367714709005827	0.8926053994903165	0.9969722519805027	0.04568826316782665	0.7002543347642946	0.9353424883593274	0.9965829231152219	0.7670512841845591	0.9574669985027655	0.06528816129342202	0.998567680550389	0.14066296006330012	0.778026504004421	0.01281068035236821	0.04707387465052395	0.38601390385213336	0.4786299122983559	0.9665504271016118	0.6806781836787286
TSs338	0	0.2230113015052148	0.2781534627870713	1	0.10762783756962488	0.3256651794613092	0.007120303084159297	0.00929950396021625	0.14549334966736277	0.13598260083897296	0.07927307430027682	0.3891564324202755	0.8375013186356968	0.1565096950723709	0.010381183341957851	0.002244882180472875	0.05342307666883492	0.7512745251332021	0.19978204050845835	0.000247322793083779	0.008474560304140457	0.07407793846121354	0.7247270912005601	0.5450788216804037	0.004513130391328495
TSs293	1	0.308363884878522	0.3723791414059001	1	0.10113036069772413	0.02436017341582601	0.7493572772997646	0.12676039501684006	0.0006282607238458919	0.07550032637860819	0.010686534406198702	0.23240635217328992	0.9094702017870266	0.0018520243499542891	0.9161878585363256	0.05734352265389735	0.1895310350551205	0.6527365148249288	0.9898893499683419	0.0011572164612404557	0.000801623571710631	0.034976008161932366	0.7942922449256437	0.39311364049650993	0.006227137363433697
TSs24	0	0.7654297205934288	0.327817747440411	1	0.9561942489551865	0.995352346604208	0.6920396173487254	0.9930089755828028	0.9423274566055179	0.9928603953980676	0.9868860870087435	0.33999575463355247	0.9165168783585887	0.9968408646730381	0.970061041304855	0.22423380277425628	0.9897292385582543	0.5544570904021948	0.7791991810360264	0.016069369417993862	0.9885341943409388	0.976008344500201	0.8230512501956261	0.13338160689157147	0.9980409162334126
TSs334	0	0.6692131345819795	0.3323616335774881	1	0.7177221954329907	0.8840878440589046	0.166825859068645	0.31763479785291443	0.005734770747187306	0.9617725135829336	0.6034331275103954	0.9692393268845201	0.9994475643298528	0.637508847414342	0.7979355434516394	0.9379254863984867	0.5923874930901701	0.9807259141423432	0.9839099320189961	0.6019090510221101	0.02309324296947878	0.410909267884556	0.9669542812175227	0.9408815126302283	0.6019463153643637
TSs1A	1	0.4959556120407769	0.4749671754200652	1	0.4250847715127658	0.08039379954344901	0.005784173070155699	0.6596147522593998	0.9970953223341156	0.03494999974571122	0.0008718451916422189	0.08552108967109125	0.9995137770024461	0.9954272765120621	0.9970131337801168	0.00015720725467522264	0.976821744109819	0.19055479076613183	0.9995237869239942	0.00029358487447042755	6.188862877696194e-05	0.007213877083241055	0.8939776759697065	0.9995061462511171	0.9948163698434145
TSs266	0	0.40984184766428483	0.41704350200198914	1	0.19722654280695018	0.9242930472877658	0.6923130925218595	0.03861063457611067	0.019075465648297964	0.9633992943205613	0.13211361540950045	0.013885494835183079	0.07266499774126664	0.01331537623889108	0.1782701709287812	0.9111177953776506	0.011889332871603575	0.5593160870948388	0.9981651093913	0.21618291468511913	0.0002654759321052199	0.4512662759437721	0.9865838401661854	0.9908504536968348	0.023258478618070445
TSs277	0	0.33083481418803695	0.3071475816528175	1	0.26445590459895424	0.04977900627755692	0.008730466942983846	0.23394186095966252	0.7232059513028412	0.10542568925803077	0.12979251902982242	0.5011101876697011	0.3434608625023581	0.6976392481051449	0.9815980821381297	0.014984551025334686	0.29897251450213885	0.29496994823824596	0.058182201393322516	0.006497942538109798	0.015416465034948462	0.18351964950321714	0.5489075649823412	0.8320305351015275	0.5885310372553207
TSs60B	0	0.6701298938677804	0.3964706573079789	1	0.889421984842381	0.443953768118019	0.6016827242412957	0.9864053104630552	0.15367797473329314	0.9997330836042868	0.0032587516475243907	0.9967096133130071	0.9997082442468261	0.9869399410053985	0.5026515784817334	0.05560044573585308	0.10527560197324777	0.9171838137609886	0.9998630871000362	0.9604757810630886	0.8616601559237734	0.8245976116860502	0.9998043036978784	0.9967937756629941	0.0066223108972558245
TSs303	0	0.6232597176859858	0.4155553838616171	1	0.8880326003111989	0.9960875840611861	0.9240615966182312	0.8674444403044392	0.9910446297217237	0.9185879720220822	0.9738944826842837	0.9386032742568662	0.4902341918082132	0.28991946476294483	0.9086207603179586	0.08828618133862993	0.9907791949153404	0.058387976292543595	0.011103495384686458	0.03446886299124555	0.9879534066095839	0.9567445104564756	0.8628843165055816	0.07199817099220952	0.10408984167549025
TSs120	0	0.21846810518907414	0.27547702013712344	1	0.08296164589604121	0.08060339562575691	0.26897462014020446	0.006125796562625431	0.00030432512359619625	0.7859675425377288	0.2161073497891097	0.002987733419075109	0.7378751514469464	0.00043796536547101533	0.0853198961663255	0.033862472321042884	0.10256717356475266	0.6901556156143177	0.6367728273329686	0.39750250102429097	0.04467677051012546	0.21037200222849736	0.0019533132817734344	0.05982214418400874	0.006973507542866398
TSs132	0	0.5220322969155959	0.3145132777024839	1	0.5920238804557443	0.8964753275900179	0.7788013596843936	0.33819532526417245	0.40591631952364843	0.19467445591549956	0.98043759095947	0.4221869996500054	0.6983522727700743	0.5515531044229544	0.9528911870804029	0.6324946564885343	0.6937659365490791	0.7752945601938495	0.8582561588503345	0.17956168083780646	0.013070814963416166	0.10626011405243736	0.6560530089346591	0.045824923532975965	0.26058014104818683
TSs78	0	0.4365686062774163	0.39339013360330927	1	0.22072814316518796	0.02267326603681685	0.1779880735852323	0.26404068050832397	0.9826605482408028	0.8703858948134141	0.9879623612821113	0.6823014342970894	0.03500340004048774	0.19281270410806578	0.006510045587333658	0.24008990886086046	0.09537897425705603	0.0766307272064833	0.9873444744510168	0.735436594830583	0.9337563471845046	0.17304015933820271	0.950224504950197	0.11576564850022948	0.20136637746951547
TSs61	0	0.5147527698030105	0.4060240796361606	1	0.6150043009374002	0.9174567040924129	0.9850047622024463	0.9846336950197783	0.21645181699092253	0.9673160493340909	0.7718960678986649	0.06896605156680659	0.0667953799922101	0.03292828630272818	0.0055566240767543395	0.9208486254380164	0.8452452457199965	0.6084119874035439	0.004297071733417463	0.9644441491592985	0.6732721816666863	0.6215966144712566	0.5978155544798014	0.041117796648112465	0.001000731863266036
TSs60	0	0.6765699832511315	0.36454515235775653	1	0.8519786105614499	0.35463171353706613	0.9596866691298562	0.18109844444444423	0.998859749054619	0.985705026816279	0.2016254499001759	0.8031258348970424	0.639154634231806	0.9998043659408916	0.5793739440978601	0.317088246168196	0.7347367528271271	0.9299317950657496	0.9995925208210099	0.00038827306161800265	0.9008313862258573	0.004157330875535094	0.9968380310292267	0.950667879960524	0.9941016169377468
TSs274	0	0.3377688613052096	0.29936932866537636	1	0.2452259553622742	0.12929235266696862	0.6510054772610909	0.24878100151505905	0.10141435201944056	0.2416709092094894	0.45403446970418415	0.17143297684060965	0.473142972100611	0.05896413077775842	0.1800190536536121	0.3154330716402938	0.9953974118952782	0.9321558814904273	0.4206038678388515	0.7626671782222662	0.03965862798573216	0.4250687057210833	0.13383582414294865	0.009628687832379324	0.011170273586109027
TSs10A	0	0.36469662001650827	0.39654253040181453	1	0.16477648855976015	0.010075103641304302	0.6805847622050685	0.06764637245839686	0.058134590432570084	0.9818325120616032	0.012994321194074029	0.028869480358833216	0.03412053964539054	0.1855933093751252	0.8307654866436482	0.22786175461787977	0.31868544637332874	0.7725453602027188	0.9975069877000102	0.00028188859224247126	0.0032203602782051133	0.09163187430057786	0.9707249067342482	0.14395966774439511	0.8768976757705441
TSs96	0	0.5199618488259691	0.3868062913388225	1	0.6806344789463856	0.3933079603850603	0.7193364554852079	0.7259166998987577	0.06181163134032335	0.31383680662176416	0.027684348119915162	0.20918273420644845	0.8865096713316535	0.03934960941293565	0.8204940527747283	0.7027375172830999	0.06854469138982926	0.8990448556734427	0.9981516433744954	0.988735294714806	0.009780301947891304	0.6585314406096715	0.9538613277902362	0.9048414540797145	0.017578480079403137
TSs282	0	0.3133609748644234	0.41399538885230297	1	0.10081372039230718	0.009251076852517238	0.14135707697543562	0.00022435194073796446	0.9974569137078175	0.4020443661219911	0.031248980886643202	0.11264034417060854	0.013090177713604755	0.9998070592234265	0.001176473357333586	0.0300606098993259	0.0030834729315493605	0.08898709661400583	0.9717516379938239	0.0005241498801272852	0.12447729867601447	0.0005295326514082135	0.9961386329934709	0.3826932764323037	0.9606769682663222
TSs56A	1	0.4340814198138835	0.3975899925201764	1	0.5828279962037823	0.7161279120406198	0.008305146889267374	0.644348629032292	0.0007685422272431204	0.9698217387103646	0.5821890638550894	0.005623870195166425	0.8204436908123817	1.2188491392260352e-05	0.0034990106049153555	0.865173966522624	0.051853231731668246	0.6721387532283205	0.9931213525611488	0.9797244075719543	0.03183949227666126	0.13237359253886788	0.5834669285524754	0.6189824082550415	0.0018144701801777025
TSs296	0	0.9424435216614337	0.12084887782952042	1	0.9972024413778875	0.9587341205105282	0.9921596449417919	0.9108495236514135	0.9998889651282996	0.9990062790149794	0.8034571199284342	0.9920559616931086	0.999794954192557	0.999901066423156	0.9999672658392114	0.9736504700491619	0.9961039349184779	0.9983009478372971	0.9999998536103404	0.6503445065284523	0.5849572530615406	0.9898861011031653	0.9998554847909069	0.9999718640260545	0.9999851159797971
TSs33	0	0.6995119808069798	0.37936566234890584	1	0.9313418747397133	0.9860319035627464	0.21116215253979323	0.9951697857915721	0.19371566224277362	0.9773894692327963	0.914135392255086	0.900524769805092	0.9951448134997494	0.5275702405157514	0.13824533373336376	0.9592282246385052	0.053501730898514954	0.8269803093853604	0.9995074060064061	0.9912587049918986	0.9939975324767015	0.028692657661655227	0.990030609410664	0.35940456026683076	0.9485483572243405
TSs311	1	0.27843061490073195	0.33048394449742496	1	0.13476611223729285	0.05699226021029071	0.09099631769072836	0.002939656646749615	0.31127985771940564	0.031461312989279726	0.0054003561838415134	0.9964574471620757	0.6894837983334025	0.007820767580590091	0.04633338876019454	0.28299404133298456	0.24609183038848798	0.4722743704257027	0.9097904983740456	0.13500684712863176	0.0739636115903948	0.037524989521853444	0.8881571519167106	0.1345253773459539	0.14911841671331547
TSs68	0	0.7382114247954812	0.4271099896824899	1	0.9955657530095303	0.01263209239270185	0.995734005431293	0.9415954888793725	0.9999730340516967	0.9924395601404173	0.027667289703128293	0.9976309132696182	0.9953975005877675	0.9999957181830252	0.9985753647285048	0.06722505440892798	0.9997596639888507	0.7413906458160731	0.9999885787491093	0.0006627546835468349	0.01157577326262477	0.999154052021438	0.9841045681469155	0.9993639684032581	0.9993624690613555
TSs104	0	0.5097587426283396	0.4259718512801113	1	0.508920053573975	0.3722931803027589	0.700468056320522	0.13669312258300076	0.0007933768034243102	0.8342812690816147	0.645546926845191	0.017820601218530272	0.9996680576070014	0.19728311624580547	0.9347187149687163	0.9597258074271088	0.006658697238658645	0.9874049140347868	0.999728286886229	0.9995283062010034	0.06527126552954815	0.03822831052419062	0.9869188430978614	0.3120327972557599	0.00011120239507875161
TSs58	0	0.2505686422155851	0.38282982852698216	1	0.01818598469275729	0.038846654997416775	0.0019204499894233406	0.0002151342006635723	0.00027061892048091	0.8441599681796075	6.861525407875198e-05	0.013282867782953752	0.9192934514876651	0.00036923776411531325	0.02308910160256083	0.05564929499446025	0.00018669102489392547	0.9694578366372668	0.9031896625576683	0.4307025033929942	0.002281684689884055	0.07621871387443012	0.7282543423475464	0.001425340024537611	0.002490674589054681
TSs358	0	0.21433175093774065	0.3802472637609295	1	0.006693658434663005	1.846138682750602e-08	0.9924892980065233	0.9994557522333858	3.71964941188461e-08	4.021293188870333e-05	2.142422702608888e-08	1.4419516824131434e-08	0.00828678936903173	0.9949354219745399	0.03956885867932895	0.7846766553836098	0.00510052750029428	0.0009381772403152982	2.069756897556616e-05	0.05921308001304396	0.08129944901362897	0.07906318466496738	0.2415467767143065	2.631085674251455e-08	1.964849078246864e-08
TSs82	0	0.41452719049525727	0.41005212887044507	1	0.24721058318998318	0.9650606423811218	0.000529837682430756	0.18845933683932684	0.00030193351200384747	0.30596182954063955	0.025128869967192623	0.8972711330702016	0.8426800482907079	7.85102133284209e-05	0.33972667997859785	0.8216304581109415	0.002286697422774635	0.9952463026196738	0.9778419729711344	0.13769957540096706	0.04811212060155238	0.9087504475315769	0.67712463324125	0.07935948472169096	0.07729329580803204
TSs15	1	0.4037264405053384	0.37953964248452166	1	0.5168057773681687	0.13974233409909806	0.5775950736759922	0.027777359463600486	0.003155266163349485	0.03457056515860053	0.0050369623937288055	0.6023977417534334	0.9934800909871393	0.002268761541286143	0.6243848450555893	0.00035543913112855255	0.6871513327029114	0.991045348011065	0.999198879398954	0.7725562534869456	0.002656870131881119	0.014407865663821752	0.5375525192224054	0.5631362665519055	0.4960590355139318
TSs3	0	0.8119955149552561	0.3211295811500331	1	0.9974517424268681	0.9789996094645353	0.9996402633875806	0.9813572654479356	0.9981557892763706	0.9999070831289203	0.35231613939679884	0.9972721627018322	0.9991047068318066	0.997840424797497	0.10713991781919636	0.3176423416512233	0.9998939979461154	0.6774036146019828	0.9999805098002843	0.7563794013497523	0.09469875138672611	0.9976829212218531	0.9976313221519039	0.9872620007246274	0.9996020760181793
TSs4	0	0.38272599515557804	0.42154944611969397	1	0.10528438061896635	0.0033677633674188755	0.08698663523153925	0.07579610695461758	0.8146124273441377	0.8575821866276656	0.008780441187704258	0.43965553060239815	0.6289813773983113	0.6023099834977292	0.12358212600639344	0.002638231042607811	0.003963110343347266	0.9760434801382746	0.9971508892339611	0.0008794816733778158	0.0018850112367966912	0.015969718096371745	0.9992991394686833	0.9899870193254968	0.02504924433472635
TSs331	0	0.3476580958542567	0.39872742780926945	1	0.12251295834820014	0.16936139155055596	0.014755119505450331	0.016996587637606492	0.9444939325820847	0.5824824865643253	0.8999822001823563	0.11222671212529829	0.07831956956558803	0.005853684068445356	0.985161994712894	0.014875227534880348	0.9850314156975875	0.959776898465791	0.11656695587499842	0.01969875438814323	0.024798594402249373	0.23103264404791254	0.12845896082140185	0.029927225193162744	0.6333615621644021
TSs314B	0	0.9983986516338039	0.0032254417806135065	1	0.9996605064550868	0.9996281910240838	0.9998953481270889	0.9986917487427273	0.9960512061557066	0.9942722590500359	0.9999307877273849	0.9998777886229522	0.9999547099514394	0.9994910081080385	0.9989166334506481	0.9996492060336353	0.9967471809756921	0.9998368999302768	0.9999802100581168	0.9999175817854106	0.986375856554237	0.9996718068765382	0.9999922206187924	0.9999719316592851	0.9991204572239843
TSs333	0	0.6507244249962725	0.41349989383191516	1	0.8694221846801184	0.9949167172349659	0.20084314150962157	0.9824190183099363	0.003785845806076177	0.9595382958857156	0.8410983621098386	0.8355280949939661	0.6945865308256332	0.017088534055870838	0.9966010958860894	0.5956826839620468	0.08979138578040366	0.9795117121548025	0.9993873077836858	0.9985703755550042	0.0036133879770783943	0.9480010111648856	0.8977460072503982	0.9466507629001515	0.029128228779277673
TSs7	0	0.8687139486044231	0.2329873157228453	1	0.9662923793118785	0.6034542353135169	0.9997444393683108	0.801683010520803	0.999981166529929	0.9645431543124489	0.812466570935087	0.4412760900575014	0.9999571778286955	0.9178810811358185	0.9996892689680971	0.9886880474364663	0.9262381907046746	0.9020727889361181	0.9998717973528001	0.9523633258368293	0.10239363381462335	0.9680416043113081	0.9942870847130263	0.9998818690029939	0.9997644350094151
TSs38	1	0.16687382864702566	0.22349609712268262	1	0.04365310920439492	0.622150425028225	0.01554802280658542	0.7202051828076568	0.03944092460993213	0.20686165070598567	0.5060818186029369	0.38085659488734225	0.043029727991691455	0.0004824175292235503	0.012953795551696652	0.025932179962637032	0.044276490417098385	0.0010433227678428789	0.18490488301962468	0.03575040383502618	0.06977199875524374	0.09839264241276705	0.3155978200278813	0.00012139182102116715	0.014074879400095643
TSs10	0	0.6634946174418026	0.329389726156891	1	0.7574998818050962	0.6502353260128833	0.8785767629393704	0.9922165943242256	0.7894588957489237	0.11127488265320433	0.9792584748467393	0.7255408678612687	0.7106626751665417	0.8920237875211412	0.8962978406427662	0.4913623652582128	0.8576588507076275	0.9909957830585349	0.11009387303566687	0.055440082731032105	0.9541811005854121	0.5131228184408474	0.6005085878383299	0.9711092578756025	0.09987352158772046
TSs48	0	0.2397699829918054	0.3203739052803588	1	0.012456044119631806	0.3563819035159337	0.004004079763469709	0.0045726236955620815	0.6150426960954313	0.9916672040807509	0.7921478736309948	0.33763063086848516	0.001403522277204586	0.007555759916427521	0.3757001443115613	0.006038410300320981	0.009859554343327288	0.001991314549365155	0.0002941123988966032	0.0017276789885432005	0.09883645989596887	0.0006850259770610426	0.7063369125128174	0.015052533895936323	0.46847121881805
