ID	ID	Class	Mean	stdev	Predicted_0.22	Median	score_0	score_1	score_2	score_3	score_4	score_5	score_6	score_7	score_8	score_9	score_10	score_11	score_12	score_13	score_14	score_15	score_16	score_17	score_18	score_19
TSs156A	0	0.46996978174603177	0.1346973234347195	1	0.48607777777777783	0.26	0.5963333333333333	0.49	0.4866666666666667	0.392	0.2686666666666666	0.55	0.173	0.4854888888888889	0.39766666666666667	0.646	0.5961428571428571	0.354	0.47655555555555557	0.582	0.572	0.594	0.415	0.413875	0.65
TSs361	0	0.40987320054945053	0.18233644843290298	1	0.4434230769230769	0.089	0.7022083333333332	0.2386666666666667	0.238	0.364	0.142	0.549	0.416	0.519	0.24533333333333335	0.6586666666666666	0.6081428571428571	0.429	0.23110000000000003	0.4578461538461538	0.497	0.4685	0.214	0.468	0.662
TSs368	1	0.5255804341594936	0.06470658721983742	1	0.5266269841269842	0.6068571428571429	0.47372115384615393	0.5353333333333333	0.5066666666666667	0.610125	0.508	0.519	0.583	0.382109022556391	0.528	0.576225	0.5252539682539682	0.552	0.5234222222222222	0.5538461538461538	0.3885	0.5732156862745098	0.6126666666666667	0.455	0.4986666666666667
TSs49	0	0.654913186813187	0.052577841004004804	1	0.6486666666666666	0.56	0.6243044871794872	0.686	0.6306666666666667	0.708	0.692	0.6379047619047619	0.71	0.644	0.642	0.6533333333333332	0.656	0.621	0.5556666666666668	0.5975128205128205	0.7433333333333333	0.6795	0.756	0.6615416666666667	0.6395
TSs138B	0	0.48747109215346063	0.08928928551643467	1	0.5112807017543859	0.40986666666666666	0.5671794871794872	0.516	0.519	0.446	0.342	0.553047619047619	0.258	0.546	0.4085	0.5647666666666666	0.569	0.463	0.458	0.5065614035087719	0.57	0.556	0.4865	0.402	0.608
TSs22B	1	0.6090416666666666	0.0791362707113828	1	0.618	0.509	0.628	0.656	0.59	0.724	0.624	0.642	0.722	0.48	0.612	0.578	0.547	0.604	0.454	0.596	0.5156666666666667	0.6825	0.74	0.632	0.6446666666666667
TSs287	0	0.5041616132478632	0.06845748541877025	1	0.5065	0.601	0.448	0.494	0.4846666666666667	0.556	0.57	0.512	0.617	0.45718888888888887	0.51	0.3541	0.582	0.48	0.5265	0.5825128205128206	0.39683333333333337	0.4423333333333333	0.503	0.45193055555555556	0.5141666666666668
TSs383	0	0.5124271396250808	0.0544907994861776	1	0.4996666666666667	0.6542476190476191	0.48117948717948716	0.465	0.49316666666666664	0.5635	0.602	0.463	0.564	0.512	0.4553333333333333	0.462	0.486	0.514	0.5484	0.556	0.49833333333333335	0.46088235294117647	0.4475	0.501	0.521
TSs314A	1	0.545816746031746	0.04544530455456836	1	0.544	0.5857238095238095	0.546	0.562	0.54	0.588	0.592	0.564	0.53	0.476	0.562	0.534	0.5176111111111111	0.478	0.542	0.508	0.515	0.486	0.67	0.546	0.574
TSs30	0	0.5436979511278194	0.050651853716852796	1	0.5388125	0.586	0.462	0.464	0.537	0.534	0.6	0.5823809523809524	0.634	0.518	0.51	0.540625	0.564	0.565	0.6073500000000001	0.5998947368421053	0.565	0.523	0.4615	0.5345416666666666	0.4856666666666667
TSs291	0	0.49569304621848753	0.03663376745095668	1	0.4928958333333333	0.5227238095238095	0.439125	0.544	0.544	0.4937916666666667	0.522	0.48957142857142855	0.559	0.5062222222222222	0.464	0.492	0.468	0.4476666666666667	0.5283222222222222	0.491	0.5	0.43188235294117644	0.484	0.5295555555555556	0.457
TSs157A	0	0.46815244047619053	0.06873308544160638	1	0.4665285714285714	0.47105714285714284	0.38345833333333335	0.43866666666666665	0.45	0.414	0.412	0.602	0.345	0.5233333333333333	0.558	0.462	0.514	0.528	0.4975333333333334	0.5226666666666667	0.344	0.456	0.53	0.42533333333333334	0.486
TSs27	0	0.5017318566259162	0.05183145759418741	1	0.5116666666666667	0.5432	0.4796666666666667	0.554	0.5496666666666667	0.5193333333333334	0.462	0.437	0.472	0.4248	0.3785	0.550625	0.53	0.482	0.5370555555555555	0.520740890688259	0.5785	0.5038823529411764	0.552	0.45566666666666666	0.504
TSs363	0	0.45266716880341884	0.09135884394855227	1	0.4249277777777778	0.349	0.5953878205128206	0.418	0.46	0.29	0.375	0.474	0.41	0.606	0.3756666666666667	0.5901000000000001	0.587	0.421	0.42885555555555555	0.372	0.46	0.398	0.4643333333333334	0.415	0.564
TSs9	0	0.5617804969153654	0.042009074477021825	1	0.5511916666666667	0.6097238095238094	0.5398461538461539	0.53	0.521	0.615	0.53	0.5967142857142856	0.6038888888888889	0.473109022556391	0.526	0.548125	0.5521111111111111	0.552	0.5503833333333333	0.599	0.546	0.6123333333333334	0.6413333333333334	0.5290416666666666	0.56
TSs133	0	0.534663630952381	0.07873847581467286	1	0.5391904761904762	0.458	0.6803333333333332	0.554	0.522	0.4034583333333333	0.4086666666666667	0.5443809523809524	0.44	0.5606666666666666	0.501	0.6086666666666666	0.65	0.534	0.5241	0.622	0.556	0.456	0.562	0.478	0.63
TSs155	1	0.4300416666666667	0.07661531222445982	1	0.441	0.276	0.468	0.492	0.374	0.35	0.314	0.492	0.334	0.446	0.4033333333333333	0.4775	0.484	0.422	0.408	0.552	0.5413333333333333	0.508	0.358	0.436	0.4646666666666667
TSs209	0	0.4610721197838109	0.03329324918372995	1	0.45775641025641023	0.505	0.448	0.459	0.45066666666666666	0.49212500000000003	0.49	0.4046666666666667	0.503	0.49588888888888893	0.433	0.4561	0.418	0.468	0.5089333333333333	0.4565128205128205	0.498	0.4222156862745098	0.4095	0.4428333333333333	0.46
TSs136	0	0.4827209188034187	0.05825550127489958	1	0.4743333333333333	0.5656666666666667	0.4866666666666667	0.4726666666666666	0.45	0.422	0.52	0.44366666666666665	0.516	0.49339999999999995	0.39066666666666666	0.504	0.4713333333333333	0.46	0.4493388888888889	0.4645128205128205	0.3605	0.574	0.562	0.476	0.572
TSs22A	1	0.60814625	0.09728067756600708	1	0.617	0.476	0.6879711538461538	0.66	0.554	0.686	0.662	0.672	0.7	0.492	0.714	0.768	0.43	0.5428205128205129	0.4388	0.634	0.5633333333333334	0.708	0.6	0.6	0.574
TSs357	0	0.43366390027670987	0.09498333287985601	1	0.40634444444444445	0.31	0.5465416666666667	0.38266666666666665	0.3786666666666667	0.361	0.302	0.5207142857142858	0.3258888888888889	0.487536507936508	0.332	0.5432666666666667	0.5601428571428572	0.33	0.42285555555555554	0.4827408906882591	0.57	0.3790490196078431	0.38983333333333337	0.496375	0.552
TSs161	0	0.5526848360484545	0.05804510452199563	1	0.5518958333333333	0.6147238095238095	0.43620833333333336	0.5693333333333334	0.5476666666666666	0.556125	0.6686666666666667	0.5	0.6198888888888889	0.5206031746031746	0.574	0.488225	0.5311666666666668	0.6006666666666668	0.620638888888889	0.5638947368421052	0.542	0.602	0.5161666666666668	0.5117222222222222	0.47
TSs11	0	0.5400075000000001	0.05601131966447101	1	0.537	0.5658666666666666	0.488	0.514	0.6	0.5964583333333334	0.6046666666666668	0.475	0.646	0.458	0.518	0.45129166666666665	0.546	0.61	0.5107	0.592	0.56	0.548	0.5131666666666668	0.528	0.475
TSs5A	0	0.5777143971920753	0.06508145048406606	1	0.5778092731829574	0.5697238095238094	0.6358461538461538	0.416	0.652	0.539625	0.4726666666666667	0.656	0.504	0.5858947368421054	0.6325	0.6427666666666666	0.616	0.5546666666666666	0.5321	0.615740890688259	0.655	0.5478823529411765	0.562	0.607875	0.556
TSs131	0	0.5428810723121907	0.03864417920994252	1	0.5389063492063492	0.5395238095238094	0.48484615384615387	0.531	0.541	0.6127916666666667	0.55	0.538	0.5828888888888889	0.46829473684210526	0.554	0.556	0.5252539682539682	0.593	0.5382888888888889	0.47406666666666664	0.5345	0.591	0.5876666666666668	0.5275	0.528
TSs294	0	0.4730489578111946	0.04921232194655242	1	0.4618333333333333	0.45971428571428574	0.456	0.41	0.444	0.461	0.45	0.48	0.576	0.4477312447786132	0.535	0.404	0.506	0.4506666666666666	0.545138888888889	0.5158947368421052	0.516	0.377	0.4721666666666667	0.492	0.46266666666666667
TSs378	0	0.5282231454248366	0.06689690722155969	1	0.5093624999999999	0.5178666666666667	0.472	0.506	0.5646666666666667	0.5583333333333333	0.6186666666666667	0.507	0.676	0.464	0.604	0.508725	0.51	0.405	0.4556555555555556	0.5875	0.6103333333333334	0.49788235294117644	0.4675	0.5513333333333333	0.482
TSs111	0	0.4863176733500417	0.0862761749278013	1	0.4896666666666667	0.362	0.574	0.4686666666666666	0.48833333333333334	0.4318333333333333	0.372	0.491	0.31	0.551436507936508	0.5138333333333333	0.5381	0.666	0.478	0.46975555555555554	0.5475614035087719	0.5175	0.376	0.44433333333333336	0.57	0.556
TSs56	0	0.5071419246646026	0.04407029859124682	1	0.5216140350877194	0.5388571428571429	0.49733333333333335	0.539	0.436	0.516	0.462	0.546	0.578	0.5405614035087719	0.498	0.45016666666666666	0.44214285714285717	0.5246666666666667	0.534	0.518561403508772	0.414	0.5008823529411764	0.5376666666666666	0.5273333333333332	0.5416666666666666
TSs3A	0	0.5949548914565826	0.04962307867303929	1	0.6099411764705882	0.5921904761904762	0.542	0.6246666666666666	0.56	0.631	0.654	0.617	0.612	0.5402888888888889	0.6365	0.554125	0.5944444444444444	0.628	0.632	0.516	0.569	0.6078823529411764	0.68	0.624	0.484
TSs95	0	0.5090920801012713	0.04648917712159887	1	0.5162	0.5166666666666666	0.46551282051282056	0.4113333333333334	0.41	0.5425	0.552	0.5145714285714286	0.497	0.5157333333333334	0.4993333333333333	0.5701	0.536	0.571	0.524	0.55	0.5183333333333334	0.49588235294117644	0.5555	0.484375	0.452
TSs2	0	0.6794268376682657	0.0722309861793148	1	0.6965833333333333	0.46266666666666667	0.6738461538461538	0.702	0.6911666666666666	0.724125	0.758	0.6586666666666667	0.684	0.623609022556391	0.6665	0.73	0.723	0.666	0.68	0.526740890688259	0.722	0.7567156862745098	0.7295	0.703	0.707
TSs44C	0	0.501507119783811	0.050996518687845736	1	0.5155000000000001	0.5457238095238095	0.512	0.5483333333333332	0.5636666666666666	0.464	0.42966666666666664	0.5233333333333332	0.52	0.452	0.474	0.474225	0.5061428571428571	0.38	0.5413222222222223	0.4218461538461538	0.56	0.5398823529411765	0.509	0.519	0.546
TSs201	1	0.45669102564102565	0.06301484976887722	1	0.46525000000000005	0.508	0.428	0.388	0.434	0.5155	0.445	0.5073333333333333	0.628	0.42	0.49	0.47	0.332	0.4854871794871795	0.386	0.4665	0.486	0.468	0.384	0.428	0.464
TSs217	0	0.5277043201754387	0.05100461486969512	1	0.5295624999999999	0.6155333333333333	0.528125	0.5006666666666666	0.456	0.532	0.447	0.5066666666666667	0.531	0.5505614035087719	0.5	0.5631	0.557	0.59	0.4739333333333333	0.593	0.45	0.5333333333333332	0.4955	0.6126666666666667	0.518
TSs168	0	0.49504394929631773	0.05602999800302952	1	0.4937857142857143	0.5560571428571428	0.474	0.5913333333333333	0.534	0.479	0.48	0.49257142857142855	0.381	0.5264666666666667	0.453	0.498	0.5881428571428571	0.556	0.535	0.4411408906882591	0.402	0.496	0.4781666666666667	0.495	0.444
TSs98	1	0.501274892340202	0.06131391842592437	1	0.5006078431372549	0.5145809523809525	0.382	0.424	0.4525	0.5728333333333334	0.498	0.5075714285714286	0.586	0.4724	0.474	0.560225	0.506	0.6166666666666667	0.4912222222222222	0.5854075573549258	0.45933333333333337	0.5032156862745099	0.4276666666666667	0.537875	0.454
TSs116	0	0.45227089285714295	0.03899649942992028	1	0.4538095238095238	0.46185714285714285	0.49	0.48533333333333334	0.418	0.425	0.382	0.4542857142857143	0.389	0.49839999999999995	0.507	0.49	0.472	0.508	0.4773333333333334	0.434	0.397	0.42	0.4533333333333333	0.434875	0.448
TSs53	1	0.4638560256410257	0.07430987990861607	1	0.462	0.5475	0.326	0.474	0.43	0.512	0.387	0.446	0.602	0.3954666666666667	0.45	0.464	0.416	0.5128205128205128	0.46	0.489	0.3533333333333334	0.508	0.598	0.392	0.514
TSs63A	0	0.5204864545791327	0.05929088607064412	1	0.5033527777777778	0.6468666666666667	0.4903044871794872	0.432	0.46066666666666667	0.5552916666666667	0.58	0.506	0.633888888888889	0.4841169590643275	0.487	0.4501	0.49044444444444446	0.5126666666666666	0.5007055555555556	0.4862947368421052	0.6155	0.5478823529411765	0.51	0.492	0.528
TSs158	0	0.5158653227431322	0.03608229153169702	1	0.5152619047619048	0.5138571428571429	0.53	0.494	0.479	0.5086666666666667	0.5166666666666667	0.57	0.54	0.4649	0.448	0.562	0.5465	0.467	0.5408388888888889	0.5485614035087719	0.5133333333333334	0.4832156862745098	0.5331666666666668	0.568	0.48960000000000004
TSs269	0	0.5864352769555865	0.05242744690702476	1	0.5884944444444444	0.5006666666666667	0.639	0.592	0.568	0.51	0.58	0.6345714285714286	0.647888888888889	0.5444423558897242	0.6633333333333332	0.6226666666666666	0.6144444444444443	0.5461538461538462	0.5849888888888888	0.592	0.684	0.5398823529411765	0.558	0.596	0.5106666666666666
TSs317	1	0.5313381944444445	0.05512452662446169	1	0.533	0.4916666666666667	0.424	0.567	0.544	0.511	0.634	0.59	0.564	0.488	0.594	0.54	0.44	0.6	0.526	0.584	0.492	0.478	0.518	0.5450972222222221	0.496
TSs49A	0	0.5234980219780221	0.04512743078935338	1	0.5191666666666667	0.5908571428571429	0.5268461538461539	0.5996666666666667	0.51	0.527	0.45466666666666666	0.536	0.498	0.5081142857142857	0.48	0.564	0.6037539682539682	0.514	0.5295555555555556	0.442	0.472	0.502	0.5731666666666667	0.521	0.5173333333333333
TSs417	0	0.47476079893360856	0.06852692188444595	1	0.47428070175438597	0.5220571428571428	0.453	0.44333333333333336	0.4746666666666667	0.493125	0.532	0.515	0.686	0.4108888888888889	0.446	0.362125	0.43314285714285716	0.5026666666666667	0.4649333333333333	0.47389473684210526	0.4975	0.43721568627450985	0.3615	0.4885	0.4976666666666667
TSs195	0	0.471172059154296	0.06773718721009261	1	0.4676611111111111	0.423	0.5529711538461538	0.484	0.5091666666666667	0.4237916666666667	0.298	0.5146666666666667	0.397	0.43369473684210524	0.4296666666666667	0.5787666666666667	0.5123333333333333	0.447	0.4513222222222222	0.5138947368421052	0.56	0.4415	0.5026666666666667	0.412	0.538
TSs371	0	0.4931360828163924	0.04307051842839357	1	0.5022037786774629	0.5778666666666666	0.4693333333333333	0.442	0.462	0.513125	0.506	0.502	0.5668888888888889	0.4622222222222222	0.529	0.5381	0.4829206349206349	0.504	0.5091	0.5024075573549257	0.469	0.4268823529411765	0.452	0.526875	0.421
TSs23	1	0.4459833333333334	0.03638785142041437	1	0.453	0.51	0.378	0.427	0.412	0.49	0.464	0.452	0.474	0.448	0.468	0.4646666666666666	0.404	0.432	0.378	0.47	0.48	0.414	0.454	0.422	0.478
TSs51	0	0.5646316339727524	0.07222266112556402	1	0.5568333333333334	0.6203333333333333	0.4448461538461539	0.542	0.5626666666666668	0.69	0.7326666666666667	0.5876666666666668	0.611	0.5494	0.594	0.524725	0.46925396825396826	0.602	0.5015	0.604740890688259	0.544	0.551	0.5896666666666667	0.5171666666666667	0.454
TSs59B	0	0.5376923680997365	0.07031664323377197	1	0.5145	0.5619142857142857	0.4947211538461539	0.574	0.505	0.613	0.612	0.5116666666666666	0.642888888888889	0.4078809523809524	0.4686666666666666	0.430225	0.48214285714285715	0.516	0.484	0.562740890688259	0.498	0.6353333333333334	0.6373333333333334	0.6033333333333333	0.513
TSs365	1	0.41889999999999994	0.10668443382730504	1	0.401	0.376	0.6	0.438	0.516	0.302	0.275	0.372	0.198	0.4	0.396	0.582	0.587	0.382	0.46	0.336	0.414	0.402	0.406	0.38	0.556
TSs224	0	0.43290237661461345	0.06024450014657317	1	0.4270357142857143	0.42823809523809525	0.48663782051282056	0.368	0.4601666666666666	0.458625	0.396	0.44671428571428573	0.505	0.40691695906432757	0.388	0.4059333333333333	0.4635873015873016	0.384	0.374	0.5078947368421053	0.5855	0.456	0.4258333333333334	0.324	0.387
TSs325	0	0.49529515873015884	0.07325445462262203	1	0.4985	0.5695809523809523	0.431	0.505	0.4546666666666666	0.622	0.562	0.528	0.5878888888888889	0.47	0.516	0.426	0.313	0.5206666666666667	0.4781	0.566	0.557	0.46	0.492	0.424	0.42300000000000004
TSs119A	1	0.46003333333333335	0.05254259202407308	1	0.454	0.452	0.44	0.424	0.476	0.512	0.4946666666666667	0.456	0.468	0.502	0.42	0.522	0.432	0.426	0.384	0.544	0.5	0.406	0.434	0.356	0.552
TSs166	0	0.5231821732026144	0.03946911250102053	1	0.5236633986928105	0.4968666666666667	0.574	0.563	0.472	0.508	0.474	0.5746666666666668	0.482	0.5635	0.542	0.5761000000000001	0.5261111111111111	0.572	0.5311166666666667	0.4844	0.45	0.5212156862745099	0.5406666666666667	0.514	0.498
TSs297	1	0.5166083333333333	0.04886068256962432	1	0.5233333333333334	0.434	0.52	0.56	0.496	0.53	0.454	0.562	0.48	0.5246666666666667	0.592	0.528	0.578	0.536	0.422	0.5	0.456	0.59	0.5355	0.522	0.512
TSs338	0	0.45221333333333325	0.04500718046437067	1	0.45608333333333334	0.5534380952380953	0.45866666666666667	0.355	0.46	0.4535	0.404	0.47138095238095234	0.483	0.3768809523809524	0.459	0.448	0.512	0.4466666666666667	0.4244	0.496	0.428	0.4283333333333333	0.434	0.462	0.49
TSs293	1	0.47762166666666656	0.03642770020335161	1	0.478	0.5066666666666667	0.51	0.4786666666666667	0.478	0.521	0.476	0.458	0.488	0.418	0.446	0.478	0.468	0.488	0.411	0.46	0.492	0.576	0.4675	0.49	0.44160000000000005
TSs24	0	0.5574010317460317	0.0481406856698173	1	0.5646666666666667	0.571	0.56	0.592	0.5212222222222221	0.5653333333333332	0.502	0.5506666666666666	0.514	0.5196000000000001	0.611	0.579	0.5991428571428571	0.582	0.5358888888888889	0.564	0.45933333333333337	0.618	0.5948333333333332	0.638	0.471
TSs334	0	0.4937859722222221	0.05566812830366085	1	0.4946666666666667	0.5565333333333333	0.4277916666666667	0.428	0.4956666666666667	0.4834583333333333	0.546	0.454	0.6278888888888889	0.4174222222222222	0.42333333333333334	0.4302916666666667	0.464	0.5136666666666667	0.568	0.524	0.49433333333333335	0.49433333333333335	0.495	0.503	0.529
TSs1A	1	0.5409287112010798	0.06536119619770872	1	0.535	0.5146666666666667	0.434	0.588	0.574	0.594	0.554	0.498	0.508	0.498	0.634	0.438	0.512	0.614	0.439	0.49340755735492575	0.516	0.615	0.6485	0.564	0.582
TSs266	0	0.47502088241436924	0.057141914297156635	1	0.4809473684210526	0.5202	0.478	0.522	0.4025	0.592	0.5786666666666668	0.4407142857142857	0.493	0.40045029239766083	0.418	0.492725	0.4475	0.494	0.44643333333333335	0.48389473684210527	0.36	0.5013333333333334	0.5055	0.4505	0.473
TSs277	0	0.4797788354700855	0.061359325952362105	1	0.4793333333333333	0.5777238095238094	0.46763782051282055	0.47966666666666663	0.514888888888889	0.514	0.408	0.422	0.37788888888888894	0.5206666666666667	0.479	0.36610000000000004	0.5815873015873015	0.548	0.49325	0.51	0.446	0.4375	0.4756666666666667	0.43	0.546
TSs60B	0	0.541102653508772	0.06970820677781968	1	0.5440625000000001	0.6393904761904761	0.5023333333333333	0.478	0.5446666666666667	0.5434583333333334	0.5606666666666668	0.4382857142857142	0.68	0.44027568922305765	0.5533333333333332	0.412	0.5144761904761905	0.542	0.578	0.534	0.582	0.548	0.5935	0.492	0.6456666666666666
TSs303	0	0.5383518849206348	0.06094209403674703	1	0.5419285714285715	0.5458571428571429	0.4567916666666667	0.566	0.51	0.5596666666666668	0.586	0.538	0.468	0.5226222222222222	0.549	0.5821000000000001	0.648	0.644	0.501	0.482	0.4123333333333334	0.618	0.5375	0.5491666666666667	0.491
TSs120	0	0.4508803442902127	0.06329084809930144	1	0.4405	0.464	0.4306378205128205	0.4213333333333334	0.4511666666666666	0.49433333333333335	0.4766666666666667	0.43799999999999994	0.5518888888888889	0.38571428571428573	0.398	0.416625	0.368	0.372	0.547	0.4837408906882591	0.604	0.443	0.3978333333333333	0.478	0.39566666666666667
TSs132	0	0.4839970351973449	0.0528409645941196	1	0.4836666666666667	0.5452	0.488	0.4793333333333334	0.526	0.4784583333333333	0.48	0.5097142857142857	0.482	0.4394476190476191	0.388	0.5205	0.48533333333333334	0.5426666666666667	0.4756222222222222	0.4597408906882591	0.5778333333333334	0.5372156862745099	0.377	0.487875	0.4
TSs78	0	0.5229360516487297	0.04459149246798839	1	0.5315565476190476	0.6228666666666667	0.5325416666666667	0.51	0.44722222222222224	0.51	0.488	0.5305714285714286	0.544	0.5786169590643276	0.554	0.438125	0.529	0.547	0.5366666666666667	0.47389473684210526	0.542	0.4698823529411765	0.5053333333333333	0.533	0.566
TSs61	0	0.48570668217016894	0.03153095602665642	1	0.48826006683375106	0.5078666666666667	0.4673333333333334	0.4646666666666666	0.4183333333333334	0.543	0.5	0.5175714285714286	0.507	0.49833124477861324	0.47	0.473625	0.4458095238095239	0.446	0.4781888888888889	0.5117408906882591	0.502	0.503	0.454	0.4753333333333334	0.5303333333333333
TSs60	0	0.5524556220679906	0.0720924757702375	1	0.5625560222672066	0.5802	0.5679711538461539	0.618	0.423	0.632	0.494	0.599	0.511	0.4803809523809524	0.543	0.61	0.527611111111111	0.572	0.5114333333333333	0.5571408906882591	0.382	0.6358333333333334	0.6556666666666667	0.619875	0.529
TSs274	0	0.4637615423976609	0.047710741862045616	1	0.463	0.554	0.564	0.4036666666666666	0.4426666666666667	0.4822916666666667	0.402	0.5036666666666667	0.462	0.4282222222222222	0.4416666666666667	0.44279166666666664	0.464	0.469	0.49565555555555557	0.47289473684210526	0.5283333333333333	0.4063333333333333	0.41	0.4260416666666667	0.476
TSs10A	0	0.4889336913598098	0.05403658542582523	1	0.4915	0.5527238095238094	0.4693044871794872	0.487	0.4078888888888889	0.489	0.494	0.4387142857142857	0.5678888888888889	0.3743809523809524	0.481	0.516	0.5291111111111111	0.406	0.5102666666666668	0.5098947368421053	0.442	0.5468333333333334	0.5706666666666668	0.5	0.486
TSs96	0	0.5098194152661064	0.04264119124541034	1	0.5	0.5656666666666667	0.51	0.492	0.484	0.590125	0.524	0.46	0.596	0.4603809523809524	0.526	0.56	0.4836666666666667	0.5	0.544	0.5	0.478	0.49688235294117644	0.5046666666666667	0.444	0.477
TSs282	0	0.5070243513431014	0.09977057497215423	1	0.5157857142857143	0.5558666666666666	0.6039711538461539	0.562	0.327	0.504	0.402	0.5185714285714286	0.452	0.4656666666666667	0.3975	0.62	0.4854444444444444	0.513	0.5249666666666667	0.498	0.276	0.6305	0.6586666666666666	0.5653333333333332	0.58
TSs56A	1	0.46979260448916405	0.054304383203266346	1	0.46266666666666667	0.562857142857143	0.513875	0.454	0.4666666666666667	0.45866666666666667	0.528	0.384	0.584	0.4048888888888889	0.48233333333333334	0.41489166666666666	0.45325396825396824	0.48366666666666663	0.5047666666666667	0.5105614035087719	0.421	0.38388235294117645	0.4476666666666667	0.479875	0.457
TSs296	0	0.6271878935933347	0.07833658102815247	1	0.634	0.6420571428571428	0.5840544871794872	0.664	0.704	0.629	0.714	0.5686666666666668	0.656	0.4126666666666666	0.6125	0.5768916666666667	0.5653333333333332	0.714	0.5573722222222223	0.579	0.639	0.7672156862745099	0.7006666666666668	0.6673333333333332	0.59
TSs33	0	0.541996638371948	0.059514729997031474	1	0.5335000000000001	0.55	0.4716666666666667	0.57	0.5076666666666666	0.617	0.6746666666666667	0.4873333333333334	0.651	0.532	0.5106666666666667	0.566	0.45714285714285724	0.48666666666666664	0.568	0.4827408906882591	0.6058333333333333	0.5268823529411765	0.5396666666666667	0.5	0.535
TSs311	1	0.45020000000000004	0.06911439792112783	1	0.454	0.512	0.352	0.542	0.472	0.45	0.542	0.488	0.388	0.464	0.348	0.392	0.384	0.572	0.452	0.456	0.402	0.41	0.54	0.48	0.358
TSs68	0	0.6041607358942228	0.06607729960087884	1	0.6169230769230769	0.5246666666666667	0.6208461538461538	0.684	0.69	0.656	0.6093333333333333	0.6215714285714286	0.636	0.532109022556391	0.572	0.546125	0.613	0.56	0.5116	0.555740890688259	0.477	0.706	0.6746666666666667	0.6685555555555556	0.624
TSs104	0	0.497645768588137	0.05727917982482476	1	0.4886666666666667	0.5555333333333333	0.5776666666666667	0.4853333333333334	0.4706666666666667	0.557	0.582	0.528	0.611	0.40030000000000004	0.45999999999999996	0.456	0.40825396825396826	0.462	0.4676	0.4948947368421053	0.5323333333333333	0.492	0.45516666666666666	0.4595	0.4976666666666667
TSs58	0	0.4057639639162008	0.05422400710257584	1	0.40621666666666667	0.4987238095238095	0.373125	0.394	0.4192222222222222	0.466	0.432	0.4045714285714286	0.516	0.3406502923976608	0.272	0.37222500000000003	0.34892063492063496	0.446	0.4054333333333333	0.4177408906882591	0.4225	0.3906666666666666	0.3811666666666667	0.407	0.4073333333333334
TSs358	0	0.47754111721611736	0.1696459765930745	1	0.509	0.314	0.694875	0.552	0.594	0.1327916666666667	0.402	0.545	0.09	0.525	0.254	0.6606666666666666	0.6101428571428571	0.425	0.588	0.4618461538461538	0.493	0.4645	0.63	0.458	0.656
TSs82	0	0.44336125528281495	0.05548152993350644	1	0.4329156223893066	0.4935333333333334	0.43	0.4	0.469	0.4855	0.556	0.36057142857142854	0.5498888888888889	0.43583124477861324	0.428	0.404	0.40714285714285714	0.4866666666666667	0.394	0.48	0.4815	0.44988235294117646	0.3755	0.3915416666666667	0.38866666666666666
TSs15	1	0.4661999999999999	0.06275650521952622	1	0.465	0.546	0.346	0.4	0.468	0.612	0.47	0.48	0.524	0.426	0.408	0.384	0.515	0.55	0.468	0.452	0.492	0.435	0.462	0.462	0.424
TSs3	0	0.5878036820227417	0.06302511739829648	1	0.6036458333333334	0.557	0.4998461538461539	0.576	0.56	0.673625	0.666	0.6105714285714285	0.6	0.606	0.602	0.6052916666666668	0.5312539682539682	0.6146666666666667	0.5	0.6378947368421052	0.456	0.6458823529411765	0.6705	0.6375416666666667	0.506
TSs4	0	0.4747324162971531	0.06477602708301078	1	0.4818958333333333	0.5908666666666667	0.46451282051282056	0.48366666666666663	0.5238333333333333	0.480125	0.383	0.435	0.527	0.4098312447786132	0.375	0.36410000000000003	0.49414285714285716	0.496	0.4509666666666666	0.4298947368421053	0.425	0.5353333333333333	0.552	0.5130416666666667	0.5613333333333334
TSs331	0	0.4651592031171444	0.04983519422350892	1	0.475	0.552	0.44451282051282054	0.414	0.45022222222222225	0.5326666666666667	0.5	0.531	0.474	0.476	0.493	0.4801	0.485	0.4986666666666667	0.4699666666666667	0.449	0.41	0.4258823529411765	0.378	0.4785	0.3606666666666667
TSs314B	0	0.6626478486894081	0.04984920801683057	1	0.648611111111111	0.5962000000000001	0.635875	0.76	0.6256666666666666	0.699	0.7466666666666667	0.6572380952380953	0.7138888888888889	0.634	0.6366666666666666	0.698	0.6287539682539682	0.706	0.6384888888888888	0.620740890688259	0.5725	0.6638823529411765	0.7221666666666666	0.6452222222222221	0.652
TSs333	0	0.5054625397439678	0.061490752361247875	1	0.5001944444444445	0.5278666666666667	0.45966666666666667	0.504	0.5736666666666667	0.592	0.6073333333333334	0.468	0.6238888888888889	0.46756140350877196	0.4893333333333333	0.390625	0.4061428571428572	0.518	0.49638888888888894	0.47989473684210526	0.5456666666666667	0.5088823529411765	0.466	0.45966666666666667	0.5246666666666667
TSs7	0	0.5674203968868249	0.07221459633282858	1	0.5677410714285714	0.5645238095238095	0.656	0.608	0.63	0.5709583333333333	0.654	0.63	0.688	0.4755169590643275	0.5833333333333333	0.4373916666666667	0.5494761904761905	0.533	0.4257222222222222	0.5068947368421053	0.6325	0.6018823529411764	0.5335	0.5307083333333333	0.537
TSs38	1	0.4362691176470587	0.05100558037306532	1	0.441	0.434	0.496	0.42	0.448	0.346	0.46	0.438	0.418	0.404	0.46	0.484	0.358	0.542	0.414	0.352	0.398	0.5123823529411765	0.447	0.444	0.45
TSs10	0	0.5043205859010271	0.0430777887257352	1	0.49536111111111114	0.5385238095238095	0.5293333333333332	0.508	0.4935555555555555	0.524125	0.4666666666666667	0.516	0.462	0.4744	0.52	0.5668916666666667	0.604	0.492	0.46986666666666665	0.447	0.574	0.46388235294117647	0.4971666666666667	0.447	0.492
TSs48	0	0.4236745048518733	0.05868174529852667	1	0.4372777777777778	0.5094380952380952	0.484	0.4133333333333334	0.33422222222222225	0.4376666666666667	0.2766666666666666	0.4426666666666667	0.424	0.43688888888888894	0.44	0.44	0.481	0.492	0.36019999999999996	0.40840755735492573	0.338	0.416	0.41	0.452	0.477
