ID	ID	Class	Mean	stdev	Predicted_0.09	Median	score_0	score_1	score_2	score_3	score_4	score_5	score_6	score_7	score_8	score_9	score_10	score_11	score_12	score_13	score_14	score_15	score_16	score_17	score_18	score_19
TSs156A	0	0.6318469032812903	0.45174871753855567	1	0.96106666324614	0.9814947245873245	0.9951464130753963	0.9406386019049554	1.6562143078544166e-06	0.89145622201871	0.9990206876573509	0.9994346164000839	0.0006356979495109065	0.11712659606148682	1.2860530820860609e-05	0.9957685445445299	0.42282819079745354	0.025041481653651144	0.23766742758124954	0.9999915518304138	0.9995422855812363	0.03589164628064735	0.9999981708816853	0.9972495528053296	0.9979911372696632
TSs361	1	0.2127166733771549	0.3453892519520232	1	0.002614536327222275	1.4515109100030324e-05	0.001265695707082706	0.0013841193742139925	3.2279961131930535e-07	0.38910819983804973	0.003844953280230558	0.5245206779852751	7.205543271802286e-06	6.60586630941964e-07	1.5341332150023238e-08	0.00015184519039182596	0.21241981014968175	7.746002650382596e-06	0.0002846717611651013	0.1537447882071868	0.11953418968052139	0.026551794767341163	0.9753018376610886	0.9770712901440252	0.8691191284142481
TSs368	0	0.8542958920596988	0.23113942042365473	1	0.939592610376599	0.9994767755098399	0.9526169943349792	0.543047348591355	0.056488022773218224	0.9972862376376519	0.993710083286342	0.8511247532574617	0.984211369763377	0.8975631248177619	0.9650428108317304	0.9069099444079034	0.9990701453367833	0.7194927609088949	0.90137703465222	0.9265682264182189	0.5860695450371364	0.9989405448469246	0.9923662932964913	0.8261196102374518	0.9884362152482301
TSs49	0	0.867078067810317	0.2633696981238004	1	0.9886232263364945	0.9989227784607346	0.09993417305269499	0.999151862190132	0.9999232991692736	0.968703186529302	0.9901944923221603	0.9255757913325537	0.9870519603508288	0.9950216252872093	0.9988711452289528	0.8311340757661622	0.9953921054587406	0.6320750279006461	0.19954634014652542	0.7815119406067755	0.9584219136383526	0.9999356839224677	0.9846466463224633	0.9985733565443692	0.9969739519760008
TSs138B	0	0.517176138234265	0.4329710049540923	1	0.48595544294170556	0.0002304238472878429	0.5070151473776525	0.15381481421390725	0.00999260793833296	0.9807642654106105	0.9983664564416602	0.9966314488864606	0.003551167722488467	0.46489573850575866	0.26972365455120684	0.9905223132423218	0.6751055155763176	0.09941585096421249	0.019152760282501215	0.9997647956669447	0.15947403527846737	0.05896199814132477	0.9995397259270874	0.9582745770752628	0.9983254676354919
TSs22B	0	0.4083480334550763	0.4315037275525028	1	0.14646687986555554	0.786626989206212	0.001269237414263946	0.9672912761307549	0.005024009558805718	0.9903994517886269	0.9812982924739503	8.033008679941725e-06	0.02964153713874841	0.05142799873810521	0.9983185356759181	0.1179689197592194	0.6677339932456458	0.001084543965048823	0.000482653693687388	0.002852292957142438	0.6655473657510529	0.9992842150437782	0.1749648399718917	0.6619815909828314	0.06375489259716303
TSs287	0	0.49895704115950423	0.403107071694672	1	0.5812605716062615	0.13543643766078464	0.98938440795494	0.6937767035166004	0.8946064016067027	0.9700927379047617	0.4687444396959226	0.8537477218746794	0.023155338731741543	0.06575111659118674	0.9541998400549406	0.8317731462249591	0.0018577797372643244	0.4075338951168168	0.7049167395272214	0.07256511523000268	0.04372251489806139	0.99751068922443	0.008046066432040255	0.07496452524185834	0.7873552059651677
TSs383	0	0.1964477973091627	0.32036150276649344	1	0.04602237172303243	0.0007519501912113729	0.03585251332835225	0.00812131493987953	0.9587142107607585	0.04253054750644522	0.011965359433545696	0.03052874289124872	0.09669410170413353	0.04951419593961965	0.929111611428515	0.012641946144949288	0.009141509764770706	0.05389291707209782	0.00843651311886644	0.10584975850833894	0.8131752268637331	0.2333031045111312	0.02066945446163413	0.075401319349902	0.43265964826412057
TSs314A	0	0.8701366734754699	0.2801969434603994	1	0.994753809177721	0.9430798440921258	0.997184107747186	0.9813680919057669	0.8575127867124628	0.9973673751602934	0.999072716927953	0.9123161731877556	0.9942259191205667	0.9680088633322673	0.9978920689789971	0.16064119116545786	0.631866511271425	0.9995653147906399	0.9990720289693807	0.9952816992348754	0.9974856882377577	0.999979292563193	0.023336119563255125	0.951332404251555	0.9961452722964814
TSs30	1	0.4972543142798739	0.38837315848343	1	0.5231688966482684	0.0924677020644884	0.48014952698456154	0.08707008502565368	0.9994220944203783	0.17213898450255294	0.9953298120817676	0.3533158273451078	0.6433123328664642	0.9089880325421075	0.0003580835386255375	0.9740737375045371	0.16007856199346246	0.991737424887203	0.9608126161484741	0.7871002051107776	0.5811448565775376	0.13589235520891355	0.05345617529778842	0.5661882663119753	0.0020496051851022594
TSs291	0	0.1092773385181561	0.11028395297368447	1	0.09405462251644117	0.0003789689687910506	0.13415565843795768	0.003275307068862914	0.3448369956204275	0.09705743199471462	0.09105181303816771	0.0008759606753350211	0.04875299253658531	0.1136923434089242	0.1731136415780605	0.021564468543790676	0.27667100838272135	0.029936453682268153	0.0034772874511424493	0.16266374263667752	0.055880643786476454	0.13596336968045386	0.01287698485650549	0.36004927815923715	0.11927241985602309
TSs157A	1	0.5991366214260586	0.40369809047252087	1	0.6946981112222788	0.9609250828808551	0.3061341756611459	0.6481812903764951	0.0019345323937451978	0.43270790031911793	0.9545122290217379	0.11054591763354527	0.12499319404466454	0.0270122837998378	0.031116881124163314	0.15020378700257978	0.9218465748310511	0.993472198169811	0.6184888628013552	0.9936617035834854	0.9975740620672423	0.997724060192878	0.9835049125377954	0.986977848011603	0.7412149320680624
TSs27	0	0.587515710006978	0.34302848019067184	1	0.6786841925494354	0.9133666981893053	0.5916759678842184	0.9277451970137048	0.9997242390478142	0.6784037651133479	0.25619564915178145	0.7672310461329254	0.5756466734230077	0.7872701712143937	0.7820898809183128	0.9891788283751295	0.07091931852237247	0.6789646199855229	0.954206205129831	0.5134573361218674	0.8492235352472529	0.2535825386524901	0.0018381263283245202	0.06383284525286352	0.09576155843509314
TSs363	0	0.6840619252641191	0.4347280988239379	1	0.9548566469692406	0.9772727305442775	0.9922148031896719	0.6914078837516224	1.5158290133274496e-05	0.9324405633942037	0.9975589437187389	0.9997195418892079	0.000524760319610841	0.2727617682807805	1.4618545951547332e-05	0.8792126466672476	0.026156749326072624	0.9999897111677202	0.9198102864418969	0.9999679394402277	0.9949570116179649	0.0052613348127039244	0.9999958911458171	0.9993379116026425	0.9926182511358892
TSs9	0	0.4600353598361197	0.3822510397535549	1	0.5434657262230039	0.9419139804574741	0.05853985244982511	0.6500172579493535	0.5875287079299791	0.9405108848752349	0.9935003612096884	0.12251743991802055	0.823273999384858	0.021322619762168385	0.11182018590764253	0.5221738330714015	0.5647576193746063	0.00023953536963644355	0.01590746467735252	0.6518516964204137	0.004001175608132015	0.9815076835294303	0.41816775273708745	0.7862031559021768	0.0049519901879124155
TSs133	0	0.7063021687386837	0.4282294319060022	1	0.991775787965864	0.7667166783047523	0.5823631617710352	0.8903277027449849	0.009221221201716208	0.8825258119500425	0.9991950760349	0.9998910960239314	0.0016973933754337444	2.1948369836238197e-05	0.010568657628933513	0.9996539578853593	0.9843564998968279	0.9999995446561942	0.9992334745816087	0.9999886910524352	0.9996331596589003	0.001351305770208893	0.9999897868565858	0.9999043822506923	0.9994038247592939
TSs155	0	0.28680199646429694	0.34876107631170045	1	0.10948039568057474	0.16034865947471258	0.08497754271817218	0.1067857233903234	0.002370046333794124	0.1351411747323285	0.8860897363379345	0.103243644761506	0.05850554374715064	0.792724320814708	0.0223921747766342	0.9358459415879433	0.7753933438480705	0.0023164750577551844	0.023458170759084185	0.1121750679708261	0.055155779353750864	0.0006875302050707408	0.8824527353472399	0.38704775548508247	0.20892856258385167
TSs209	0	0.6231280981208774	0.35893233897739973	1	0.7514705387872981	0.7785292122779807	0.133098123995626	0.11909282332214835	0.996595929638703	0.9650279361176451	0.16825204421786064	0.998380456677481	0.21516702966186732	0.8459652583369097	0.7355180411811567	0.7593856625757865	0.9568434282799874	0.5013657618714351	0.7336606315216316	0.060461493088913944	0.0395428728920371	0.9791705318257847	0.7536356957946581	0.7493053817799381	0.9735636473599945
TSs136	0	0.5121480491085626	0.39977328466790646	1	0.6379515446329069	0.9872964067648097	0.007314882438047492	0.9987475681128346	0.7466127130797462	0.9940461326423968	0.3446552115674249	0.03769722268407691	0.10090789137525669	0.6156347187164148	0.9423820853252134	0.0213550663732709	0.10646658103990415	0.10865260351089173	0.003039546375700434	0.665724187959247	0.6602683705493991	0.749190303317797	0.9251102669373962	0.23088858484139804	0.9969706385600229
TSs22A	1	0.3746843692786399	0.40849937670975883	1	0.20898124288572367	0.8581802791472017	0.0032043447985201177	0.02299895793708627	0.00021887838579291808	0.7829372057813234	0.7296018488729765	0.08559956786373024	0.002184422897502794	0.26032686618273626	0.9982666524376985	0.17084750248364247	0.9989509309514967	0.0001970788947324379	0.023709024642371335	0.2471149832878049	0.9259721413261854	0.9913395305768812	0.0019467983263270683	0.09660062420981465	0.2934897465689732
TSs357	0	0.7360926999831114	0.3729100210214363	1	0.9866492220237009	0.989756570937409	0.9021034427117807	0.9669637886859569	0.6816769036703109	0.9976261702101665	0.9997260370924528	0.9992633916150936	0.42221413425305004	0.9999303048433653	0.2201064724828112	0.9997203157066266	0.99279321137013	0.23862966205103414	0.260488712915841	0.9999936556193029	0.0033269421500673017	0.07229067847923365	0.9980760968616343	0.9835418731099927	0.9936256348959696
TSs161	0	0.5855961269080792	0.39207805152120767	1	0.46569969939357586	0.08889082925665563	0.9995619031155384	0.42461543396677437	0.9976055767785448	0.9292359172250498	0.34642143670120595	0.025164279985649293	0.9996292071546852	0.9987001897477008	0.966278610378395	0.32754852975153337	0.4745360156859569	0.9771299255264475	0.9994766112978387	0.09537484408587213	0.9975398821217583	0.45686338310119484	0.2587894019905577	0.007870051512900024	0.34069050877732215
TSs11	0	0.31428534529220625	0.38212648425536616	1	0.07578750815130533	0.004794517298526314	0.011953398803558633	0.000529907273963284	0.9457319982175612	0.9619226712453044	0.05423453409625195	0.7146075099511184	0.0973404822063587	0.9679782807276491	0.7326660898400794	0.009119318427238288	0.0016483724656523964	0.010749059532229833	0.7545935185210442	7.309973022495963e-05	0.006172593916131834	0.44178680248368074	0.00034469105415763763	0.34039214811112356	0.22906791194226997
TSs5A	0	0.9761479283569182	0.051498033562387364	1	0.996130341195476	0.9998727198780257	0.9253674776248298	0.77617117370476	0.9993396682190536	0.990252211868574	0.9999238320455691	0.9993544691715389	0.9730328080939512	0.9903684050477377	0.9944370865665297	0.9908818208580781	0.9992154594838206	0.9852356721789316	0.9610019995400372	0.999211821905496	0.9423575699892615	0.9978235958244223	0.9992853286019365	0.9998280942272014	0.9999973523086084
TSs131	1	0.8150822816266758	0.2476820430095533	1	0.9225623862568093	0.8696346200732951	0.9091582089594376	0.9899326848757126	0.9359665635541811	0.9891706398798308	0.9632555468801635	0.8223859846766636	0.7735315074906134	0.010493749594404939	0.9833299313754406	0.5274437194092308	0.9461908491210819	0.5809660848152352	0.9053775099376871	0.9371917724941505	0.4846254431383131	0.9912043358078263	0.7265039208114136	0.9860165830516838	0.9692659765871499
TSs294	0	0.6897730050798694	0.3477439237652948	1	0.8751305300285805	0.6749080718902966	0.904520747939775	0.9998084174072586	0.991138352218839	0.6208017700202298	0.7623163862022478	0.9726375931620319	0.8650537183251752	0.1441785916640245	0.9984557183101597	0.9812823063631538	0.209956656424453	0.31524352039281817	0.10762958002003295	0.35407591649974063	0.8852073417319858	0.972066963640674	0.9785444727437379	0.9706610840335221	0.08697289260722962
TSs378	1	0.2744601651976332	0.27835191700943995	1	0.2327792014763049	0.3083837045053558	0.009558876799370678	0.03446958788910046	0.18351150655724724	0.4259598922273823	0.477676119907801	0.0819674895588816	0.49850365767365107	0.6952254333423328	0.44197548263476405	0.5069490538015575	0.41955862276691264	2.5114032987342482e-05	0.28204689639536257	0.003400467703224338	0.00560898072110487	0.9929085880035298	0.05799949277483051	0.0068435649399430365	0.05663077171732579
TSs111	0	0.36240390124673977	0.362716932337982	1	0.25540706868323937	0.21646613697730493	0.9276880572664027	0.665421798169885	0.06543783200551508	0.09900211561870341	0.2943480003891738	0.07489167395022311	0.06334386842671028	0.00795799599706279	0.024025581027592578	0.5142669566643155	0.10614165245555474	0.007403691350665409	0.6200002948963886	0.3089153486215452	0.3721669307289072	0.0005363478508702894	0.9876536609265716	0.896164761816201	0.9962453197952033
TSs56	0	0.4081276552494731	0.4230955705732775	1	0.20296150843826272	0.3774205083763702	0.00565823175246958	0.9603108580245283	0.019647667623394857	0.17237505983748275	0.08812269347612754	0.0622247926157671	0.9022146838449964	0.001856701879725815	0.9946370175978633	0.004059025365438425	0.9903581204283222	0.2335479570390427	0.013455249713599833	0.024395728462532684	0.024619485500285507	0.9389598175629654	0.9826909854425799	0.7367849138588948	0.6292136065870758
TSs3A	0	0.6618624347795488	0.3446082456841722	1	0.7950691249746131	0.683658435515888	0.3892063235600795	0.9908405125149009	0.4633512938141335	0.16071207016277583	0.9438777021285457	0.9720472172640366	0.999423770157948	0.11232738192998139	0.7699681841179958	0.5043613934561065	0.968436223091199	0.3102470624650754	0.24486823406473357	0.051835423547882516	0.9842648572642001	0.9956511768882755	0.9259383416182402	0.8201700658312304	0.9460630261977457
TSs95	0	0.9639069558462463	0.09054128457527391	1	0.9969717071105678	0.9983514886345572	0.9932059427817449	0.7850771177242933	0.9918910851352336	0.9260733634841928	0.9998488161278707	0.9988933978143598	0.9997930756642176	0.9980896376436041	0.9958537765775315	0.9933104040349168	0.999204808335784	0.9896967565848005	0.998886728944401	0.9813760028279025	0.6402464015463989	0.9994061103686209	0.9996626830456903	0.9903426882318317	0.9989288314169712
TSs2	0	0.2841685983796763	0.35695205198106356	1	0.1269524717249504	0.5255194704001982	8.29149246083196e-06	0.8847748972525573	0.0015660379730068727	0.2823981937863226	0.11593573191971797	0.000472573493761639	0.2773458510812638	0.001739300970507968	0.9896961275980616	0.052768984356597395	0.8052951531960385	0.013775674019960247	0.13796921153018282	0.017791625997545038	0.003905914151823608	0.9892055631705491	0.38655781144248896	0.16604710278942839	0.030598450971052783
TSs44C	0	0.1905172291296596	0.28578681054038463	1	0.0582674971966515	0.07975027144723226	0.013055090949239765	0.9879405068773787	0.003030673599498055	0.19497405747040408	0.022195543947862877	0.6192081695621443	0.000731244273114889	0.0062513121882522065	0.093597030568418	0.006748782404792557	0.03678472294607075	0.3778427665876539	0.10517417988629861	0.15463204863836397	0.0023725879573086774	0.760278420211405	0.3272518997999521	0.012498364690501975	0.006026908587298791
TSs201	0	0.18263935153444769	0.32531116095506196	1	0.018804853309931133	0.009302845210622445	0.7113902086430169	0.0066891333305610255	0.9961227597143145	0.008676186476233227	4.0475972229975124e-05	0.07278503260805917	0.0728692575675156	0.0053569865139324845	0.04975409204327733	0.015527258170439878	9.532860342050208e-05	0.0021978791902077634	0.9490897641197179	0.001307994894772297	0.20143216692880878	0.4708362477360292	0.04863279624252524	0.008598168273846888	0.02208244844942239
TSs217	0	0.3366711562257885	0.3242500613305336	1	0.2306426291067912	0.00906642717615002	0.0012572455735986865	0.0785597286457248	0.56890515579509	0.1563524903957854	0.09191424899888871	0.23635977998439098	0.822834132414282	0.28449415631785535	0.806838806386949	0.22492547822919143	0.8831082459783494	0.7576821696109867	0.24153537591145097	0.651939079232094	0.019393602050639343	0.008525940174781569	0.725560761048948	0.016351776720682585	0.14781852386993094
TSs168	0	0.6040468340379009	0.39520385498725574	1	0.7573402057046745	0.004406546498640546	0.8026203532516522	0.9798173095716796	0.5298839547518353	0.1883852432650716	0.15588336295246902	0.909032251508856	0.9900279096966343	0.09141262851706494	0.10587072298494117	0.9326495228278581	0.191739197230892	0.712060058157697	0.9895979745502202	0.8993103619513821	0.9938052736923654	0.9317638991519639	0.9846294365708249	0.6834177000992303	0.004622973526739649
TSs98	0	0.562321353560284	0.35888050757363005	1	0.5702762839967026	0.5222645890150067	0.6182879789783984	0.7606008193394942	0.9922476460664508	0.9872122351607704	0.9097321011694641	0.053715586913136756	0.9693469020009182	0.7770106144713846	0.47310641004310755	0.517816892082432	0.9212312277745979	0.19304360761438077	0.012519190858092557	0.0719958952179766	0.2141628472128869	0.9968842723318068	0.8069686640252178	0.3467866486505122	0.10149294227964334
TSs116	1	0.8880521166473571	0.22135690527782226	1	0.9964116078794647	0.9896679859572612	0.9203567739910787	0.778018293846283	0.12929230796239735	0.9974190544814917	0.998502944823455	0.9991275668798595	0.9901333118194126	0.6886737683970933	0.5465452394477879	0.9971400183637904	0.9988046572826548	0.995683197395139	0.7451534759709895	0.9999360375236501	0.9984707783794078	0.9882473869571938	0.9999425439287153	0.9999334583502465	0.9999935311892366
TSs53	0	0.7756910364692493	0.3651738312148018	1	0.978996849962964	0.8813940880447414	0.9991176654181331	0.9893354093512238	0.9765075535098424	0.8837765245354526	0.9949005361832046	0.1416597885757005	0.9939020940741236	0.014402802745930931	0.07656279390124208	0.9970432166254701	0.8025732298852957	0.9267310120638645	0.9978762125081029	0.9814861464160857	0.8094145566587414	0.9995780427426222	0.06749809943578014	0.9911917161456987	0.9888692405637295
TSs63A	0	0.3523186660483454	0.37542248129132927	1	0.19674618400732352	0.06654295610611981	0.7843202053476395	0.013445236729275452	0.9380298850847267	0.1277965675885924	0.9521089686130612	0.8710884255875145	0.9645705176103841	0.054817327388322915	0.14203256037073642	0.35397701697449635	0.4099950997007174	0.2514598076439106	0.3650538421405285	0.004735576130697886	0.0007708855212405183	0.7318271878200627	0.009495519632716507	0.003178098163058601	0.0011276368131071207
TSs158	1	0.11408455408284454	0.21566807236008884	1	0.017226889859937394	0.020990530561661967	0.05109279321923673	0.0903455826463068	0.7541427714572788	0.00041175651364538994	0.0023771144434361533	0.1692986218380198	0.39563088594725543	0.013381759167429222	0.0006279083499078499	0.07580791498640953	0.012808301863529976	0.0008497897118828655	0.023901162992501803	0.6093149786170011	0.02489797082696642	0.013463249158212821	0.010710941092249826	0.00543938024795038	0.006197668016007725
TSs269	0	0.8752055413376707	0.22054719558337854	1	0.9864414040758298	0.9890673679508385	0.9750259414199682	0.9861516130390331	0.8803887219130809	0.9991517688362886	0.9973096748390713	0.9999241209713879	0.41427552598497797	0.999631828661418	0.9963620066801543	0.9867311951126265	0.9999764995328788	0.8564046866057384	0.952318494961012	0.27402977805406986	0.7213233378956433	0.9981544060099197	0.5007575502318323	0.9933770894790095	0.9837492185744623
TSs317	1	0.7514368789925986	0.33756843361144206	1	0.9651671994581275	0.9945763426805415	0.19921280718606182	0.8632838893690942	0.368229076763969	0.9587899140951879	0.9971355338664178	0.9995402394163305	0.9778164432969189	0.9770231774654237	0.7473086000637515	0.944950832721503	0.994843124534367	0.47489453432698037	0.971544484821067	0.3843188599126389	0.14919890652349146	0.9782159056756616	0.055527529070775114	0.9987637727557603	0.9935636053060353
TSs49A	0	0.0370111297636909	0.06390394893561073	0	0.004718444770171461	0.00236341452618007	0.001273241274816023	0.011667865926453884	0.00020437518411202345	0.006330954528308757	0.037501164967359016	0.00015293149471246918	0.0031059350120341647	0.002712474926170731	0.0005602772225525621	0.11933876046279991	0.035268354285958134	0.06335707952645171	0.002166013681041744	0.25336418750888845	0.02933685498123973	0.1324774966965982	0.035531642653268615	0.0006384734784714699	0.002871096936400269
TSs417	0	0.07212384987753877	0.22018820996460545	0	0.0022590601651346085	0.0005306317056038007	0.03661425212088925	3.445126020184332e-05	0.9831304070737462	0.0005699593313457038	0.0006284148905305536	0.0003927022852055161	0.16109669171166577	0.0019012524629020196	0.02538845111976507	0.0026168678673671977	0.009951555895348803	0.02418870465922089	0.17234455239143323	0.0005204040638402633	0.0007599535705947794	0.017745180540172455	0.003769631969570176	0.00013028372550281895	0.0001626489058689113
TSs195	0	0.9613632590050554	0.09436185710833087	1	0.9974583575341194	0.9377857340918075	0.9806807389424013	0.9975064686974883	0.9996972112951821	0.9992781320417395	0.9999582274599251	0.999968084392497	0.7398393549481092	0.9990551102711824	0.980524218228097	0.9996579065103254	0.9916741286159645	0.6450426781660072	0.9918681593313551	0.9997650158764504	0.9974102463707505	0.9909485289004519	0.9990498610706825	0.9776238627145113	0.9999315121761806
TSs371	0	0.3951628491035872	0.305957672661231	1	0.4328357831669186	0.016618776537630685	0.03740824939555119	0.07215119489432313	0.9972123281832519	0.17384873247013066	0.07297353601957991	0.4095523001532926	0.7021946154794211	0.6735324747541854	0.04202740511784304	0.5328905098958382	0.5799988282538203	0.06827364162671083	0.5635055667811654	0.4451882277882681	0.4207308745187723	0.44494069181506496	0.9846556762341863	0.47735019481649205	0.18820315733621695
TSs23	0	0.09731998093302628	0.19527355256413842	1	0.014610868995000088	0.0013189037683468182	0.005002853117380915	0.0009274121071669787	0.09064546606236545	0.10836318783032202	0.04134067219127261	0.04015283088952941	0.050848409515822215	0.0010360943261753736	0.8416756795176548	0.22421828332464705	0.0003208924944545424	0.003627970300062535	0.02421888487261926	0.259406743282215	0.0009114422706748796	0.002086040321722317	0.0002750090450797367	0.002154104891807985	0.24786873853120595
TSs51	0	0.8273413082005595	0.24629699848085682	1	0.9757914802244516	0.9998361541767218	0.98911154608275	0.9740007649672565	0.9834887641530226	0.5803855657382981	0.999238861753563	0.9898680221595749	0.9993889746295805	0.5828734464506907	0.343285682384233	0.9799322822444618	0.9775821954816467	0.8860233416474367	0.9995820375017346	0.9399329180403722	0.9688133900785619	0.9997423303288685	0.5650791461437015	0.5060952756418201	0.28256546440689656
TSs59B	1	0.17828669695898422	0.33864002339360677	1	0.009536330162050681	0.803467448035291	0.008456835370440794	0.9940592179714806	0.0001704969102368262	0.21921747158458932	0.4496434095277271	0.0002335025832003028	0.0534077074291888	7.805297978679783e-05	0.02955445965647327	0.01061582495366057	0.012957206758421894	0.0006830749460706371	3.269158106343834e-05	0.01724149505147309	0.0009132319685452586	0.9624230076588266	0.0013983108893430287	0.0011796090209932166	8.843028716769443e-07
TSs365	0	0.736165389143106	0.37629628540620136	1	0.9921499522194834	0.9961093764683125	0.9993487246048083	0.9978044919576686	0.13906557143847273	0.658229404269502	0.9925618336407427	0.998403778263953	0.7099584881933971	0.014676019320051319	0.0007451171389015292	0.9995922880855506	0.9225685439702885	0.40858974168389167	0.12555492998289383	0.999871982832384	0.9917380707982242	0.7754241642796897	0.9998588298759813	0.9934369620076813	0.9997694640497269
TSs224	0	0.6820430096709806	0.35042139882762724	1	0.7880290981505006	0.38006087111076875	0.9943888167242161	0.855157865715676	0.5779639334635369	0.9965523817068708	0.7778495909044515	0.9998054904830029	0.018906803743344202	0.993234969292454	0.6811840509759038	0.9921151150079336	0.5338276062296105	0.611761389651823	0.0009377585351319227	0.9977122347385428	0.7982086053965497	0.35099600552800375	0.9931213508703237	0.08907776891538857	0.9979975844260804
TSs325	1	0.5503931885911356	0.3649072060160215	1	0.6870465875880059	0.8841336486070641	0.8960722208823586	0.8686561691074236	0.9980296698608452	0.9359757462312716	0.6330579702297449	0.7465462005640983	0.16121456154686023	0.006394159772288774	0.8263019123292727	0.6629709906023448	0.0027476832202420116	0.9884043444013038	0.7243631511256641	0.7111221845736669	0.03381588294936201	0.38926058704594524	0.08646881714798406	0.20266531704163585	0.24966255458333828
TSs119A	1	0.6844087336165504	0.32606634325559364	1	0.8145235408014798	0.9929622282575724	0.5099310656835533	0.9440405686731487	0.9472348469904588	0.9482683740866329	0.9525039353244503	0.833754342995334	0.6605422943237271	0.7078308025166224	0.9663249505492032	0.17136496886598251	0.19154099702445504	0.4628956215410036	0.9995954946451199	0.5657620460191557	0.16254368877646475	0.8699316641337337	0.023350493856092763	0.7952927386076256	0.9825035494606742
TSs166	1	0.9154253348524485	0.18174316316521863	1	0.9967383077892243	0.991258437487623	0.9966124977723763	0.4171183390064709	0.9894926999986279	0.9968641178060724	0.9437589808822207	0.998758814315101	0.5623349810161163	0.9988121305341289	0.9499761265856759	0.9978505285936624	0.9997904194078926	0.9646825051736094	0.5183328956115001	0.9998003845622976	0.9857797874363309	0.99903241957459	0.999980104947549	0.9995568813256236	0.9987136450115005
TSs297	0	0.7024132072807523	0.3986319442115112	1	0.9877642097095378	0.993182949086342	0.004410860923041318	0.3183677302716365	0.0008573136822892729	0.6817890698615529	0.7478354485326926	0.9996144872431095	0.3444925713946707	0.9990884785161975	0.9975326834876418	0.9995968621843095	0.9823454703327338	0.1248727249712322	0.026064864058686098	0.8357595518386555	0.9998732463361875	0.9988471153823971	0.9996119448045363	0.9977929512137695	0.9963278214933653
TSs338	0	0.7262453551885569	0.3292898914502099	1	0.9173479826994058	0.9565879636672457	0.9919931121310764	0.5783004969032908	0.9959289311804586	0.9086072919131603	0.013923920497272788	0.9340668570111664	0.23717656457188624	0.794150302867186	0.6681516302585035	0.9260886734856514	0.3133316954053087	0.9769468709394677	0.9793880935812657	0.9641744185956468	0.9538316784485987	0.9830116086831386	0.6066055116864768	0.7125887583796822	0.030052723564654004
TSs293	1	0.6973880975336334	0.343911731719604	1	0.8639413401893496	0.9998339080234947	0.06319188636597738	0.8987306783102005	0.37011680579852047	0.9863797490160775	0.8888487495450755	0.9656096512090573	0.8390339308336239	0.3737542686825868	0.9228902113666025	0.9932621348885	0.9947292006696835	0.01628347756441297	0.39457490868692885	0.8280054261827412	0.2945208274932683	0.9995179739914937	0.3284842968156755	0.9992813969732095	0.7907124682555368
TSs24	0	0.8815082883284079	0.17015105802121033	1	0.9877004301657342	0.9951490747164465	0.7562556212755125	0.908860712094879	0.7486548061987646	0.9878904096359225	0.35660490857721605	0.9936810493622479	0.6915750335822035	0.9142016746924557	0.7904348041011158	0.9875104506955459	0.9986604003981406	0.8793611438184654	0.647100721023397	0.9963337424078942	0.9972145512398917	0.9982017886848782	0.9952213459713163	0.989169707820977	0.9980838202708855
TSs334	0	0.6146397356168566	0.38901705873563075	1	0.8068779959365728	0.7351497121714302	0.8018033327388078	0.04163460190376618	0.9998555747926219	0.9516563734250946	0.17605568109356962	0.9558246691644322	0.9961872542383937	0.8770018434899562	0.9924353804950447	0.8119526591343378	0.0482615080065566	0.042504781836022146	0.9879179796700557	0.16599284033468809	0.32906834622569314	0.9465865224925831	0.12135387329800754	0.42833784956673	0.8832139282593432
TSs1A	0	0.19775308166294533	0.3202282496409073	1	0.0023214085669154864	0.8694590069936052	0.0058563438010251125	0.4906220033054625	0.0001048630908645898	0.9947760962178887	0.04624726931089761	6.553377776763676e-05	5.4052679131159685e-05	1.5216735152638375e-05	0.5238058746082777	0.00013409592017629075	0.00010700139315065953	0.0032106329281127387	0.00016838814814042658	0.0014321842057182343	0.08292333903663482	0.36128466425759814	0.5747109738503311	7.930103933505112e-05	4.791959636194763e-06
TSs266	0	0.7421988740299502	0.317621129117501	1	0.9287796233029713	0.9791183132356714	0.9853339800888404	0.9631061940873927	0.9966509737069118	0.9624800068682355	0.7765108681266479	0.5835253038883313	0.9974953418070376	0.9885647384283829	0.9997954575532546	0.15866349279236447	0.8503857377312976	0.5886543601018885	0.895079239737707	0.9893732301435241	0.23805421120317025	0.9812616234709189	0.4903747342703152	0.11245617025504577	0.30709350310206734
TSs277	0	0.24396643604138896	0.3227298871340385	1	0.07900679565841806	0.10720542260713933	0.002575632089247178	0.5136488275398008	3.087097803369001e-05	0.0013288947629495832	0.0008308577197567957	0.6594113694613586	0.0030258877462195906	0.00110942455389985	0.0035603905148393965	0.017805924613716214	0.6972636782087713	0.08508996786617967	0.07292362345065644	0.6260703168429742	0.9531300077562334	0.2590632772604995	0.7640724689451799	0.019730745473979485	0.09145113243634408
TSs60B	0	0.07930179705355153	0.19273278963989574	0	0.0017108886132533208	0.02979985954506932	0.0004491772811831526	0.7597058306397918	0.0026889843516772795	0.10616595445720002	0.0005145032917832041	1.9811097162491642e-05	0.009414325718732956	6.759317250724138e-06	0.4331238422577655	4.5836761862068434e-05	7.865607104196385e-06	0.002493807863531184	3.9749557812222555e-05	0.0036711760898921787	0.0014460307969739728	0.23348832658713267	0.0009271021676177958	0.0019757464295326686	5.12512519552122e-05
TSs303	0	0.7644898754326288	0.30877712497823895	1	0.9117797994787695	0.9085917797004602	0.7950722178734122	0.9640169520224501	0.9936692387201806	0.607909001109163	0.03919874694579446	0.9927923423469832	0.7971526375426534	0.9259092988726001	0.01567069012373936	0.9149678192570789	0.9488584895485777	0.5233340841343207	0.9973555254808448	0.9926668072794169	0.9779868232720891	0.6092107005015561	0.9999466654516371	0.38672752806428756	0.8987601604053308
TSs120	1	0.7982415780042484	0.313104358184907	1	0.9717740762642348	0.9619189835960559	0.9996384771938184	0.03015959319712307	0.9975381060956489	0.9994778275834498	0.9984785676071999	0.9753281878493916	0.6547893816406803	0.9682199646790781	0.704305870945738	0.9930323488467475	0.9443469414895768	0.997255145832311	0.36789965652120427	0.9868875081454249	0.1854525907716013	0.999110653989206	0.334387816215389	0.8692433592825034	0.9973605786028189
TSs132	0	0.6113537709395165	0.349368741098178	1	0.7129459931688007	0.8630836972431668	0.6923140524286526	0.971605415572497	0.9992924755249002	0.3489179619282053	0.7335779339089487	0.9879477560710439	0.3219337451610219	0.012340315396539936	0.9454834096073425	0.9845781959220165	0.8802498436370145	0.120552436552302	0.47055383992622274	0.41376062485707943	0.08430840207258848	0.8603489505967976	0.5826608693849665	0.8646493391976611	0.0889161538013621
TSs78	0	0.18225252923215354	0.24939011365046052	1	0.049121762492922647	0.02847226111723099	0.0009811803017228712	0.0006778752562591158	0.6519932357979358	0.41358116856905996	0.00011384355279380966	0.010314248439498422	0.3325092631236866	0.067000315151179	0.3076679192172281	0.00013616136351103262	0.015282077978499842	0.2063784405631855	0.0015131244559366385	0.10414316489989202	0.9069809674529524	0.24615346664676277	0.31843485840147573	0.0014738025195937885	0.03124320983466628
TSs61	0	0.3477952919847243	0.3473570282501309	1	0.1690131351052972	0.07835066616877351	0.1782894182955441	0.1114734530321036	0.9904879523446152	0.0012287585626854964	0.15973685191505027	0.7590911653927865	0.873450534319255	0.15834389719039513	0.693756141779556	0.09445229138577681	0.02899954742183088	0.7165486031856009	0.9447314097212541	0.3302919099412699	0.0015475939895363308	0.2779173576773372	0.44816664937670864	0.06897301637147309	0.04006862162293447
TSs60	0	0.43114935993614034	0.42514479637790514	1	0.3232708842588785	0.9424495797430051	0.8109649329224242	0.8371565518348731	0.001325561353808606	0.009880792395457902	0.6293146226174007	0.016592337442759588	0.8411180974327543	0.02436443528174677	0.07594473562209908	0.0012888070445633123	0.9074239692157743	0.09873943969912231	0.027023226043623286	0.5478023288186347	0.9203951037668834	0.9974598588975515	0.9047574006352272	0.015904146130961277	0.013081271824138041
TSs274	1	0.8512302634042765	0.2269818702164985	1	0.9525965560700784	0.9893221612521196	0.9977890467959009	0.9816345790936565	0.6776607356904606	0.9818109454224888	0.9960388274409744	0.9683413752587582	0.029107565274837124	0.7699230803031286	0.998002171498748	0.8260238451539622	0.6344832306435843	0.6962023826851305	0.9368517368813986	0.9926242682284873	0.9074069004886458	0.9748900357051214	0.8178087904953188	0.9800775478304187	0.8686060419423937
TSs10A	1	0.5215993777830541	0.38919040234640473	1	0.45702354763628683	0.773511724093564	0.7443180789173911	0.9791353482477474	0.04596968667929546	0.28934388945466666	0.9594921702192302	0.040788259194052004	0.4522278979856934	0.08683571541168611	0.46181919728688026	0.934606849561932	0.9241251797582605	0.2064469743173228	0.000546760634978563	0.9665988908641152	0.30507332116468694	0.9861059919413454	0.28836891040244433	0.9596639438970872	0.02700876562870256
TSs96	0	0.47733785617497776	0.39068637104745063	1	0.5305579005759906	0.880677894811883	0.5659048985273617	0.009143683010532885	0.9990594423915661	0.5849492444913578	0.3843656106328874	0.18915007173385748	0.9468449075306725	0.9918015354591463	0.5154529022995098	0.7129310944027574	0.08509013114429377	0.9373982686536155	0.5456628988524713	0.062291074773304235	0.09653206420135578	0.9925157716712036	0.03300040607225607	0.012429989638514603	0.0015552332010082544
TSs282	0	0.6937818024043925	0.4154753002514246	1	0.9741851207437726	0.9259252505428883	0.8760004231489337	0.9999340918113453	0.0004511133475720463	0.9834598731496176	0.9998805858278372	0.058719113827678436	0.997240710639784	0.5968494333565324	0.1627331208654581	0.9672296177149374	0.9943363050929822	0.2821041106759121	0.0032065675190751366	0.9998719973221684	0.9821735557917858	0.9811406237726077	0.9998661859022603	0.9997230806923847	0.06479028708608897
TSs56A	1	0.23030248158091382	0.3518187763944997	1	0.02613236133273284	0.0023069996428943373	0.9879526817787254	0.009681068134158645	0.9884862922215965	0.01864552492739066	0.23072317312238919	0.0016941638015081297	0.7847527255563251	0.04831440827718524	0.02330412744195118	0.03617903908710296	0.026673355588221818	0.6007781209064716	0.6257865827044524	0.000389131338918688	0.025591367077243868	0.0061024559341796855	0.17786277476813092	0.009594086567566716	0.0012315527418648995
TSs296	0	0.34788627406850486	0.36493307310109985	1	0.2199708043714412	0.3272748916115814	0.0013188846777177005	0.9311568933147819	0.004712156897278909	0.6505337654518818	0.24037845787916448	0.07710828477621526	0.19956315086371793	0.49817289493813427	0.9995886657223841	0.1366577620106896	0.974488488901013	0.008323417639056743	0.005692076763504905	0.0032241801291336505	0.0015592434914883954	0.9458176495734374	0.3882235965165188	0.40411672603212573	0.15981429418027143
TSs33	0	0.17052170619914317	0.28562178094487295	1	0.008709624653710035	0.005689089679463547	0.012780309016929517	0.5277653982677905	0.741673788046491	0.0006264363105066837	0.8504795831136112	0.00011719148374696022	0.057830071679306046	0.5759515037832108	0.08408634512682828	0.0036160708392531265	0.045837555690435065	0.00033420478734569537	0.48480741916986625	0.00021402434725959537	0.001554050966020577	0.011730159627956522	0.0021272962916490837	0.00017308042721684967	0.0030405453279755672
TSs311	0	0.26901429647212144	0.3241137329765998	1	0.09569143795362162	8.701954596375046e-06	0.7103714149550445	0.0005480890480238931	0.006711397830623539	0.08417380897945301	0.0003662460023680878	0.15020862694974405	0.640742449176494	0.10720906692779024	0.8401235291875803	6.351867159921293e-05	0.7151748888712641	0.0038402124202355976	0.5023469787393291	7.58518256058716e-05	0.826961206982913	0.5467457290403344	0.1702376579216849	3.745241764002433e-05	0.07433910154010348
TSs68	0	0.2118073791467523	0.34595885699814943	1	0.029050942893605474	0.5305849426963929	0.0027077484794625815	0.994691034170465	0.00018152913774347262	0.13520849001641339	0.8492341670712497	8.498265415505737e-05	0.008918277573103229	0.00027619643133936547	0.034408909418387645	0.034282190222648945	0.27013581310088447	0.00012917450748276877	3.950177976954305e-05	0.32147897007203546	0.023819695564562003	0.9899941323052606	0.0012829712163240363	0.03839187809533383	0.00029697842203132784
TSs104	0	0.7190788906340424	0.3285450573953395	1	0.8999774471274351	0.6242208763910653	0.9997199281236844	0.996977974622086	0.9994217237350146	0.49018531252823827	0.9773158137540947	0.33201088505102594	0.9401442801713402	0.38326579655182724	0.9996539400200496	0.96898223964882	0.8257439686759332	0.8877341795429626	0.9989320045940714	0.9122207147119077	0.5666171002737602	0.9759950621504956	0.002055120217373439	0.3863397608563912	0.1140411310607096
TSs58	0	0.4250426700883179	0.41387772015655366	1	0.3411294426465102	0.020312405687082986	0.7753362386787945	0.5759200089489287	0.9998383753284266	0.9722311019120956	0.012393811146382773	0.0269019552917527	0.7879346446227397	0.7434886793360631	0.9671731800469602	0.808039834137945	0.041896398965914544	0.9569428819571969	0.09289218232326048	0.0034677281141130877	0.02383969772237413	0.15764983362560347	0.5246090516674169	0.006545284489733752	0.0034401077635739644
TSs358	0	0.9999999131402839	8.73054484481e-08	1	0.9999999388259324	0.9999998361218332	0.9999998898731112	0.9999999776961466	0.9999996484245607	0.9999999759887118	0.999999977865625	0.9999999857148958	0.99999984671692	0.9999999250614137	0.9999999545048158	0.9999999199420342	0.9999999508934239	0.9999997573760997	0.9999998820132544	0.999999926758441	0.9999999810131971	0.9999998967001398	0.999999985110827	0.9999999576821048	0.9999999873481297
TSs82	0	0.14597838858532022	0.3091580688984026	1	0.011347096049805022	0.0007131212686264675	0.8913766499396333	0.00010201194804454033	0.9270172907861921	0.02697332202558412	0.0008318708192399564	4.159042029783351e-05	0.05597096410892434	0.7489249697495866	0.044973212797421246	0.03220349754210858	0.0005853297915900034	0.012854991713696843	0.13985174359426458	6.036842036718043e-05	0.00029880505327347235	0.0015954864931848095	0.0098392003859132	0.02534935690143664	3.9879470187322766e-06
TSs15	0	0.5432477813789379	0.42766681637707854	1	0.7624356745080798	0.9424365264386855	0.9992782520060974	0.13275932900387896	0.8543675625539311	0.5530221278810569	0.6724486401557652	0.9011421840096484	0.9775483362114012	0.009974291409209333	0.02448494028287631	0.8930855654243891	0.9597829361002773	0.9062209930055929	0.8524227088603945	0.008938560340254396	0.12122293144836495	0.9630149856572797	0.0028452878421523246	0.0890179744282704	0.0009414945192316515
TSs4	0	0.012962765832172304	0.02775845764683015	0	0.00039486994309529365	0.0027344450865112555	0.003829636743571853	0.08652671043684589	0.0029927520368013705	0.0002044515683532519	0.0001782838056863815	0.0001630918532644143	5.867627023259192e-06	3.5594974026661623e-06	0.011280139988559219	9.499234099126963e-06	1.5769288808134754e-05	0.0003918872400943503	0.0003978526460962369	0.061717269668957415	0.007656721674231188	0.08054297446038829	0.0005743603785101436	8.406961106655244e-06	2.1636447134980514e-05
TSs331	1	0.7534279263022668	0.3377741737073263	1	0.927582431338212	0.8140765546262906	0.8743297699591945	0.9104813146027447	0.9765737014702107	0.4618558412807047	0.07865823911343321	0.9976959034515003	0.3036463650729327	0.03522037687959836	0.5731496681612168	0.9313474380040716	0.9935804954277017	0.9894953357742963	0.9238174246723525	0.9989599256284636	0.9733403167752885	0.9987860754498228	0.24041722492956313	0.9991578645176779	0.9939686902482691
TSs314B	1	0.27244381915491045	0.3259152713616595	1	0.10533289472366528	0.046540741928155646	0.06389962500217826	0.5332059312963295	0.3795288549416241	0.023129167469083247	0.40411171944254876	0.00034502226826533936	0.8790010057511428	0.04588068174298722	0.03278500615178821	0.051717100191397386	0.5817503210326627	0.0037494168653465472	0.9712271057456632	0.0014431888558662485	0.8544154148184386	0.2543914493099848	0.008610001659070643	0.1467661644451523	0.16637846418052374
TSs333	0	0.2694605532843166	0.3115145441799898	1	0.19533215209081015	0.5615508619300517	0.26072310410892724	0.1721531591660408	0.9996505830102652	0.23577958589266643	0.0003087747405473391	0.06872375111408706	0.91470735899093	0.27668607429173464	0.7023895742251781	0.015755588102307497	0.02068021759623516	0.08897935494114835	0.4362131050165345	0.00013015505273866846	0.00018891954571732518	0.2185111450155795	0.0023843126529727652	0.4125173157769632	0.0011781245157053283
TSs7	0	0.0554918539337832	0.12384589784548183	0	0.003004661380045742	0.01164518363522459	0.0014027398236627772	0.08743427285587362	0.002326621112769171	0.0006070960446080608	0.017060135957747132	0.0007900998520806787	0.24245057027569364	0.0001010450364324188	0.4967891130745932	0.005710453950523926	0.002591743368390723	0.007635504404529317	0.00014714102825009223	0.0003234027679476904	0.0034175793917007613	0.19513034436319934	0.03403562700909908	6.688198231817442e-05	0.00017152274101955788
TSs38	0	0.7474316337178173	0.29723537885373746	1	0.8767080993012617	0.8912224077702925	0.1977338542900957	0.9754771323609074	0.6211955697665634	0.0594352683511618	0.3084477279387074	0.8621937908322309	0.8121698019016999	0.7222427311473679	0.9430538485730569	0.41278749066415144	0.9863968794705056	0.9892755326530626	0.7592940913192169	0.9195047555455498	0.9941466685497388	0.5023252564143003	0.9998552334419213	0.9999572373526769	0.9919173960131354
TSs10	1	0.5300014346095259	0.3931993522604902	1	0.5465049023629633	0.6664762499211516	0.4265335548047752	0.8159164343570605	0.20845275478046565	0.41053365689348786	0.9489831594885522	0.9957564115741052	0.012665952922836437	0.2838989899277231	0.10712433535462448	0.08805261745987579	0.08835214027318646	0.023579843177831652	0.039548221457643265	0.9815270740433811	0.9497962177047597	0.8498296981814727	0.9307469248659505	0.7737834559822439	0.9984709990193891
TSs48	0	0.31424352815772705	0.35874531386476355	1	0.21441647275735365	0.2888590350471759	0.0006991974442405907	0.013941982692066089	0.007291336398516127	0.0013136131217305308	0.15628438543758166	0.8416440477944073	0.8029300646694955	0.007231546814663112	0.5790284259371874	0.27254856007712563	0.28134606615115676	0.7540303811904373	0.2952951232435422	0.9183820135171886	0.0024059220995618458	0.06248473560283352	0.983343370586413	0.015645227499022776	0.000165527830196414
