ID	ID	Class	Mean	stdev	Predicted_0.04	Median	score_0	score_1	score_2	score_3	score_4	score_5	score_6	score_7	score_8	score_9	score_10	score_11	score_12	score_13	score_14	score_15	score_16	score_17	score_18	score_19
TSs156A	0	0.4937545890151577	0.3987799068474178	1	0.4392247883898396	0.6957997350552519	0.04410362805304536	0.2727972987957773	0.560588539629254	0.9654888181429249	0.3178610371504252	0.9979637013439605	0.3055343148163215	0.9998436455343261	0.99999612609027	0.0605234806723292	0.015962509941911122	0.034827397310599424	0.003686678684006872	0.07965564137528332	0.2256118065782156	0.7429137185165697	0.5736369609581857	0.9784585261314444	0.9998382155230516
TSs361	0	0.38576435304417117	0.4552282621113892	1	0.09891085968598093	2.2664904805789075e-07	4.103494927191454e-07	0.12673898522999447	1.3709253817314977e-07	0.9996627914925525	0.9999916442248081	0.9978693825530769	0.9930156350413373	0.019882815694091137	0.0710827341419674	0.4471349507947415	1.8450274466368652e-08	4.543615920483954e-08	0.05924341122463746	0.17576317398287353	3.6543886128859516e-08	3.507421850467198e-08	0.9886061003533744	0.8362961324326006	0.9999983941217516
TSs368	0	0.9464551401483872	0.1463113270894376	1	0.9982240917765388	0.9996087848520538	0.999324607208992	0.9999182755445938	0.997259403243728	0.9828807187392955	0.5924482834299183	0.9993406568529747	0.971080040764342	0.9998537753308014	0.9992596047080524	0.9982688237628318	0.9566679558997879	0.9978854824258795	0.9999950701754537	0.45707334194246174	0.9926799192876431	0.9981793597902457	0.9991976400922368	0.9993479998186351	0.9888330590978176
TSs49	0	0.33170535488889374	0.4333724884971481	1	0.03382363321965346	0.007119821946083534	0.02010983398476164	0.9915289579344634	0.960739148828789	0.12577607847425354	0.0006962025861893787	0.0015662742197401398	0.9503877749358853	0.03664669045098901	0.00934301247462637	0.544117526664487	0.0020344572774143813	0.031000575988317913	0.01459011009096069	0.9097876026902212	0.9473588765388441	0.007212120231987695	0.0078063991347017865	0.9519849353074045	0.114300698017754
TSs138B	1	0.35692948564449056	0.43250802693270846	1	0.09172886403199582	0.07636311046737031	0.00010959911300394597	0.0011545458683493565	0.13252230847482635	0.8400720805000659	0.9960060249063172	0.024547659221985336	0.9995390562287182	0.8054669788660648	0.8405777673133636	0.10709461759662131	0.06453248580722722	0.00133568357533588	0.0754561419238744	0.0018711171974613793	0.00045133675038447433	0.0012131433459420886	0.9993672727690542	0.18519321345655487	0.9857155695072908
TSs22B	0	0.09436569239927063	0.22092693857557325	1	0.015932058205112225	2.3480484018869315e-05	8.420864988309367e-05	0.06701091860150464	0.9235260886415608	0.040818507890366375	0.02534066128895602	0.026151563727152573	0.006523455121268431	0.0005750974457595598	9.80170504422698e-05	0.043883873378345165	0.0003220337750169586	0.2017981741187822	0.0001488438714288202	0.06790601127023092	0.03928497418565103	9.663642201599495e-05	0.00037932224142392255	0.4429830263680029	0.00035895345360200195
TSs287	0	0.3866871362842497	0.3686714789358849	1	0.3593771522613596	0.008356403270517086	0.5911697894591639	0.8079722842231619	0.6801710126408965	0.790664490032342	0.0007185304204891256	0.013296936023727444	0.026087332620804957	0.6831562718467803	0.4900583900541762	0.007910109953969999	0.7775901908197133	0.9965762570040313	0.030019433514011123	0.23478258360771723	0.48397172091500196	0.9333729683220789	0.08388572153190581	0.09367008927488626	0.00031221014961965135
TSs383	0	0.4045590793490244	0.34982319081400326	1	0.2995093184216765	0.2706921581547101	0.34899240145308713	0.09031756518657821	0.006881858623861124	0.1667679981355245	0.1503650598072747	0.5117300304175078	0.09034054945770656	0.9628128569814716	0.9787307607511738	0.24563916191987767	0.32832647868864284	0.7585390947785376	0.47998651901735806	0.011423848269864012	0.47123921699772	0.9933022048990153	0.9710181618093434	0.000630690361701925	0.25344497126953225
TSs314A	0	0.47639375098585396	0.3932041956991194	1	0.37336027608846756	0.4586986223888478	0.06737413824721163	0.9071083670625333	0.2895580834034793	0.22994380614772017	0.28060401232460036	0.6752757401397161	0.08329546200633428	0.4525037395725417	0.8063417201991104	0.0048318152141938655	0.9992966925560784	0.9800149222486441	0.9553055991022423	0.05395737409120517	0.2942168126043934	0.9890707675058298	0.005506145529247881	0.012167132016370558	0.9828040673567784
TSs30	1	0.29943184560234665	0.3729933755415764	1	0.08919804891986673	0.11772340772312911	0.5092232574713886	0.015653179272875333	0.05736867513728538	0.07069740503619058	0.9506254636618016	0.9630727638670975	4.1855901068276185e-05	0.004232931484799893	0.01329902734880007	0.022249127587637415	0.980540321656413	0.95169788598323	0.08430392573531138	0.4177108383640151	0.31478704760498144	0.4075316689125025	0.0015287565963907812	0.09409217210442207	0.012257200597592914
TSs291	0	0.27495285140412423	0.325425900626275	1	0.1293364596378846	0.6864079861466666	0.018548240043344134	0.15016899679753998	0.0011180442967494528	0.03220938789078203	0.007114983622151652	0.029633246014035955	0.2902690124289871	0.9346804860124542	0.1539987630813189	0.018488568816897876	0.6205489267312542	0.946742744394481	0.0628414893388684	0.1459329743986193	0.11273994487714988	0.5601791957179606	0.6395629007062175	0.03687306040075703	0.05099807636624636
TSs157A	0	0.9052948302099244	0.1627014285691257	1	0.9813963955446908	0.9995873710506963	0.9994923350508806	0.9529213081385086	0.3752851619504311	0.723339290498308	0.6675088514707661	0.9986556232713305	0.9777610831403926	0.9995875849397198	0.9993945562963267	0.9998343621330856	0.7232680868582332	0.9850317079489891	0.9295673567627932	0.9957307199395342	0.9744460103897831	0.999373104386917	0.9996782902684928	0.8814363747712382	0.9239974249320623
TSs27	1	0.07009479239166275	0.09864566512235025	1	0.022305314370527348	0.004829957971888907	0.16882030718824412	0.0038547264876209455	0.019526773215363797	0.1150063024191979	0.021677390843785643	0.3499333929074481	0.0021315238843457587	0.0005935446701104196	0.011013626905613087	0.02572289329198248	0.26171798233615007	0.022933237897269053	0.000991967431360176	0.1254547806177106	0.025683374838071392	0.06773320252597685	0.1649666277633364	0.0007933825361674992	0.00851085210161146
TSs363	0	0.7398310070651731	0.3375169530303789	1	0.911365850374662	0.9561133618033393	0.8174434877403479	0.6892505054345027	0.8666183389459848	0.9999191932633045	0.06938149364637224	0.99969964257678	0.9999999156827497	0.5538326721000708	0.012158704059533055	0.9999988910979125	0.48029080280183684	0.439012649888072	0.1616372324367606	0.9651872570094491	0.8033937374075312	0.9911531539810698	0.9968791772138736	0.9946813818999583	0.9999685423140136
TSs9	0	0.71872660524634	0.3195762286628349	1	0.8762744383035843	0.9153536364894604	0.49798622166197987	0.9906166301931494	0.8002375897318559	0.8779472623107143	0.169355689201901	0.9948450985574137	0.9114184709988317	0.9999164581949169	0.8974348375577198	0.8277606410114667	0.48265985051240334	0.8746016142964544	0.9983783325638427	0.0065686094827772335	0.8566281843806439	0.8811324736358955	0.9101787778223167	0.2892970703345209	0.1922146559885346
TSs133	0	0.6441207027576186	0.4095193356925383	1	0.876295583962772	0.9175143641483506	0.4856978868382395	1.373742559656441e-05	0.877936525912062	0.9999140764923538	0.9987767967413246	0.874654642013482	0.942793766837956	0.8108304955231326	0.9999802056185283	0.9786746870028271	0.050309973307983646	0.10669451185136015	0.007914971052160255	0.03316190939163395	0.24392474513480247	0.5672604411799697	0.9999910379169016	0.9865317578800256	0.9998375228836822
TSs155	1	0.22574417025331334	0.3652959009015648	1	0.009799030313790154	0.020495145684985092	0.0010816933525379544	0.0006450692213573481	0.6260435145569173	0.006836004884516695	0.003235305561615466	0.9231229444582283	0.0035914676410760907	0.0035091560304888222	0.00030171641684073657	0.9997124211019035	0.02615586950018137	0.00889501285963572	0.000955593519614017	0.9921304779709902	0.12284162562518104	0.26970350761253864	0.007600028832158105	0.01070304776794459	0.4873238024675554
TSs209	0	0.6914678326080443	0.3785965461601286	1	0.951352161719886	0.09182065055567822	0.9788589033671227	0.9753937153019565	0.03839571314500732	0.09118784311293701	0.7607651312149271	0.9599558785908034	0.0783443702089306	0.25967335091823585	0.9996738808111524	0.9427484448489686	0.9998687704665077	0.996535564985383	0.6322332126724692	0.9716479129524418	0.9988422088629212	0.9800323600626337	0.9937035597090419	0.6645268684823129	0.4151483118914543
TSs136	0	0.4483542631700714	0.3884824344991869	1	0.36117768236034625	0.8669380591473422	0.12631229904165817	0.9668685193511873	0.002737817153905472	0.12089245873076905	0.010451569663286817	0.11103352128980945	0.7713105569671778	0.9881674929928753	0.49561761874790633	0.8698487475802454	0.8477592841822171	0.6891682829600271	0.9881308692728824	0.041831254330519624	0.057008260635811374	0.04644383999527333	0.22673774597278615	0.1668197117286595	0.573007353657088
TSs22A	0	0.3475347521874668	0.3584013504854654	1	0.1686384645940544	0.17402195464866851	0.09217741721811455	0.9451219172541923	0.6992990655833398	0.13221016379087186	0.1632549745394403	0.0008485092516281977	0.8283684822286583	0.43489213146891254	0.4772334232620451	0.23801716378354165	0.0027568413232752953	0.8612253254743155	0.04566186757344306	0.00297752481223697	0.9573863260050554	0.04249901459906636	0.0030184760519875193	0.7473836267762608	0.1023408381042825
TSs357	0	0.532987062947226	0.39810876729728256	1	0.6186378887913362	0.1451909435382778	0.0707648608227295	0.18070033740887673	0.7645473186574606	0.9588958950401263	0.4495579509388597	0.9804972662463158	0.9993896321390149	0.631815147821503	0.7323249990114615	0.6054606297611692	0.0041857714817688605	0.01440367506929109	0.7975946602942533	0.37017268338695325	0.009038220804145113	4.7756702325357676e-05	0.9876202130792874	0.9577034396735935	0.9998298570671053
TSs161	1	0.10368574878898129	0.15266815255610688	1	0.05746854761345209	0.04843138089286969	0.006544515756898659	0.1757146781373092	0.0016794815229442524	0.06650571433403449	0.10117741011700727	0.003354004086389527	0.006191772478931815	0.18574695972769265	0.1371670377577849	2.7240240743821234e-05	0.6128669014471232	0.38070768304871305	0.0015711103185786514	0.14761258255375642	0.09354339976207098	0.0688040257552916	0.02638792557872639	0.003929772374877339	0.005751379887882007
TSs11	0	0.22587509753241722	0.3263707409092564	1	0.062030656249385266	9.041608571603076e-05	0.3089334008189248	0.024883815318431625	0.05468662348398883	0.0009715321794180519	0.004983998104819117	0.018112389231120827	0.006497263772649409	0.9350588684478083	0.4497735952619339	0.0693746890147817	0.09477981101684903	0.9927317410178083	0.10274905940167257	0.40136307974698576	0.1818123268122761	0.8132797717466789	0.002613137714122448	0.051928260710608354	0.0028781707617501874
TSs5A	0	0.5645547111559137	0.43797175340889594	1	0.6199116928864584	0.07170223949511909	0.9984874641029728	0.03139951612612651	0.9999900242913966	0.9995664121615638	0.9993257642851858	0.6190116315125157	0.3330189134400882	0.0018947577590543918	0.47062881290776865	0.07587689205190204	0.9969977530960058	0.9607989097239499	0.9954343816481985	0.021435653616952818	0.6208117542604011	0.03848143105383976	0.9995937224576382	0.9994886981000715	0.057149491027524056
TSs131	0	0.862235214274593	0.1960962461682041	1	0.9484953880183022	0.997278626308192	0.6839942425765185	0.9915009055353772	0.9993036770473951	0.9841847537717752	0.9940863689333975	0.9833688685840436	0.9306794476243242	0.9332396857768258	0.9992362389881001	0.8279743917626212	0.7707396160452534	0.9163511080870012	0.9934185894165025	0.5817278112543831	0.3537502550822145	0.9133937918192374	0.9637510902597788	0.4436230446041462	0.9831017720147746
TSs294	0	0.6012063433544067	0.3181725978025544	1	0.5754818357460794	0.2734547105859719	0.5041049585740494	0.09049786848371968	0.2718441899816212	0.24084917927178662	0.9268334090583646	0.9327787600281825	0.0430395024904146	0.905717741603555	0.9603269384691991	0.4947011841030475	0.9846854823700208	0.9948785792357349	0.5241119788097445	0.6834923246136008	0.9055198701883687	0.38307241788553575	0.6268516926824141	0.4283659889484752	0.8490000897043246
TSs378	0	0.47766204139414226	0.3865313264352928	1	0.5005468998563619	0.017993857068210238	0.9170358662329987	0.43880164571775515	0.9750868573790585	0.008402083880853424	0.639608459669976	0.5378379056193134	0.0013397159935252382	0.6862544128533317	0.6026494081555864	0.0036854417386709853	0.330795437259006	0.9357569867050893	0.14892613036857946	0.46325589409341045	0.9359728711818165	0.9801309166180627	0.0016344743546665495	0.019332940595219898	0.9087395223977152
TSs111	1	0.38943586597973334	0.4194098389954838	1	0.20301164106420594	0.018109486437120997	0.34945321144796215	0.03251281430416228	0.00954981695472178	0.6555814620099574	0.0033306561206741573	0.8905897980868432	0.08174267171506316	0.03078592319949839	0.029086522776849207	0.9619713511160604	0.05021666402969371	0.25805870226149696	0.9821368751663673	0.9960791334238639	0.011719214960083981	0.30205590055683496	0.9842146671094553	0.1479645798669149	0.9935578680510436
TSs56	0	0.6482473744415916	0.32862464133147	1	0.7495293214864163	0.9986464349457379	0.7391268079195285	0.06706791091283018	0.6179897775830053	0.33056095220345333	0.725157412796712	0.8136260936107128	0.13431243764032066	0.9763588137952585	0.22597576692709814	0.9927813572377483	0.4068403737915259	0.1901336914364319	0.9346557851211746	0.3414335205103244	0.7599318350533042	0.9861745467041658	0.9145464175244882	0.9578520369034165	0.8517755162145951
TSs3A	1	0.6766628727568753	0.40557670056531314	1	0.9329430576274161	0.008808327733361465	0.7088785524125683	0.9212995592079429	0.9944244016902545	0.9445865560468893	0.27714460274259745	0.14029223836873478	0.9984238789744823	0.9897424059628592	0.9636952358503249	0.824416605807844	0.037824147194359226	0.011459915805855972	0.9828372921397324	0.0656453260844781	0.9870222344158084	0.742076050858076	0.9891392536163193	0.9471499307491984	0.998390939475819
TSs95	1	0.7913211459972402	0.2751596951632159	1	0.9049244466563929	0.9647883997099633	0.9113362308315387	0.999630604646581	0.6032967494251802	0.3264502760167503	0.7946737337812423	0.10355577631474518	0.23093751887057867	0.9618989097461815	0.9125254402612182	0.9942599630542409	0.9886884590037283	0.5808298909026429	0.9873452784372668	0.9933735982893338	0.8332842140809945	0.9794345951766272	0.8794813860719627	0.8985126624812472	0.8821192328427783
TSs2	0	0.19692412193882525	0.3439196832362417	1	0.009495265047700738	0.0001364055493677438	0.0628115709796281	0.24616334429045364	0.8030075026429975	0.04799310708924359	0.0024209678482358756	0.0165695622471656	0.01982348098478533	0.0009039565230586216	4.3278502550195904e-05	0.6201280500986974	5.059297552298845e-07	2.5568331001764612e-05	6.175663678947686e-05	0.9836332164351016	5.547827381531909e-05	0.17049411347769095	9.596487102770426e-05	0.9640615955026898	5.301256244938733e-05
TSs44C	0	0.6419801540474135	0.33944756759082784	1	0.8125195618124279	0.9687687497337534	0.33453552676528264	0.020571863410494735	0.9929397225496478	0.9987277738549254	0.9190102556735008	0.8490564517443233	0.9662891228353778	0.6347717908089213	0.5469907235429374	0.9898713525143724	0.30783864021450597	0.8323702167827546	0.8174495482903793	0.23638135556541373	0.31629299635597785	0.9317371642680145	0.8075895753344766	0.27554876035707604	0.09286149034613336
TSs201	0	0.35772508510913686	0.37471851597547845	1	0.22001548673518	0.0006525272926284258	0.2929608822253283	0.3909081343930893	0.04958866129624935	0.21395111008962758	0.051358125394644745	0.0283244996816666	0.48515229478138816	0.9746495053889345	0.84713420146142	0.012254577836306731	0.22607986338073247	0.9684833595563005	0.6247901715511028	0.14309490601852273	0.7954230604011077	0.9998953339456237	0.034211612259568584	0.01514059995575251	0.0004482752727425657
TSs217	0	0.46374334942203815	0.42949278387944867	1	0.41525336597779616	0.9974947511655073	0.4542186731948711	0.9347301352456622	0.015216076799139352	0.9909389551014598	0.8112603480600127	0.9131381415389035	0.011398399101309003	0.011499551750580959	0.009619153609376633	0.9878487793837529	0.8102338281124896	0.006822197688708667	0.062088321126206214	0.08569553991612294	0.3762880587607212	0.06306905633527739	0.9992666018566866	0.6827353400054645	0.05130507968851159
TSs168	0	0.42010764149495505	0.4446173554140607	1	0.21779732469950316	0.00701760624423894	0.927665567421999	0.023325141997364133	0.9252218861484887	0.0017866720182118912	0.02270715151880145	0.00010734598505871858	0.9863183239646134	0.0001481933776862818	0.12732994303696904	0.998782452516613	0.00495015322867763	0.01720666664372794	0.9369812298118249	0.4762152102508589	0.3082647063620373	6.244859918623304e-05	0.6771720947987987	0.9675556968967229	0.9933343390772215
TSs98	1	0.9483717102568823	0.14698090597933794	1	0.9989012414486034	0.9999636872954202	0.9961227576731789	0.9996860837603196	0.7132034548259502	0.9871913224568881	0.9998538435381752	0.9996568961046508	0.3885355065456402	0.9999130078071525	0.9970151468252554	0.9990638047473462	0.999979050448248	0.9905533634083991	0.999575152832108	0.9883873281605065	0.9948539587489931	0.9999741814006781	0.9999690606484042	0.9987386781498605	0.9151979197604729
TSs116	0	0.7052387262252491	0.3364446701121541	1	0.8713045753314235	0.9950539493241369	0.9641869418693032	0.11730755322391756	0.7941354995265664	0.8382867614850902	0.9780886512751998	0.9581325012898178	0.6213130827841731	0.3770599036484849	0.21663493814212725	0.5716723104230367	0.9043223891777568	0.04356395801568996	0.6227620471207469	0.9518802913024064	0.970565594841988	0.20064005363076026	0.9890311694480515	0.9912739164951859	0.9988630114805426
TSs53	1	0.4326090770859018	0.3764143689826547	1	0.3571066096707767	0.0981156198630266	0.006686946280640263	0.2157849168920494	0.3995048881101083	0.7364624155116817	0.004767796054688759	0.9662456066221184	0.004053850029285809	0.8631853113880118	0.7795858278748835	0.0007955812309155093	0.7362961492941283	0.9933389452832039	0.7194760915247547	0.314708331231445	0.4081278029056584	0.9978539689109527	0.17890674259425157	0.0035434056124537187	0.22474134450377412
TSs63A	0	0.4872313165672856	0.37745329324462706	1	0.5506396878674404	0.023789108158180618	0.3316902529709647	0.06425371111228828	0.12320851234563795	0.7190821477750137	0.8949659254960294	0.7710648277705617	0.011900729083135574	0.5414778197146635	0.7944196416127947	0.04121365366349359	0.9987258463625535	0.9833302468435805	0.9975159131648342	0.21153666961252734	0.18154619818575177	0.8467278751807438	0.5598015560202174	0.0012639358812985165	0.647111760391441
TSs158	0	0.8591395304904973	0.21308600303314265	1	0.9634777947441839	0.6877311750881369	0.9989183006259307	0.3753103840660905	0.9936575678356263	0.973502930893094	0.9990247920041644	0.991071796714219	0.9083312475922196	0.9999193092663966	0.9508634858172973	0.9411738293915232	0.9998623178637968	0.9992614130154183	0.9534526585952737	0.9943264119359164	0.6232440204089744	0.9998636537611463	0.7097322514544698	0.3090238204353565	0.7745192430448984
TSs269	0	0.613879084473558	0.4047117064758129	1	0.7889960293189476	0.0007257013064876608	0.9861124566462788	0.7437755362948639	0.9940935504173553	0.01736061543716345	0.2709877975256765	0.3692518550606452	0.9952254146296851	0.009065298489044336	0.9642052228578075	0.9679908434079246	0.18094001185498226	0.8342165223430313	0.9905057925924058	0.9981270268820187	0.9753809016802408	0.6143581909713952	0.07948782484562285	0.9591685294812985	0.3266025967472328
TSs317	0	0.8317293287732689	0.25150979213687374	1	0.9542075691969805	0.9913035124885342	0.94995085257156	0.9988817181431866	0.28467585343624474	0.9794921448951106	0.975400586203717	0.9768832472709476	0.9584642858224011	0.9880058794820955	0.8001335752952425	0.7212346041292313	0.9983465604746874	0.8961694453525394	0.20917495867101768	0.8749583475654189	0.9840680700151934	0.9990374584284936	0.8726771526442241	0.33803477348655336	0.8376935490889791
TSs49A	0	0.31866873296128795	0.3772436178738571	1	0.0635511562009425	0.7036736423086491	0.040162149323377916	0.0038432598784787276	0.9251762500322366	0.3308978794363359	0.016508954471406784	0.002708599455583704	0.9456392777648513	0.013957822157871953	0.07562049923817404	0.9327850357396658	0.05148181316371095	0.023635333099586278	0.20542804619388055	0.03535732214228272	0.0011389128232819725	0.4206007844855733	0.8223813230731856	0.7746197920986686	0.04775796233895618
TSs417	0	0.586173522118379	0.3933077632231917	1	0.744040630349877	0.8004747277203642	0.0012847201820863651	0.48678198703555925	0.9295764721063705	0.8914983879282539	0.9678099962507357	0.8504626744575573	0.009954782852935632	0.28339742765432796	0.6568147720109819	0.012046395030434759	0.9950691238076647	0.999828516727903	0.6876065329793897	0.8695132048184586	0.42791626857963816	0.9999026971771245	0.8371876533778747	0.008159481662507755	0.008184620007408848
TSs195	1	0.7562055733581026	0.3167629512311577	1	0.9538383435066843	0.7387977956781875	0.08017382300888179	0.44273582499546704	0.9987830402369622	0.9902147973803529	0.9941839968744933	0.4790433402904862	0.27159002242987945	0.9920842726616388	0.9665551132305702	0.6580454143077342	0.9983864718155145	0.9692168678092555	0.9950810796259618	0.08234092167863667	0.7214548077396293	0.8418482091105527	0.995898981274479	0.9618419232810013	0.9458347637323673
TSs371	1	0.7467146299311423	0.29233028758156937	1	0.8810484946015036	0.9976720956812963	0.9248070571210442	0.9264727605688408	0.8789945490765688	0.32639603048928756	0.23446064788555296	0.766394945637875	0.006281118243676215	0.4546743873867045	0.8831024401264382	0.987372008729705	0.9928051415926142	0.7732811118891355	0.8886584627005852	0.994595923775524	0.9276870537729905	0.9917564631997328	0.7340843200795346	0.444993752822339	0.7998023278434
TSs23	0	0.6924592183187418	0.35426942632522795	1	0.8797410736786027	0.15766642311850015	0.8646116199484367	0.1598905726456335	0.990279436387939	0.9673602864651962	0.6653068412041182	0.818809232501185	0.7585053605555045	0.2909711494068733	0.988620963758792	0.3789665444546986	0.9945127126016904	0.9989510067480872	0.9644768540410315	0.9360793966995616	0.9155882889704811	0.9566408067203815	0.1354010404708619	0.8948705274087685	0.01167530226709597
TSs51	0	0.8130402925584628	0.259661630339671	1	0.9240881738528284	0.9520550029851091	0.8401420248348174	0.9712315922043543	0.9214763383216491	0.12301872328135212	0.9993118575981611	0.9157310224759359	0.2079279228083474	0.9997392444822831	0.9267000093840075	0.5258225531047268	0.9970691155036081	0.8485250341565744	0.9871297130509529	0.7383768420049613	0.9816877148092886	0.9724033207639724	0.9978625073618173	0.604644710145853	0.7499506018914819
TSs59B	0	0.17917736620903085	0.29748013071890234	1	0.00558145802026355	0.004723593583548486	0.00032735943190858956	0.0107415294218717	0.8480986299691899	0.0005048527032389448	0.0018915169260466716	0.021526982930159443	0.005278220324903963	0.8631433766776554	0.008131199551140745	0.44922783505591424	6.0905155524591444e-06	0.4904002707076155	0.2958063819622425	0.0031012691906298563	0.0003544508301443136	0.5732830252965867	0.0005558249001625261	0.005884695715623136	0.0005602184864809186
TSs365	0	0.8347237209075233	0.29063006575231864	1	0.975799947577595	0.997387594546396	0.8171423490320757	0.9051579857626028	0.9672553472675949	0.9543994626377432	0.9985912441938061	0.9999453300751021	0.9985549665933684	0.9874353564095926	0.11924628283480744	0.995872983904404	0.9593226665648343	0.43707976927242986	0.8463689311350381	0.9843445478875952	0.05876255433014418	0.6817887123951232	0.9952976426770285	0.9905407276265829	0.9999799630042019
TSs224	0	0.8662778452085709	0.2192335459530249	1	0.9721546186809435	0.22942769780691677	0.9727504115457177	0.33873733918736443	0.9438331946105939	0.7627343937378959	0.9983994404372553	0.9859043945105925	0.9951817902017814	0.9949670210506281	0.9986631968023605	0.8578322909579802	0.9853731900972131	0.9995524343157935	0.9715588258161694	0.9983858405382386	0.9455128182012691	0.845862053914951	0.9950377980405682	0.6848877621146614	0.8209550102834677
TSs325	0	0.4141758285495222	0.40078132230638747	1	0.27910519352613067	0.056279128339527855	0.13739911536193955	0.9626191343370555	0.884660953004803	0.009793827926478564	0.08299026915255248	0.013021546852266752	0.026994095791766773	0.00871198111917138	0.4339030278364114	0.0010717947523560482	0.8927322484149154	0.997664633496864	0.9460027645267035	0.8501767640145974	0.8010310805463259	0.2767794221196724	0.5888179321636916	0.28143096493258896	0.031435886300755445
TSs119A	0	0.789477641615926	0.2780519651047567	1	0.9236107942346863	0.571778283183224	0.6964591377188769	0.012381684608302036	0.9995009810948158	0.9045493197755571	0.992742667056135	0.39118298423564196	0.9846196336013519	0.9893278397532556	0.8201874150934254	0.29055388612742034	0.9240840865553587	0.9996966179100166	0.961293113088424	0.7963152704203591	0.6394383688894221	0.9710931868024721	0.9635821382276589	0.9231375019140138	0.9576287162627888
TSs166	0	0.8722955542960346	0.2874546937036387	1	0.9842517209275895	0.999258855950061	0.9937159369316906	0.9796884029254048	0.009198866126707873	0.9673779627327155	0.9687215199170958	0.980466491379742	0.9989940494655432	0.9951964455464254	0.9918614825508971	0.9923767541224381	0.9366622850927864	0.0829972885033558	0.8830533054345265	0.9066135763020272	0.9938336540725092	0.7905596590810048	0.993796039528034	0.988036950475437	0.9935015597822928
TSs297	0	0.24787762896338666	0.3359254540654116	1	0.038048533536475894	0.914767386351743	0.001302337397920377	0.38977575598561287	0.2113824191429959	0.11497620252202871	0.05686751171067596	0.962167355202679	0.3793579014761528	0.00038163501198471944	0.00871121824756098	0.8137185914749134	0.00021825183636474488	0.0015963831036881913	0.0011395382907743198	0.0007749121144809812	0.004926859282716496	0.002455968507111409	0.45248192933955017	0.6213208669065036	0.019229555362275833
TSs338	0	0.7337864319345677	0.28099107652636895	1	0.8395033233577389	0.9616293310194111	0.437476812868503	0.14684094703750203	0.9964582822403075	0.5147047627480786	0.7659271110276843	0.9282463570839842	0.9981570467352304	0.32309477199764813	0.7086848533516006	0.36175697239664	0.9355469831195793	0.9806808024508419	0.9861142668643484	0.9703462435950357	0.7885716886959374	0.7619773661240755	0.8904349580195405	0.29172907937082	0.9273500019445873
TSs293	1	0.1758744917946375	0.27448704051516354	1	0.026203523517319728	0.001222199896988576	0.002693863107343245	0.8895768514459429	0.8515428032775362	0.015766333227946416	0.4377995754558239	0.021259407243934735	0.16786159524449537	0.33889389879959675	0.05398633143930726	0.007642237152824137	0.062376892164553846	0.00043580293748014077	0.3827272333833791	0.006346264841316097	0.012369835483842196	0.029711950409066636	0.022695096625572817	0.004435359519609239	0.20814630423619082
TSs24	0	0.9326205953771243	0.1504512967219306	1	0.9841415023135104	0.9008073385434795	0.9473107644668731	0.9977102432610838	0.9293148688462265	0.9700578443360647	0.8431697074262513	0.9952739289181619	0.999696649001531	0.9989911713684607	0.9995368991516278	0.97621304862857	0.998859980726577	0.3211574273548657	0.9922080724778547	0.8927822088137785	0.9803059138717765	0.9879770907552443	0.9895075412879112	0.9958141304593817	0.9357170778467652
TSs334	0	0.36053659228728846	0.392861408566695	1	0.19190101892114725	0.0007472190278340906	0.03963975754439835	0.3172007261035068	0.27265288495099604	0.030802599287303403	0.11114915289129848	0.0011733551928232997	0.0002146344283762356	0.6869782860203817	0.9945934226591975	0.013806715331187776	0.5385827249498147	0.9935135116044295	0.892817493679942	0.024814908768674704	0.6436210571944847	0.6896338103360794	0.9572319264262373	0.0007989219616134355	0.0007587373871896703
TSs1A	0	0.15689936597176019	0.2864580309965212	1	0.0034609785545979474	2.0732837130458656e-05	4.060624863965905e-05	0.12271413936131664	0.6169173589052296	0.0010527942231103812	0.24694834938394905	0.7514925675810393	0.049340201134237156	0.0009447578817850531	0.002300067186588784	0.24494971293271292	0.0003622183853009351	0.9802691918411561	0.049228590507588176	0.0007014086618577965	0.00462188992260711	0.0004612981786048124	7.839552767776823e-05	0.0653317057368207	0.00021133299785131105
TSs266	0	0.8349249847627073	0.2916230359927809	1	0.9777549248732604	0.9995585295294904	0.5923908473956451	0.9995020053376112	0.9055282415216659	0.8963894326101985	0.9973118764694033	0.9715154768486959	0.032034213950250995	0.9967907166086781	0.8912636294119188	0.6784134873441946	0.9558032381828644	0.9983132640609067	0.9991474008666714	0.7391384337957868	0.998718605807497	0.9839943728978251	0.998442403331216	0.07719801481419476	0.9870455044694287
TSs277	1	0.08280884454156451	0.21337251412803515	1	0.006055823686312937	0.9473554223001688	0.012869955384037257	0.006336016776064255	0.005775630596561618	0.1311541255355464	0.00016043442427337123	0.004714896281682858	0.2536915405551033	0.0007277258734967891	8.58460532947047e-05	0.05141731495583182	0.0004316228102945743	5.932479911131366e-05	0.02837949057587231	0.0013687757104781683	0.016342054106926126	0.0014424889680963158	0.0817157486114778	0.0004712538736372596	0.11167722263933517
TSs60B	0	0.21422341139989848	0.322045617560043	1	0.024102110130157242	0.06122054369573953	9.621979067539477e-05	0.014143056646919873	0.8470513367011714	0.7407080514932798	0.3249354145655945	0.36508174531818	0.022314894005658874	0.00029654601680707696	0.0011906049608403522	0.02588932625465561	0.09006895983330133	0.6149870196731982	0.00258617831689848	0.004447104997474731	0.0061653785213663485	0.9790382124079547	0.0009937198152150922	0.0006212349912001397	0.18263267999183808
TSs303	1	0.7883021979160003	0.33574932298746185	1	0.9607740637990987	0.9998744363638746	0.9993861131833888	0.9855119460484008	0.029487335324783703	0.9687388979300032	0.9021134947788286	0.9849849687452026	0.9662187397639848	0.9973925888550184	0.3065720863472339	0.998787082346065	0.8935252018395894	0.16403670324573322	0.8881886084087555	0.7572790993915626	0.9864701305740989	0.10279903968676582	0.9553293878342126	0.8794695843172022	0.9998785133353029
TSs120	0	0.7607887142433308	0.31504213785211443	1	0.9776650579746957	0.27327185584978003	0.483739934207689	0.9824317165737984	0.9874071700595876	0.41976982708400756	0.9979430588145903	0.7304562260989784	0.9935242573951703	0.9919843451482959	0.9983709672115583	0.06773310716002276	0.9937173394906089	0.9974097048621564	0.9728983993755931	0.928458979501629	0.726185415481274	0.9947521885636633	0.26686791238120455	0.4185695653460004	0.990282314261009
TSs132	0	0.4405866118018202	0.381554960572264	1	0.37143789370917757	0.06690253187427085	0.2107998210050857	0.9359398288942615	0.9578373075212132	0.4315431180671832	0.9746449334254226	0.025317146029668034	0.009349065406275097	0.22710118348673253	0.6264842766179939	0.00855793207869007	0.9952669887757712	0.9730533067910806	0.793802374206211	0.3113326693511719	0.5317573781982478	0.49194815944942566	0.1852151207963759	0.03147523637733354	0.02340385768398938
TSs78	0	0.52011008115993	0.4019991817445613	1	0.6022016464859509	0.5604095656314334	0.8192997018933018	0.0039046971108403147	0.00731153137770807	0.8628717585330634	0.2373753062249995	0.9436640547209011	0.04455009858334064	0.9239192486498414	0.9965570288452066	0.9426959275908271	0.9452613469163458	0.04330182879225395	0.04315589300598856	0.6439937273404683	0.12929800769596617	0.8650621452552373	0.9053744758689407	0.4042763899060042	0.07991888925592938
TSs61	0	0.688274540273914	0.3745405624395121	1	0.904035791429189	0.014721528864733309	0.9977899845019997	0.4667837630005978	0.9888949276042305	0.9144786599309205	0.9305646240573796	0.8008541083172129	0.13163863299705766	0.5030445087529759	0.9923205972712782	0.9444892612606561	0.9601303054350881	0.9996551423189268	0.28367877233628247	0.956985229360949	0.9922170453854122	0.124099521120277	0.8611070833659176	0.008444186668925921	0.8935929229274575
TSs60	0	0.8442090370857667	0.2470378948926467	1	0.9700129751734579	0.9985240352389805	0.804429599866532	0.9970930300195598	0.952309975497487	0.9709394007508638	0.6731137640972277	0.9999239532969365	0.8848453053373496	0.99867370824359	0.5938131119868657	0.7967876424443612	0.6944443202099857	0.969086549596052	0.5634090789715556	0.003948006315179819	0.9956999359795318	0.9904915457558229	0.9990760638785071	0.9977686272435706	0.9998030869853761
TSs274	1	0.7296483593716753	0.275805464280373	1	0.8479135842245192	0.6782732229331561	0.3705607771978033	0.9188795128230542	0.9991243514184495	0.9827521363432522	0.5604811978190648	0.9023947697252559	0.2944687788844125	0.5710950191938192	0.5585246127437798	0.962065842889642	0.9997966303381903	0.9945010208516069	0.9435077929913159	0.4604328049872019	0.21981114862275378	0.3884349114466006	0.9967050558402066	0.7934323987237826	0.9977252016601614
TSs10A	0	0.7116440110443649	0.33744578224086264	1	0.8746182026858923	0.6448462105841418	0.043040822751789866	0.9639867401044324	0.9943704644163345	0.977448151506223	0.7080268450182952	0.9924618863537427	0.2533360030442347	0.8561930790954707	0.8930433262763139	0.9210697811452809	0.7198962439900476	0.4127405999879993	0.9721143500998277	0.004135412206995992	0.22054290481200312	0.9937578231855123	0.9790060306545504	0.7243296328457126	0.9585339128083858
TSs96	0	0.3372694348065041	0.34973883490350993	1	0.19178274537203382	0.011407256751646753	0.03415586717018771	0.021311761307476824	0.17630015095360882	0.22713835309962505	0.032605754803512674	0.00807280416567664	0.3749502003600729	0.15636771172916836	0.6349621489016374	0.1379038779198616	0.7595240854125195	0.9231622447475906	0.8155660398911098	0.13109535296299785	0.2464152507926623	0.9984844587231231	0.8450753909591875	0.20726533979045883	0.00362464568795979
TSs282	0	0.526110569500092	0.426488306991642	1	0.5630757446127959	0.99699311375869	0.46687926581123446	0.964271286049628	0.16131532080595856	0.9027304689713208	0.06307663061089713	0.9994495287168009	0.4632442329277549	0.9752069293722946	5.003973404388203e-05	0.9310362253299197	0.13361895838696036	0.00395886074596622	0.7976422870164684	0.027551895839674958	0.02088295116747987	0.0145726787889104	0.9490853750510282	0.6592722234143573	0.9913731175024538
TSs56A	0	0.75090266918806	0.3405234355876886	1	0.960217917652338	0.9997598733533962	0.021710998889075874	0.6980382424578668	0.9735962003403228	0.9955307115745211	0.9880080584038788	0.72099387195793	0.3186269744675081	0.9526221038407439	0.967813731463932	0.9883772114450009	0.9997942342973065	0.9969120115308641	0.9993276828930852	0.6872871407640682	0.7671079163237952	0.2033802990302351	0.9998291394867059	0.0034306508884651404	0.7359063303525016
TSs296	0	0.19148376313525103	0.32898483727519645	1	0.015452519599213434	0.02115676125792208	0.036066641583682224	0.21915293321345533	0.9995529958519683	0.6082647950867724	0.5978835165116666	0.00040540458696468025	0.1674748136254889	0.026936864523592712	0.0030642005021309844	0.1462817410612194	5.107070892762408e-05	0.0021773887478016857	0.009748277940504787	0.0009507487221473004	0.0002843038334002228	0.0063346853973256685	0.0009488655567842178	0.9813516618038657	0.0015875921893990692
TSs33	0	0.1889496068751652	0.251345732984192	1	0.0663175199817613	0.0004305192979806606	0.7613585426774218	0.10373190925981343	0.5506504601131268	0.007188463154886087	0.0025347780041073535	0.00874819303479114	5.321781704446795e-05	0.156239681146763	0.021128281287377104	0.13494162398354614	0.008358112598615278	0.7548164451527666	0.36402099343726113	0.1917832626944776	0.4006661947158672	0.2774884467759872	0.005926502167367381	0.028903130703709163	2.3379480394379673e-05
TSs311	0	0.5643609144596647	0.3802915357114324	1	0.6333505956309713	0.9998321560861039	0.1779812061792715	0.167928544558241	0.278833936725058	0.8277166943734245	0.384853942058351	0.9841897046383852	0.8732490386379693	0.9880356009564922	0.9969281759682892	0.23275622332410542	0.776905566853282	0.25519640362361284	0.11853057162655488	0.770387443451778	0.008295137350737586	0.9976677086373392	0.9346830264753118	0.4963137478101647	0.016933459858821956
TSs68	0	0.23896753278676383	0.338463068620654	1	0.07706509894285472	0.07832726542433827	0.07580293246137118	0.14362244397336507	0.8028672042615193	0.3787464346768939	0.9439464205963023	0.8605489035739455	0.017059816729830316	0.8685451465581205	0.0010921063897870362	0.2569908661771423	1.7296283323199694e-05	0.002558228303956512	0.13609532120032872	0.0001306060058030894	0.026331416701189953	0.02353904171389848	0.001224897875737604	0.16149314550323823	0.000411161325185871
TSs104	0	0.5843048544596032	0.4350110864176535	1	0.7949175667021964	0.16239457864048895	0.006049082781000904	0.7589860833479856	0.9988170290613501	0.9174628167317799	0.9940297186713074	0.8308490500564071	0.08588812700526818	0.599857684422138	0.9920997929215987	0.04454800894050768	0.9952322550504218	0.9997713570898012	0.9994336394499805	0.09125440834724745	0.9604134071168248	0.997811130078173	0.06739911613370626	0.010284793271988273	0.17351501007409117
TSs58	0	0.7520815832966254	0.3127389667684927	1	0.8828021540911145	0.9983627086982566	0.8917572820409061	0.8738470261413229	0.8645471141836468	0.6128170322599087	0.9274443402766748	0.9670223624269758	0.3337073854246013	0.9555363230637236	0.9900984427804491	0.09780060857736401	0.9972118671413578	0.9998946767598957	0.8125013859976106	0.6516900977423984	0.7182929602159924	0.9998321056221285	0.9826661951877941	0.01714966075397232	0.34945209063753063
TSs358	0	0.5477509936889952	0.4616051352699849	1	0.7249559079464518	0.9999778829963197	0.999834876817803	0.10869241403731827	0.9999998337899868	0.9995871068945743	3.183894003227724e-07	0.9982318122416793	0.9942723745624263	0.02418452919517157	0.05895725155571621	0.6428666356212938	0.0656396013141977	1.6833528082400304e-08	0.059243250549315875	0.23640569364437305	0.9714765701796222	2.9577460305512795e-08	0.9886061011862751	0.8070451802716098	0.9999983941218324
TSs82	0	0.4041303535599452	0.3618533605292994	1	0.3028237308073494	0.16903258696565557	0.0019590492659282417	0.3594609288512863	0.13253558558201167	0.2461865327634126	0.742162510917812	0.0024619683419222684	0.7390802792113181	0.9020661824978898	0.6334948531398987	0.029442836332619352	0.062422784338414396	0.9995736075114595	0.5973709214089243	0.8414423618199192	0.016825760953476005	0.9479608394892917	0.21863463277630862	0.4366666894635903	0.0038261595677661652
TSs15	0	0.6658764454921886	0.3768542445045774	1	0.8426278086341601	0.869096278667305	0.9839548683863394	0.8438748630033832	0.008390484961576622	0.8034538731775475	0.5816930342614653	0.8413807542649369	0.002724699673826155	0.9809382535983726	0.9983719287722528	0.15221673863341778	0.9992734959203595	0.9783970491825743	0.997769210823972	0.9922307290106382	0.26727454412519014	0.9492377085723095	0.6758214326945201	0.2817576263749107	0.10967133573887759
TSs3	1	0.5182357712452894	0.39123384246663007	1	0.6222695914720535	0.61810406106311	0.06422257718541934	0.9090056796076976	0.626435121880997	0.6721647593049249	0.24292942297028963	0.9680005054945696	0.25681642403554256	0.891120199447507	0.04211726666378666	0.9687700843335564	0.012802502319627648	0.0029132651630657852	0.9569266900069571	0.048319528867212	0.8558914474311275	0.08193917063315492	0.8157735454386458	0.9957420038001601	0.334721169258439
TSs4	0	0.13187591920481737	0.22795339646921395	1	0.015893895944820054	0.0025283415244552526	0.00023707990052220892	0.0005301441758906702	0.7459340072182133	0.26976781902414987	0.003994818940222754	0.135268894216996	0.0017489251715757227	0.062326954415794666	0.007665010392482395	0.0020226388097440706	0.0013092502247411082	0.4385492541833543	0.05074175953353299	0.00023007796333329557	0.0010900124112705766	0.6782713530231236	0.159528901684875	0.024122781497157714	0.051650359784911455
TSs331	0	0.9351896849646735	0.1777593370742865	1	0.994925079355182	0.9990666539234143	0.980910821907528	0.9947532442494418	0.9965840596534076	0.9987263457130144	0.9985381718053502	0.9954439677034734	0.9904610554876767	0.9928899042811741	0.9921753055724948	0.3706321846590798	0.9966761668401238	0.9859969346592824	0.9995057335901221	0.9950969144609224	0.4650894300272645	0.9676687888633351	0.999185061115206	0.9846898648554007	0.9997030899257554
TSs314B	0	0.5566329102832859	0.3914828675627074	1	0.689427808551752	0.6418186570915848	0.3276462086210109	0.971641219884328	0.02960684144273382	0.8535935693393654	0.7555367382289763	0.9958063315658567	0.6144371372816383	0.9848225068952164	0.8381844220539814	0.9854010620971584	0.41137203177386816	0.8522204351358894	0.02092008956418166	0.02428279625672526	0.02890338973625135	0.7370369600119193	0.9371561363226222	0.005995071495650036	0.11627660086675844
TSs333	0	0.29395636994710284	0.3746259477788091	1	0.04858990771723802	0.8552936535339234	0.5879985928948357	0.22060641013920604	0.012889338118922171	0.03222292658876047	0.005042828501789048	0.008882707687040756	0.0511449077955049	0.6926403178215269	0.7845556385825806	0.04603490763897113	0.0011781431577110688	0.9985553500156098	0.5905129442204563	0.0580889383392423	0.005672507716111169	0.9043028122963773	0.02247876765176655	0.0004010924926595351	0.0006246137490616967
TSs7	0	0.1509230708109562	0.2723543164599023	1	0.005508359456721651	0.00046336813489687316	8.555178393134423e-05	0.053368058578591976	0.9457956362976256	0.009906872704712414	0.000315637240506614	0.00019311924977120587	0.052450156403771556	0.12617084502478057	0.008340273908396329	0.19205816185018465	0.0011576512038133499	0.6694111195489725	0.0026764450050469723	0.0022410650818786054	0.0004836834633468544	0.5462854596827346	0.0005122758728253232	0.40652300535818714	2.302982514914499e-05
TSs38	0	0.8869347136748225	0.21472546426584121	1	0.9906394702653092	0.9999230875653854	0.9425295283195677	0.4315915807978141	0.6604117792035326	0.9111219936270818	0.9718728139651059	0.9993445691151246	0.9754233893249532	0.9956832240476283	0.22175974206682544	0.9998125905282251	0.9973661727903316	0.9857354752917232	0.9129035267151285	0.997798827100041	0.9994193317509826	0.7407612266543376	0.995543465238895	0.9997606505523289	0.9999312988414372
TSs10	0	0.7217292605794183	0.3185133982341954	1	0.8975117468673688	0.8198567271010191	0.992380822573446	0.15921544252126002	0.997759873746652	0.16527952406114294	0.8847834221363778	0.42394632693878725	0.994939521818752	0.22177597532681256	0.9102400715983598	0.9888568721298785	0.9326227860567513	0.20379599493449863	0.998872283796914	0.6598281349982555	0.9885175696092907	0.7330808854368853	0.9355602278110935	0.9178855639518569	0.5053871850403328
TSs48	0	0.686884203931018	0.37590173005024324	1	0.9058999053400714	0.9989572616372774	0.9915446018808785	0.6930355497384663	0.9940938676580493	0.6022181964115058	0.027196885580000493	0.9918919378297325	0.9952185124670225	0.7111938718261647	0.017468508147352558	0.9996244055018195	0.37750875470710027	0.908530641549143	0.287844611318456	0.9032691691309997	0.9400987600751136	0.2974252352513747	0.996497246134483	0.9981455701309762	0.005920491644441847
