ID	ID	Class	Mean	stdev	Predicted_0.01	Median	score_0	score_1	score_2	score_3	score_4	score_5	score_6	score_7	score_8	score_9	score_10	score_11	score_12	score_13	score_14	score_15	score_16	score_17	score_18	score_19
TSs156A	0	0.49626244696288024	0.014102928733947586	1	0.5	0.5	0.5	0.5	0.5	0.4845909666608629	0.510728542691755	0.5	0.44496693262756215	0.5	0.5105039329705847	0.5106957504130752	0.4895215053824855	0.5	0.5	0.5	0.5	0.5	0.48478812732460036	0.4894531811866786	0.5
TSs361	0	0.5001566657091969	0.019813527079071323	1	0.5	0.5	0.48825690242394054	0.5304519597508656	0.5	0.4833419656749645	0.5406024476306442	0.5	0.4436234539698281	0.5	0.5	0.5096480178220429	0.48850825304381423	0.5	0.5304434114439013	0.5	0.5	0.5	0.5	0.48825690242394054	0.5
TSs368	1	0.49648082741545646	0.013948791054339375	1	0.5	0.5	0.4893044587814023	0.5	0.5	0.4845909666608629	0.510728542691755	0.5	0.44496693262756215	0.5	0.5105039329705847	0.5106957504130752	0.4895215053824855	0.5	0.5	0.5	0.5	0.5	0.5	0.48930445878140216	0.5
TSs49	0	0.4976593267275241	0.011368427133508873	1	0.5	0.5	0.4893044587814023	0.5	0.5	0.4845909666608629	0.510728542691755	0.5	0.5	0.5	0.5105039329705847	0.5106957504130752	0.45805842425140014	0.5	0.5	0.5	0.5	0.5	0.5	0.48930445878140216	0.5
TSs138B	0	0.4964904078278572	0.013520795338577361	1	0.5	0.5	0.5	0.5	0.5	0.4845909666608629	0.510728542691755	0.5	0.44496693262756215	0.5	0.5	0.5106957504130752	0.4895215053824855	0.5	0.5	0.5	0.5	0.5	0.5	0.48930445878140216	0.5
TSs22B	0	0.4986978807114234	0.00956294688220065	1	0.5	0.5220245763602924	0.4893044587814023	0.5	0.5	0.4845909666608629	0.510728542691755	0.5	0.5	0.5	0.5105039329705847	0.47797917259968115	0.4895215053824855	0.5	0.5	0.5	0.5	0.5	0.5	0.48930445878140216	0.5
TSs287	0	0.4954192036323395	0.013177712515919125	1	0.5	0.5	0.4893044587814023	0.5	0.5	0.4845909666608629	0.5	0.5	0.44496693262756215	0.5	0.5	0.5106957504130752	0.4895215053824855	0.5	0.5	0.5	0.5	0.5	0.5	0.48930445878140216	0.5
TSs383	1	0.49451803988720516	0.015328047116852782	1	0.5	0.5220245763602924	0.5	0.4847881273246004	0.5	0.46013299977536953	0.5	0.51313618892148	0.5	0.5	0.5	0.47797917259968115	0.45805842425140014	0.5	0.5	0.5	0.5	0.5	0.48478812732460036	0.4894531811866786	0.5
TSs314A	0	0.49648082741545646	0.013948791054339375	1	0.5	0.5	0.4893044587814023	0.5	0.5	0.4845909666608629	0.510728542691755	0.5	0.44496693262756215	0.5	0.5105039329705847	0.5106957504130752	0.4895215053824855	0.5	0.5	0.5	0.5	0.5	0.5	0.48930445878140216	0.5
TSs30	0	0.4970156044763864	0.013863946511279526	1	0.5	0.5	0.5	0.5	0.5	0.4845909666608629	0.510728542691755	0.5	0.44496693262756215	0.5	0.5105039329705847	0.5106957504130752	0.4895215053824855	0.5	0.5	0.5	0.5	0.5	0.5	0.48930445878140216	0.5
TSs291	0	0.4957276699019503	0.014156426744641556	1	0.5	0.5	0.4893044587814023	0.4847881273246004	0.5	0.4845909666608629	0.510728542691755	0.5	0.44496693262756215	0.5	0.5105039329705847	0.5106957504130752	0.4895215053824855	0.5	0.5	0.5	0.5	0.5	0.5	0.4894531811866786	0.5
TSs157A	0	0.49913613271664625	0.008277221934105235	1	0.5	0.5	0.4893044587814023	0.4847881273246004	0.5	0.4845909666608629	0.510728542691755	0.51313618892148	0.5	0.5	0.5105039329705847	0.5106957504130752	0.4895215053824855	0.5	0.5	0.5	0.5	0.5	0.5	0.4894531811866786	0.5
TSs27	0	0.4940827548173591	0.013796729152386448	1	0.5	0.5	0.5	0.4847881273246004	0.5	0.4845909666608629	0.5	0.5	0.44496693262756215	0.5	0.5105039329705847	0.47797917259968115	0.4895215053824855	0.5	0.5	0.5	0.5	0.5	0.5	0.48930445878140216	0.5
TSs363	0	0.4941470797251323	0.016447784463681083	1	0.5	0.5	0.4893044587814023	0.5	0.5	0.4845909666608629	0.510728542691755	0.5	0.44496693262756215	0.5	0.5105039329705847	0.5106957504130752	0.45805842425140014	0.5	0.5	0.5	0.5	0.5	0.48478812732460036	0.48930445878140216	0.5
TSs9	0	0.4959444002808687	0.01357326856137622	1	0.5	0.5	0.4893044587814023	0.5	0.5	0.4845909666608629	0.5	0.5	0.44496693262756215	0.5	0.5105039329705847	0.5106957504130752	0.4895215053824855	0.5	0.5	0.5	0.5	0.5	0.5	0.48930445878140216	0.5
TSs151B	1	0.4945572432825684	0.01530283382753545	1	0.5	0.5220245763602924	0.5	0.485572195231865	0.5	0.46013299977536953	0.5	0.51313618892148	0.5	0.5	0.5	0.47797917259968115	0.45805842425140014	0.5	0.5	0.5	0.5	0.5	0.48478812732460036	0.4894531811866786	0.5
TSs133	0	0.49613405114032816	0.01716664926026144	1	0.5	0.5220245763602924	0.5	0.48480232380403704	0.5	0.46013299977536953	0.510728542691755	0.5	0.44496693262756215	0.5	0.5105039329705847	0.5106957504130752	0.4895215053824855	0.5	0.5	0.5	0.5	0.5	0.5	0.48930445878140216	0.5
TSs155	0	0.4970156044763864	0.013863946511279526	1	0.5	0.5	0.5	0.5	0.5	0.4845909666608629	0.510728542691755	0.5	0.44496693262756215	0.5	0.5105039329705847	0.5106957504130752	0.4895215053824855	0.5	0.5	0.5	0.5	0.5	0.5	0.48930445878140216	0.5
TSs209	0	0.49648082741545646	0.013948791054339375	1	0.5	0.5	0.4893044587814023	0.5	0.5	0.4845909666608629	0.510728542691755	0.5	0.44496693262756215	0.5	0.5105039329705847	0.5106957504130752	0.4895215053824855	0.5	0.5	0.5	0.5	0.5	0.5	0.48930445878140216	0.5
TSs136	0	0.4951919525913344	0.01375511445585952	1	0.5	0.5	0.4893044587814023	0.48480232380403704	0.5	0.4845909666608629	0.5	0.5	0.44496693262756215	0.5	0.5105039329705847	0.5106957504130752	0.4895215053824855	0.5	0.5	0.5	0.5	0.5	0.5	0.4894531811866786	0.5
TSs22A	0	0.4944884247333488	0.017672009184312495	1	0.5	0.5220245763602924	0.4893044587814023	0.48480232380403704	0.5	0.4845909666608629	0.510728542691755	0.5	0.44496693262756215	0.5	0.5105039329705847	0.5106957504130752	0.45805842425140014	0.5	0.5	0.5	0.5	0.5	0.48478812732460036	0.48930445878140216	0.5
TSs357	0	0.4983502176240483	0.012417827739729832	1	0.5	0.5220245763602924	0.4893044587814023	0.5	0.5	0.46013299977536953	0.510728542691755	0.5	0.5	0.5	0.5105039329705847	0.5106957504130752	0.4895215053824855	0.5	0.5	0.5	0.5	0.5	0.48478812732460036	0.48930445878140216	0.5
TSs161	0	0.4943198018762576	0.013687086344466514	1	0.5	0.5	0.4893044587814023	0.5	0.5	0.4845909666608629	0.510728542691755	0.5	0.44496693262756215	0.5	0.5	0.47797917259968115	0.4895215053824855	0.5	0.5	0.5	0.5	0.5	0.5	0.48930445878140216	0.5
TSs11	0	0.49713763686153045	0.014424385755274284	1	0.5	0.5	0.4893044587814023	0.5	0.5	0.4845909666608629	0.510728542691755	0.51313618892148	0.44496693262756215	0.5	0.5105039329705847	0.5106957504130752	0.4895215053824855	0.5	0.5	0.5	0.5	0.5	0.5	0.48930445878140216	0.5
TSs5A	0	0.49648082741545646	0.013948791054339375	1	0.5	0.5	0.4893044587814023	0.5	0.5	0.4845909666608629	0.510728542691755	0.5	0.44496693262756215	0.5	0.5105039329705847	0.5106957504130752	0.4895215053824855	0.5	0.5	0.5	0.5	0.5	0.5	0.48930445878140216	0.5
TSs131	0	0.49648082741545646	0.013948791054339375	1	0.5	0.5	0.4893044587814023	0.5	0.5	0.4845909666608629	0.510728542691755	0.5	0.44496693262756215	0.5	0.5105039329705847	0.5106957504130752	0.4895215053824855	0.5	0.5	0.5	0.5	0.5	0.5	0.48930445878140216	0.5
TSs294	0	0.49643642838324953	0.013885083148525025	1	0.5	0.5	0.4893044587814023	0.5	0.5	0.46013299977536953	0.510728542691755	0.5	0.5	0.5	0.5105039329705847	0.5106957504130752	0.45805842425140014	0.5	0.5	0.5	0.5	0.5	0.5	0.48930445878140216	0.5
TSs378	1	0.49691446241164483	0.014996033855492972	1	0.5	0.5220245763602924	0.5	0.5	0.5	0.46013299977536953	0.5	0.51313618892148	0.5	0.5	0.5	0.5106957504130752	0.45805842425140014	0.5	0.5	0.5	0.5	0.5	0.48478812732460036	0.4894531811866786	0.5
TSs336	0	0.49759665189340874	0.007850094853326457	1	0.5	0.5	0.4893044587814023	0.5	0.5	0.4845909666608629	0.510728542691755	0.5	0.5	0.5	0.5105039329705847	0.47797917259968115	0.4895215053824855	0.5	0.5	0.5	0.5	0.5	0.5	0.48930445878140216	0.5
TSs111	0	0.49802119505094067	0.01562259121120244	1	0.5	0.5220245763602924	0.5	0.48480232380403704	0.5	0.4845909666608629	0.510728542691755	0.51313618892148	0.44496693262756215	0.5	0.5105039329705847	0.5106957504130752	0.4895215053824855	0.5	0.5	0.5	0.5	0.5	0.5	0.4894531811866786	0.5
TSs56	0	0.4963844793480243	0.014660831638594829	1	0.5	0.5	0.4893044587814023	0.5	0.5	0.4845909666608629	0.510728542691755	0.51313618892148	0.44496693262756215	0.5	0.5105039329705847	0.5106957504130752	0.4895215053824855	0.5	0.5	0.5	0.5	0.5	0.48478812732460036	0.4894531811866786	0.5
TSs3A	0	0.4951845164710706	0.013758419968172444	1	0.5	0.5	0.4893044587814023	0.48480232380403704	0.5	0.4845909666608629	0.5	0.5	0.44496693262756215	0.5	0.5105039329705847	0.5106957504130752	0.4895215053824855	0.5	0.5	0.5	0.5	0.5	0.5	0.48930445878140216	0.5
TSs95	0	0.4951838066470987	0.013758984152036722	1	0.5	0.5	0.4893044587814023	0.5	0.5	0.4845909666608629	0.5	0.5	0.44496693262756215	0.5	0.5105039329705847	0.5106957504130752	0.4895215053824855	0.5	0.5	0.5	0.5	0.5	0.48478812732460036	0.48930445878140216	0.5
TSs2	0	0.4955969141817686	0.016851801539139	1	0.5	0.5220245763602924	0.5	0.5	0.5	0.46013299977536953	0.5	0.5	0.44496693262756215	0.5	0.5105039329705847	0.5106957504130752	0.4895215053824855	0.5	0.5	0.5	0.5	0.5	0.48478812732460036	0.48930445878140216	0.5
TSs44C	1	0.49451803988720516	0.015328047116852782	1	0.5	0.5220245763602924	0.5	0.4847881273246004	0.5	0.46013299977536953	0.5	0.51313618892148	0.5	0.5	0.5	0.47797917259968115	0.45805842425140014	0.5	0.5	0.5	0.5	0.5	0.48478812732460036	0.4894531811866786	0.5
TSs201	0	0.49648082741545646	0.013948791054339375	1	0.5	0.5	0.4893044587814023	0.5	0.5	0.4845909666608629	0.510728542691755	0.5	0.44496693262756215	0.5	0.5105039329705847	0.5106957504130752	0.4895215053824855	0.5	0.5	0.5	0.5	0.5	0.5	0.48930445878140216	0.5
TSs217	1	0.4950365102394425	0.015703510796881984	1	0.5	0.5220245763602924	0.5	0.48480232380403704	0.5	0.46013299977536953	0.5	0.51313618892148	0.5	0.5	0.5105039329705847	0.47797917259968115	0.45805842425140014	0.5	0.5	0.5	0.5	0.5	0.48478812732460036	0.48930445878140216	0.5
TSs168	0	0.4970156044763864	0.013863946511279526	1	0.5	0.5	0.5	0.5	0.5	0.4845909666608629	0.510728542691755	0.5	0.44496693262756215	0.5	0.5105039329705847	0.5106957504130752	0.4895215053824855	0.5	0.5	0.5	0.5	0.5	0.5	0.48930445878140216	0.5
TSs98	1	0.49648082741545646	0.013948791054339375	1	0.5	0.5	0.4893044587814023	0.5	0.5	0.4845909666608629	0.510728542691755	0.5	0.44496693262756215	0.5	0.5105039329705847	0.5106957504130752	0.4895215053824855	0.5	0.5	0.5	0.5	0.5	0.5	0.48930445878140216	0.5
TSs116	0	0.49648082741545646	0.013948791054339375	1	0.5	0.5	0.4893044587814023	0.5	0.5	0.4845909666608629	0.510728542691755	0.5	0.44496693262756215	0.5	0.5105039329705847	0.5106957504130752	0.4895215053824855	0.5	0.5	0.5	0.5	0.5	0.5	0.48930445878140216	0.5
TSs53	0	0.4937833747416699	0.01321214177142634	1	0.5	0.5	0.4893044587814023	0.5	0.5	0.4845909666608629	0.5	0.5	0.44496693262756215	0.5	0.5	0.47797917259968115	0.4895215053824855	0.5	0.5	0.5	0.5	0.5	0.5	0.48930445878140216	0.5
TSs63A	1	0.49451874971117704	0.015327573142557439	1	0.5	0.5220245763602924	0.5	0.48480232380403704	0.5	0.46013299977536953	0.5	0.51313618892148	0.5	0.5	0.5	0.47797917259968115	0.45805842425140014	0.5	0.5	0.5	0.5	0.5	0.48478812732460036	0.4894531811866786	0.5
TSs158	0	0.4951838066470987	0.013758984152036722	1	0.5	0.5	0.4893044587814023	0.5	0.5	0.4845909666608629	0.5	0.5	0.44496693262756215	0.5	0.5105039329705847	0.5106957504130752	0.4895215053824855	0.5	0.5	0.5	0.5	0.5	0.48478812732460036	0.48930445878140216	0.5
TSs269	0	0.49503928615644704	0.016485796631414775	1	0.5	0.5	0.4893044587814023	0.5	0.5	0.4845909666608629	0.510728542691755	0.51313618892148	0.44496693262756215	0.5	0.5	0.5106957504130752	0.45805842425140014	0.5	0.5	0.5	0.5	0.5	0.5	0.48930445878140216	0.5
TSs317	1	0.4968524974015013	0.012535851986818497	1	0.5	0.5220245763602924	0.5	0.48480232380403704	0.5	0.46013299977536953	0.5	0.51313618892148	0.5	0.5	0.5	0.47797917259968115	0.4895215053824855	0.5	0.5	0.5	0.5	0.5	0.5	0.4894531811866786	0.5
TSs49A	0	0.4977211051512797	0.015191376614006791	1	0.5	0.5220245763602924	0.4893044587814023	0.5	0.5	0.4845909666608629	0.510728542691755	0.51313618892148	0.44496693262756215	0.5	0.5	0.5106957504130752	0.4895215053824855	0.5	0.5	0.5	0.5	0.5	0.5	0.4894531811866786	0.5
TSs417	1	0.4957416480554516	0.013278448983629437	1	0.5	0.5220245763602924	0.5	0.48480232380403704	0.5	0.4845909666608629	0.5	0.51313618892148	0.5	0.5	0.5	0.47797917259968115	0.45805842425140014	0.5	0.5	0.5	0.5	0.5	0.48478812732460036	0.4894531811866786	0.5
TSs195	1	0.49451874971117704	0.015327573142557439	1	0.5	0.5220245763602924	0.5	0.48480232380403704	0.5	0.46013299977536953	0.5	0.51313618892148	0.5	0.5	0.5	0.47797917259968115	0.45805842425140014	0.5	0.5	0.5	0.5	0.5	0.48478812732460036	0.4894531811866786	0.5
TSs371	1	0.49439836739969084	0.015182424010875217	1	0.5	0.5220245763602924	0.5	0.48480232380403704	0.5	0.46013299977536953	0.510728542691755	0.5	0.5	0.5	0.5	0.47797917259968115	0.45805842425140014	0.5	0.5	0.5	0.5	0.5	0.48478812732460036	0.4894531811866786	0.5
TSs23	0	0.4960992598659061	0.016776619839659276	1	0.5	0.5	0.5	0.5	0.5	0.4845909666608629	0.510728542691755	0.51313618892148	0.44496693262756215	0.5	0.5105039329705847	0.5106957504130752	0.45805842425140014	0.5	0.5	0.5	0.5	0.5	0.5	0.48930445878140216	0.5
TSs51	0	0.49648082741545646	0.013948791054339375	1	0.5	0.5	0.4893044587814023	0.5	0.5	0.4845909666608629	0.510728542691755	0.5	0.44496693262756215	0.5	0.5105039329705847	0.5106957504130752	0.4895215053824855	0.5	0.5	0.5	0.5	0.5	0.5	0.48930445878140216	0.5
TSs59B	0	0.49648082741545646	0.013948791054339375	1	0.5	0.5	0.4893044587814023	0.5	0.5	0.4845909666608629	0.510728542691755	0.5	0.44496693262756215	0.5	0.5105039329705847	0.5106957504130752	0.4895215053824855	0.5	0.5	0.5	0.5	0.5	0.5	0.48930445878140216	0.5
TSs365	0	0.4955985642554265	0.017206895618366087	1	0.5	0.5220245763602924	0.4893044587814023	0.5	0.5	0.46013299977536953	0.510728542691755	0.5	0.44496693262756215	0.5	0.5105039329705847	0.5106957504130752	0.4895215053824855	0.5	0.5	0.5	0.5	0.5	0.48478812732460036	0.48930445878140216	0.5
TSs224	0	0.4980170185600675	0.010726248057956595	1	0.5	0.5	0.4893044587814023	0.5	0.5	0.46013299977536953	0.510728542691755	0.5	0.5	0.5	0.5105039329705847	0.5106957504130752	0.4895215053824855	0.5	0.5	0.5	0.5	0.5	0.5	0.4894531811866786	0.5
TSs325	0	0.49596306688719105	0.013582244170426687	1	0.5	0.5	0.4893044587814023	0.5	0.5	0.4845909666608629	0.510728542691755	0.5	0.44496693262756215	0.5	0.5	0.5106957504130752	0.4895215053824855	0.5	0.5	0.5	0.5	0.5	0.5	0.4894531811866786	0.5
TSs119A	1	0.49123231928162536	0.018736716231610096	1	0.5	0.5220245763602924	0.4893044587814023	0.48480232380403704	0.5	0.46013299977536953	0.5	0.51313618892148	0.44496693262756215	0.5	0.5	0.47797917259968115	0.45805842425140014	0.5	0.5	0.5	0.5	0.5	0.48478812732460036	0.4894531811866786	0.5
TSs166	0	0.49689944291772603	0.011706626281560465	1	0.5	0.5	0.4893044587814023	0.48480232380403704	0.5	0.4845909666608629	0.510728542691755	0.5	0.5	0.5	0.5105039329705847	0.5106957504130752	0.45805842425140014	0.5	0.5	0.5	0.5	0.5	0.5	0.48930445878140216	0.5
TSs297	1	0.49451874971117704	0.015327573142557439	1	0.5	0.5220245763602924	0.5	0.48480232380403704	0.5	0.46013299977536953	0.5	0.51313618892148	0.5	0.5	0.5	0.47797917259968115	0.45805842425140014	0.5	0.5	0.5	0.5	0.5	0.48478812732460036	0.4894531811866786	0.5
TSs338	0	0.4942037414083287	0.015210646986978922	1	0.5	0.5	0.4893044587814023	0.5	0.5	0.46013299977536953	0.5	0.5	0.44496693262756215	0.5	0.5	0.5106957504130752	0.4895215053824855	0.5	0.5	0.5	0.5	0.5	0.5	0.4894531811866786	0.5
TSs293	1	0.49451874971117704	0.015327573142557439	1	0.5	0.5220245763602924	0.5	0.48480232380403704	0.5	0.46013299977536953	0.5	0.51313618892148	0.5	0.5	0.5	0.47797917259968115	0.45805842425140014	0.5	0.5	0.5	0.5	0.5	0.48478812732460036	0.4894531811866786	0.5
TSs24	0	0.4966030367888755	0.01579785159251446	1	0.5	0.5220245763602924	0.4893044587814023	0.5	0.5	0.4845909666608629	0.510728542691755	0.51313618892148	0.44496693262756215	0.5	0.5105039329705847	0.47797917259968115	0.4895215053824855	0.5	0.5	0.5	0.5	0.5	0.5	0.48930445878140216	0.5
TSs334	1	0.49451803988720516	0.015328047116852782	1	0.5	0.5220245763602924	0.5	0.4847881273246004	0.5	0.46013299977536953	0.5	0.51313618892148	0.5	0.5	0.5	0.47797917259968115	0.45805842425140014	0.5	0.5	0.5	0.5	0.5	0.48478812732460036	0.4894531811866786	0.5
TSs1A	0	0.4975804061598132	0.01465927984488831	1	0.5	0.5220245763602924	0.5	0.5	0.5	0.4845909666608629	0.5	0.5	0.44496693262756215	0.5	0.5105039329705847	0.5106957504130752	0.4895215053824855	0.5	0.5	0.5	0.5	0.5	0.5	0.48930445878140216	0.5
TSs266	1	0.49451803988720516	0.015328047116852782	1	0.5	0.5220245763602924	0.5	0.4847881273246004	0.5	0.46013299977536953	0.5	0.51313618892148	0.5	0.5	0.5	0.47797917259968115	0.45805842425140014	0.5	0.5	0.5	0.5	0.5	0.48478812732460036	0.4894531811866786	0.5
TSs277	0	0.49481346958360695	0.01659902735063868	1	0.5	0.5	0.5	0.5	0.5	0.4845909666608629	0.510728542691755	0.51313618892148	0.44496693262756215	0.5	0.5	0.5106957504130752	0.45805842425140014	0.5	0.5	0.5	0.5	0.5	0.48478812732460036	0.48930445878140216	0.5
TSs60B	0	0.49315957836609836	0.017621121498031793	1	0.5	0.5	0.4893044587814023	0.5	0.5	0.46013299977536953	0.510728542691755	0.5	0.44496693262756215	0.5	0.5	0.5106957504130752	0.45805842425140014	0.5	0.5	0.5	0.5	0.5	0.5	0.48930445878140216	0.5
TSs303	1	0.4934168110691906	0.013979721741928448	1	0.5	0.5	0.5	0.4847881273246004	0.5	0.46013299977536953	0.5	0.51313618892148	0.5	0.5	0.5	0.47797917259968115	0.45805842425140014	0.5	0.5	0.5	0.5	0.5	0.48478812732460036	0.4894531811866786	0.5
TSs120	0	0.49747498236714865	0.012556995363745809	1	0.5	0.5220245763602924	0.4893044587814023	0.5	0.5	0.46013299977536953	0.510728542691755	0.5	0.5	0.5	0.5105039329705847	0.47797917259968115	0.4895215053824855	0.5	0.5	0.5	0.5	0.5	0.5	0.48930445878140216	0.5
TSs132	0	0.49648082741545646	0.013948791054339375	1	0.5	0.5	0.4893044587814023	0.5	0.5	0.4845909666608629	0.510728542691755	0.5	0.44496693262756215	0.5	0.5105039329705847	0.5106957504130752	0.4895215053824855	0.5	0.5	0.5	0.5	0.5	0.5	0.48930445878140216	0.5
TSs78	0	0.49755642935207484	0.013746712137003904	1	0.5	0.5220245763602924	0.5	0.48480232380403704	0.5	0.4845909666608629	0.510728542691755	0.51313618892148	0.5	0.5	0.5105039329705847	0.47797917259968115	0.45805842425140014	0.5	0.5	0.5	0.5	0.5	0.5	0.48930445878140216	0.5
TSs61	0	0.4956138697393359	0.011435225872388821	1	0.5	0.5	0.4893044587814023	0.48480232380403704	0.5	0.46013299977536953	0.510728542691755	0.5	0.5	0.5	0.5105039329705847	0.47797917259968115	0.4895215053824855	0.5	0.5	0.5	0.5	0.5	0.5	0.48930445878140216	0.5
TSs60	0	0.49648082741545646	0.013948791054339375	1	0.5	0.5	0.4893044587814023	0.5	0.5	0.4845909666608629	0.510728542691755	0.5	0.44496693262756215	0.5	0.5105039329705847	0.5106957504130752	0.4895215053824855	0.5	0.5	0.5	0.5	0.5	0.5	0.48930445878140216	0.5
TSs274	0	0.4952483085431469	0.01755998247543988	1	0.5	0.5220245763602924	0.4893044587814023	0.5	0.5	0.4845909666608629	0.510728542691755	0.5	0.44496693262756215	0.5	0.5105039329705847	0.5106957504130752	0.45805842425140014	0.5	0.5	0.5	0.5	0.5	0.48478812732460036	0.48930445878140216	0.5
TSs10A	0	0.49648082741545646	0.013948791054339375	1	0.5	0.5	0.4893044587814023	0.5	0.5	0.4845909666608629	0.510728542691755	0.5	0.44496693262756215	0.5	0.5105039329705847	0.5106957504130752	0.4895215053824855	0.5	0.5	0.5	0.5	0.5	0.5	0.48930445878140216	0.5
TSs96	0	0.49713763686153045	0.014424385755274284	1	0.5	0.5	0.4893044587814023	0.5	0.5	0.4845909666608629	0.510728542691755	0.51313618892148	0.44496693262756215	0.5	0.5105039329705847	0.5106957504130752	0.4895215053824855	0.5	0.5	0.5	0.5	0.5	0.5	0.48930445878140216	0.5
TSs282	0	0.49648082741545646	0.013948791054339375	1	0.5	0.5	0.4893044587814023	0.5	0.5	0.4845909666608629	0.510728542691755	0.5	0.44496693262756215	0.5	0.5105039329705847	0.5106957504130752	0.4895215053824855	0.5	0.5	0.5	0.5	0.5	0.5	0.48930445878140216	0.5
TSs56A	0	0.49648082741545646	0.013948791054339375	1	0.5	0.5	0.4893044587814023	0.5	0.5	0.4845909666608629	0.510728542691755	0.5	0.44496693262756215	0.5	0.5105039329705847	0.5106957504130752	0.4895215053824855	0.5	0.5	0.5	0.5	0.5	0.5	0.48930445878140216	0.5
TSs296	0	0.4998967263504162	0.007556964756959628	1	0.5	0.5	0.4893044587814023	0.5	0.5	0.4845909666608629	0.510728542691755	0.51313618892148	0.5	0.5	0.5105039329705847	0.5106957504130752	0.4895215053824855	0.5	0.5	0.5	0.5	0.5	0.5	0.4894531811866786	0.5
TSs33	0	0.4947419241610628	0.01480682192053886	1	0.5	0.5	0.4893044587814023	0.48480232380403704	0.5	0.4845909666608629	0.510728542691755	0.51313618892148	0.44496693262756215	0.5	0.5105039329705847	0.47797917259968115	0.4895215053824855	0.5	0.5	0.5	0.5	0.5	0.5	0.48930445878140216	0.5
TSs311	0	0.4970156044763864	0.013863946511279526	1	0.5	0.5	0.5	0.5	0.5	0.4845909666608629	0.510728542691755	0.5	0.44496693262756215	0.5	0.5105039329705847	0.5106957504130752	0.4895215053824855	0.5	0.5	0.5	0.5	0.5	0.5	0.48930445878140216	0.5
TSs68	0	0.49817268406289417	0.009160398528066736	1	0.5	0.5220245763602924	0.4893044587814023	0.5	0.5	0.4845909666608629	0.510728542691755	0.5	0.5	0.5	0.5	0.47797917259968115	0.4895215053824855	0.5	0.5	0.5	0.5	0.5	0.5	0.48930445878140216	0.5
TSs104	0	0.4957202337816865	0.014159934715681763	1	0.5	0.5	0.4893044587814023	0.5	0.5	0.4845909666608629	0.510728542691755	0.5	0.44496693262756215	0.5	0.5105039329705847	0.5106957504130752	0.4895215053824855	0.5	0.5	0.5	0.5	0.5	0.48478812732460036	0.48930445878140216	0.5
TSs58	0	0.4985922694617947	0.00783072380492772	1	0.5	0.5	0.4893044587814023	0.5	0.5	0.4845909666608629	0.5	0.51313618892148	0.5	0.5	0.5105039329705847	0.5106957504130752	0.4895215053824855	0.5	0.5	0.5	0.5	0.5	0.48478812732460036	0.48930445878140216	0.5
TSs358	0	0.4963352909335123	0.016948048527342885	1	0.5	0.5	0.48848686229804894	0.484004147211311	0.5	0.4836161377711794	0.5	0.5	0.443918281335884	0.5	0.5395848121045452	0.509878032647	0.4887306830042276	0.5	0.5	0.5	0.5	0.5	0.5	0.48848686229804894	0.5
TSs82	0	0.496497843948121	0.013516675498979586	1	0.5	0.5	0.5	0.5	0.5	0.4845909666608629	0.510728542691755	0.5	0.44496693262756215	0.5	0.5	0.5106957504130752	0.4895215053824855	0.5	0.5	0.5	0.5	0.5	0.5	0.4894531811866786	0.5
TSs15	0	0.49233630989821303	0.015582346426828363	1	0.5	0.5	0.4893044587814023	0.5	0.5	0.46013299977536953	0.510728542691755	0.5	0.44496693262756215	0.5	0.5	0.47797917259968115	0.4895215053824855	0.5	0.5	0.5	0.5	0.5	0.48478812732460036	0.48930445878140216	0.5
TSs3	0	0.4959444002808687	0.01357326856137622	1	0.5	0.5	0.4893044587814023	0.5	0.5	0.4845909666608629	0.5	0.5	0.44496693262756215	0.5	0.5105039329705847	0.5106957504130752	0.4895215053824855	0.5	0.5	0.5	0.5	0.5	0.5	0.48930445878140216	0.5
TSs4	0	0.49648082741545646	0.013948791054339375	1	0.5	0.5	0.4893044587814023	0.5	0.5	0.4845909666608629	0.510728542691755	0.5	0.44496693262756215	0.5	0.5105039329705847	0.5106957504130752	0.4895215053824855	0.5	0.5	0.5	0.5	0.5	0.5	0.48930445878140216	0.5
TSs331	0	0.4927466478197034	0.01589729851878855	1	0.5	0.5	0.4893044587814023	0.5	0.5	0.4845909666608629	0.510728542691755	0.5	0.44496693262756215	0.5	0.5	0.47797917259968115	0.45805842425140014	0.5	0.5	0.5	0.5	0.5	0.5	0.48930445878140216	0.5
TSs314B	0	0.4936221001805122	0.015982561579293408	1	0.5	0.5	0.4893044587814023	0.5	0.5	0.46013299977536953	0.510728542691755	0.5	0.44496693262756215	0.5	0.5105039329705847	0.47797917259968115	0.4895215053824855	0.5	0.5	0.5	0.5	0.5	0.5	0.48930445878140216	0.5
TSs333	0	0.49293161750112147	0.01802737061857084	1	0.5	0.5	0.4893044587814023	0.4847881273246004	0.5	0.46013299977536953	0.510728542691755	0.5	0.44496693262756215	0.5	0.5105039329705847	0.5106957504130752	0.45805842425140014	0.5	0.5	0.5	0.5	0.5	0.5	0.4894531811866786	0.5
TSs7	0	0.49437868234457827	0.0159663297355592	1	0.5	0.5	0.4893044587814023	0.5	0.5	0.4845909666608629	0.5	0.5	0.44496693262756215	0.5	0.5105039329705847	0.5106957504130752	0.45805842425140014	0.5	0.5	0.5	0.5	0.5	0.5	0.4894531811866786	0.5
TSs38	0	0.4963400803158173	0.014599922626046147	1	0.5	0.5	0.4893044587814023	0.4847881273246004	0.5	0.46013299977536953	0.510728542691755	0.51313618892148	0.5	0.5	0.5105039329705847	0.5106957504130752	0.45805842425140014	0.5	0.5	0.5	0.5	0.5	0.5	0.4894531811866786	0.5
TSs10	0	0.49472332899852683	0.017160499573953113	1	0.5	0.5220245763602924	0.4893044587814023	0.5	0.5	0.46013299977536953	0.510728542691755	0.5	0.44496693262756215	0.5	0.5105039329705847	0.47797917259968115	0.4895215053824855	0.5	0.5	0.5	0.5	0.5	0.5	0.48930445878140216	0.5
TSs48	0	0.4957202337816865	0.014159934715681763	1	0.5	0.5	0.4893044587814023	0.5	0.5	0.4845909666608629	0.510728542691755	0.5	0.44496693262756215	0.5	0.5105039329705847	0.5106957504130752	0.4895215053824855	0.5	0.5	0.5	0.5	0.5	0.48478812732460036	0.48930445878140216	0.5
