ID	ID	Class	Mean	stdev	Predicted_0.17	Median	score_0	score_1	score_2	score_3	score_4	score_5	score_6	score_7	score_8	score_9	score_10	score_11	score_12	score_13	score_14	score_15	score_16	score_17	score_18	score_19
TSs156A	0	0.17866191381289462	0.31981609584526677	1	0.006101678530862921	0.9424050626948368	0.9284732990011788	0.00022304801732801513	0.004652506828369762	0.02897202780894268	0.6541523275749958	0.32565868001911047	0.0001349177907098239	0.00755085023335608	0.535198872033858	0.03739852464738529	1.7593084918650066e-05	0.00021750950541515513	4.353685750926429e-05	0.0006949446497677722	0.0004841008538882186	0.004033921324897687	3.158573914635194e-07	0.0935262262374647	0.009400011236568452
TSs361	0	0.1603301923622787	0.35325673446903727	0	0.0006419470853861627	0.9681138862825336	0.9980387644695234	0.0038630444116475116	0.0009472549174737324	2.513247785530712e-08	0.962126091443571	0.018261355382306103	2.666790569556959e-06	0.024181195869946832	0.10587265434222955	0.11802157540568915	1.284305654394803e-08	2.655436167592045e-07	1.5987139378294488e-07	0.000336639253298593	3.112609398145122e-08	1.5181459966642436e-08	4.2417067602546555e-08	4.825943267362587e-08	0.006838118302184684
TSs368	0	0.16199078147102755	0.33150296569815896	0	0.016657913325114418	0.0007968401764296498	0.0049845002325234755	0.9977853733564521	0.20171570727409352	0.0010858506511376626	0.8339710765105741	0.05080499605753149	0.0012734824591731071	0.019924148816688452	0.013391677833540382	0.0005436832597540287	4.643966185394475e-05	0.05601066971226212	0.029286450009416775	0.004031436497514661	0.9321674586806823	0.06665635001118284	0.000502157639498306	0.021154305621520014	0.0036830249587227874
TSs49	0	0.17179596812486056	0.27271525078894593	1	0.027943483353146344	0.0022516797353331983	0.5359655947955373	0.1007965949534027	0.2794501704357463	0.029480383082093865	0.020587252650264176	0.0009763720198801111	0.9659136633529609	4.20019820087692e-05	6.688024598217795e-06	0.00462870751169539	0.5299660169166522	0.008060168639373798	0.02640658362419882	0.6174805607260742	0.013537304774967045	0.0029454369502676593	0.12445438989082268	0.08821585325137146	0.08475393917996267
TSs138B	0	0.209363987309366	0.3745596187608791	1	0.004245224368689857	0.9756961348031846	0.9880894092576532	0.005974872225149188	5.5995073452310764e-05	0.003576268709543648	0.8549627700713688	0.3746828477657766	5.787940004907873e-05	0.030140067967566648	0.8592266291694262	0.0025601385856145417	0.0006027538958281241	0.0005447447938338967	0.00010343847323400489	0.04959276523030456	0.0031164875353679694	0.004914180027836066	0.002702572364935089	0.02967265443599632	0.0010071364011977418
TSs22B	0	0.022315186930773813	0.0837142172157249	0	0.00010793165227069359	6.855438648148336e-06	0.006947452508635867	0.03776441830745531	2.2970423915098634e-05	7.807473320490973e-07	0.005085618516901939	0.37598197157917795	0.00010025808874175311	0.0014528501941907807	6.088104806805166e-05	2.4805004746333833e-06	0.01550260453736308	1.3724618520644883e-05	0.00011560521579963405	0.00014470451211319352	0.00016711398717553363	9.219451917367851e-05	3.573321161447918e-05	0.0027248963417014953	8.062431847287137e-05
TSs287	0	0.8501484274388467	0.2213824314564367	1	0.9401589045787145	0.9765163234538933	0.8150037247140959	0.9911493605280576	0.9550656440828358	0.9384126528635508	0.9918387110476696	0.9667200720669441	0.8286454521819817	0.9977767506226268	0.9821723952609274	0.34128955088527646	0.6451054651917412	0.7318942308135367	0.9419051562938783	0.1954392708077377	0.9856605520083955	0.9916814839468124	0.8808716956954402	0.9216641671944322	0.9241558891171034
TSs383	0	0.9958187920189567	0.011993214289404737	1	0.9992894851173495	0.9999747214024576	0.9981971006132907	0.9986882408571238	0.9993701937079965	0.9464610413527346	0.9862448619652776	0.998416546842871	0.9996130235948677	0.9999802165627533	0.9994385216959415	0.9998679540940539	0.9990296769643758	0.9999039887136678	0.9979818468832529	0.999533198790523	0.99726059635917	0.9992087765267025	0.9977544175874875	0.9997914940067394	0.9996594218578483
TSs314A	0	0.3308806568190359	0.34401289735428603	1	0.23198445742586515	0.2954095784218286	0.2706755753586207	0.6902967640004812	0.028833568361058687	0.020994490759996133	0.01658151073408929	0.9331665514532453	0.0015447145962495708	0.4056075430965693	0.7832385433146806	0.8642642346910437	0.19329333949310962	0.00030516318795441506	0.1420994748009794	0.00010051634016069192	0.430249889125432	0.9670071992764322	0.03687274307207312	0.4691771219335499	0.06789461436316377
TSs30	0	0.6767046332506932	0.36311188385294585	1	0.8325552628487489	0.9733324549296539	0.5239330707832646	0.995694046890313	0.985658230067339	0.9705812390515394	0.004043939325697111	0.004997029607918172	0.7939176352823919	0.9989507403386818	0.8451965348686116	0.8199139908288863	0.5061200380874632	0.9906678260100283	0.8508423693057336	0.05926949123004509	0.1899889059879484	0.6975794340532742	0.9928419290932234	0.9510791162544482	0.37948464301740226
TSs291	1	0.838641541790234	0.26863017190876376	1	0.9624273094666522	0.9851782051529165	0.9725213767170887	0.914519014956561	0.9351977601109552	0.7035282441083637	0.7805911030707285	0.0024029187441534762	0.99747177604001	0.9980411748341795	0.9671043575217987	0.995750808053642	0.7245319741078434	0.9868082610767722	0.9577502614115057	0.9112816723903885	0.9989944785398212	0.2301441250045669	0.9934458732643427	0.739062567959712	0.9785048827393272
TSs157A	0	0.354210937854054	0.3398677542889464	1	0.19676556120067912	0.10291012752391716	0.013937713288226353	0.6875424218917677	0.022809330053304034	0.7647794468542	0.14534933371491168	0.5899581171835876	0.7064442985229896	0.08698043912388348	0.8253444769512801	0.03316371816028875	0.027517009031081598	0.33654588681430964	0.014030088682330603	0.7666870525113687	0.9523638868241046	0.24818178868644655	0.13207509637913875	0.0039673441368759214	0.6236311807470669
TSs27	1	0.4029842320965618	0.3343033064318406	1	0.24627848076852538	0.44227058259305047	0.21558705944002812	0.334655793553598	0.14723748978924742	0.0005568190711724511	0.2535661664928509	0.8122251619511722	0.21811287053360615	0.39472198495874	0.18926977705100426	0.966074306464417	0.7444812216163534	0.055471902158829155	0.789592312946016	0.9182755148334508	0.0005392411453191543	0.9741364914184157	0.21928833169833628	0.1446308191714274	0.23899079504419982
TSs363	0	0.11356231542165121	0.2546543534598032	0	0.0005437159305213446	0.672621594263238	0.9170421392438391	0.01934308931189069	9.721393549279458e-05	0.00020005243391010418	0.16113957794339004	0.005559640270103023	5.6515158642510644e-05	3.9413404652465836e-05	0.04012126532998272	0.00048649721882986304	1.6899691700767125e-06	0.0441977338875241	1.8636660435295195e-06	0.4083307306000348	0.0009441538801236466	3.517633149305571e-06	0.00010219349116661567	0.0006009346422128261	0.0003564921496275539
TSs9	0	0.09705542439246519	0.22017096793531496	0	0.022053984577236015	0.00013918265425097152	0.007997011446891703	0.9937910606752552	0.0266774083065915	0.017430560847880527	0.15978404665179913	0.03929262787457245	0.0024713941545631895	0.003175356103666029	0.16505660043876302	0.0026132958799171034	0.14298310437435202	0.0015680002620761945	0.0035152790075656786	0.1837246804828226	0.07306383235348046	0.05021696207648647	0.000807057054281934	0.0011700895430121411	0.06563093766107504
TSs151B	0	0.15609132557408514	0.3529204276292211	0	0.0021595220792627215	0.9598638472699333	0.9975844152791329	0.003162296362255494	0.001156747796269949	1.6825728663204623e-08	0.9604250662505105	0.01178425591564389	2.665938422587017e-06	0.005804845096553271	0.08859160844911719	0.08231300734212449	1.284305654394803e-08	1.6661641231106165e-08	9.686689275088502e-09	0.00027558246077837614	1.857420221900903e-08	1.2360346377740575e-08	0.0003469217000949047	0.005931418664605479	0.004583746004596287
TSs133	0	0.17725222555086004	0.32172725112767914	1	0.003316409999050472	0.6352268677743513	0.8508743478166422	0.0022238283405599853	0.00021467500838173888	0.0027427990214596164	0.7279163932815502	0.02792443779316526	0.00012239056265421868	0.02143102566230229	0.9113107543102514	0.3241953064459532	2.6789501766284216e-06	0.027817536989415942	0.00012986268202294323	0.003890020976641327	0.00019478755036504	0.0022577681906711124	0.0005745284168870596	0.0006944958032563081	0.005300005440492088
TSs155	0	0.22891497371151748	0.35012798084633145	1	0.011573073066245347	0.6629730248374055	0.9386141792797708	0.009065219922468849	0.0050427856576589014	0.0013525189761602237	0.7498518895756279	0.009846516192440227	0.0037572502979150114	0.9850583126698966	0.5181687162366126	0.013299629940050468	0.0008847390939901197	0.0003507338393176594	0.09628793019326368	0.048530724309673756	0.0032471565090469836	0.0032680583240823143	0.035907535146408924	0.0005918007927510927	0.4922007524358081
TSs209	0	0.9071776947719883	0.17594506791355446	1	0.9765479731437325	0.9996973452474229	0.9129235264719057	0.9697721156658334	0.9322065156901158	0.9987628076637225	0.7089297586497091	0.9588932599976631	0.27797250644312543	0.9995082253450157	0.9911801136855627	0.9998720576493495	0.9996912954486776	0.9709168279356484	0.9537291521387338	0.9821791183518168	0.846236571315699	0.9840740697061376	0.9995475247792739	0.6648383893545998	0.992622713899752
TSs136	0	0.2966720739053827	0.367879737587516	1	0.10862399135577336	0.0018913618319868536	0.1260399792918174	0.9949007128965057	0.6167169821684108	0.09120800341972933	0.26712418239493163	0.008196681957286485	0.008861117022929568	0.005018221456296216	0.9187963320361361	0.06645045043005632	0.23558001168108655	0.8712911312419356	0.0500421995330313	0.002110496144331499	0.9518626190892922	0.5216322501215759	0.0036933061959206594	0.13729521560490135	0.054730223589492456
TSs22A	0	0.09387506602051965	0.21874893376014753	0	0.0004945287987102195	1.6011251536199168e-06	0.0003477675388847014	0.004789238085770001	0.23845489934009897	0.0002880731915475746	0.005570113668236516	0.4709622767718073	0.08527270741237628	1.4591530410096453e-06	0.0002488953582228757	0.00013823768210521697	0.19230633879951006	6.511944075453528e-05	7.828041272053955e-07	0.0003956617897274258	0.004117676816940838	0.00010205518531760447	0.0006727362032221564	0.8731722842358562	0.0005933958076930133
TSs357	1	0.06789505392507127	0.20585973886439418	0	0.0019431994851879346	0.04255332039622324	0.005989336269645246	0.006836399430852535	0.0005614021980229601	0.0004535607653297026	0.01819318881761035	0.8556588292724078	0.0018108467417853882	0.002075552228590481	0.4035664372108888	0.0021683464793511354	0.004175110912524599	1.5617540461951736e-05	0.0015232414964350917	0.010176039759667846	0.00029424301788098507	4.343245802458207e-05	2.1067714334001133e-06	0.0016301032003068195	0.00017396353398284765
TSs161	0	0.9824316008426676	0.04762681359047283	1	0.9991491296148622	0.9993601210393156	0.9982073628424318	0.9991806734367968	0.9990079625450207	0.7855138972994392	0.9775125118261632	0.9997677932447664	0.9995038369714981	0.9999945343590892	0.9790115876125297	0.9998540406436676	0.9897182030495827	0.9999066292671057	0.9996784174820462	0.9761071698125233	0.9991175857929276	0.9622814211514018	0.9853516144170645	0.999767541264889	0.9997891127950952
TSs11	0	0.9001165741432553	0.18856696015360208	1	0.9897906618433812	0.9959094977055967	0.9881873437248612	0.9878406029032621	0.999544472191399	0.6033235583338458	0.9429105293624048	0.7057698167973597	0.9985553471631786	0.9931018354135017	0.952613823760931	0.9999792776625153	0.9996753267717426	0.9012185027628427	0.9991662494580161	0.9875372685570503	0.9998383047681876	0.9913939799619013	0.9979673513275545	0.288820308775914	0.6689780854630407
TSs5A	0	0.12636706127779948	0.1715319919779302	0	0.06256821309067526	0.06376995172967041	0.14987063492270272	0.0017480130337552216	0.0009322568611280545	0.6941240962166286	0.34635571474852705	0.061366474451680114	2.337066344362617e-05	0.14484205932498248	0.3431638297723093	0.03325374513707832	0.04227929380291422	0.10772792099052259	0.020181071280161705	0.00028683989913629796	0.0007218883152884999	0.2068510501361542	0.12383735433596808	0.18594514745512858	6.051247880984898e-05
TSs131	0	0.22150150385940687	0.30534172977760266	1	0.08586659585977464	0.02262387345021655	3.374678101265225e-05	0.21689625795590925	0.9740918489939404	0.1313011559082655	0.020677874425860807	0.013478894221838476	0.11801978501645778	0.26662996282906876	0.014846260517797135	0.003083649914770034	0.6061271130123147	0.6649552691604399	0.05023262048458569	0.0019718747970428694	0.8744417812483588	0.22214629570371383	0.020481967191057267	0.15427643887239476	0.0537134067030915
TSs294	0	0.5768269257753357	0.3442323342004551	1	0.5818629003962723	0.9795688791322138	0.4427726481774169	0.6018098440458338	0.4276052097729958	0.544235812366259	0.890937132872529	0.020663125277077296	0.17482141160361017	0.9996308708125458	0.5619159567467107	0.950268860048491	0.8367950946175227	0.9802642175584686	0.9508964774526132	0.3893692635967075	0.7945385630555656	0.041347729039638834	0.6917927783607161	0.1775034762367486	0.07980116473304917
TSs378	0	0.8497364516357384	0.24963099702874905	1	0.9658292245892525	0.9392110954677423	0.3388129252702775	0.9996288025955796	0.9845933054489401	0.06689801620046612	0.8593626416185517	0.9529389434273566	0.646036611635005	0.7095455318760201	0.9787195057511483	0.9131465935700045	0.999981463954291	0.9296428864510463	0.9992138318463704	0.9925934633200159	0.9811295578736275	0.9965501935372392	0.9986947440444119	0.9884699697427609	0.7195589490839143
TSs336	0	0.12022580621329493	0.2126705326938001	0	0.034881393144076005	0.00027846991883109296	2.384849011433739e-05	0.004058222283153264	0.2600744731233935	0.8437761883099674	0.0005235564395807223	0.059702137890135905	0.004061825600039346	0.16414904320656215	0.0022995971706260793	0.062070971271062196	0.29866957486876466	0.4797431928663362	0.0033904589502763744	0.00041419879987053017	0.05022844315185086	0.05644544255401996	0.01953434313630115	0.09473217810918567	0.00033995812582718305
TSs111	0	0.5103675791622553	0.3749480173101371	1	0.5096890823480128	0.9971166086470116	0.9989407677062921	0.3824103933080139	0.22694650157297921	0.013163243262174763	0.8569058257821318	0.6684656438065142	0.7798278593284351	0.9156295521624204	0.6076337960405108	0.9894018282925432	0.0012768035368733181	0.03172624163923544	0.9943218332329088	0.13461032337721507	0.026159101137645555	0.5610873919888996	0.458290772707126	0.3883711179061278	0.17506597781004443
TSs56	1	0.6885183186846607	0.40337533159211875	1	0.9254253758541275	0.9038874890408523	0.0012564577523634097	0.9739197016207745	0.9207289385730805	0.10799863720040198	0.9537976163777862	0.03939796535784601	0.9673488772779647	0.36469068456181963	0.9924225592052295	0.9643137660121784	0.720268120000139	0.9436380822727469	0.09031472935981823	0.9301218131351746	0.9934606572465706	0.9966002208604846	0.9098279151618129	0.9808966391245424	0.015475503551627563
TSs3A	0	0.19173202847128618	0.2723331483963773	1	0.0565463601365215	0.0005504020741935	0.0029279320878488634	0.0022791226131454612	0.12521817633089397	0.07121569718436534	0.4305861839301958	0.006289772790907683	0.25745169939504076	0.0003084785714483228	0.015066224136039443	0.02869801374638543	0.04187702308867766	0.29800007736068074	0.014123718228619929	0.0010435139675724313	0.3145344609924624	0.15253188089584377	0.31133339862997866	0.8058905712004529	0.9547142222009704
TSs95	0	0.6095967582242234	0.321333729775307	1	0.6405417120560748	0.29369722371376816	0.08598724054934968	0.8109799399824622	0.8290156101569252	0.9993630636124756	0.663308694188113	0.3671785710356259	0.5085720538798917	0.6761325124376357	4.347078829087553e-05	0.5080226610115269	0.9278938216967396	0.6177747299240365	0.6001643746544385	0.7206677114620025	0.9960381726102425	0.03289144650539575	0.990888790157418	0.5709529865306201	0.9923620895875079
TSs2	0	0.014629489038688109	0.044881596039521125	0	0.000663039040806269	3.5890709538112314e-07	0.0020998577045081854	0.010321932988674686	0.02931279266118192	7.605256647945382e-06	0.20187807002318064	0.00037942460638834877	0.013637079741247556	4.102840304694504e-06	2.4482596262477273e-06	2.4587219757352923e-05	0.0019942083270065403	0.0009466534752241892	1.3511943354967737e-05	5.416354133727512e-05	0.024528155950763072	3.64972078254914e-05	0.0015622604078563936	0.005764050560039322	2.2019151741946015e-05
TSs44C	0	0.5015975580558762	0.39556243773399263	1	0.5170196910850045	0.5215524336876707	0.47663491648427153	0.9210822210282505	0.021522779309391688	0.9938248562138013	0.027723958158827968	0.5124869484823382	0.028083576363974197	0.03029978146118247	0.16387485286588388	0.9403863530905754	0.9991850246015337	0.9447395531045157	0.22841863297407974	0.8457346538134496	0.004937955006905995	0.5757167057315633	0.9194514659926989	0.8080982799146024	0.06819621283200669
TSs201	1	0.8931470900510439	0.19646759730820781	1	0.9786105530001612	0.9926509650410291	0.22996330177706722	0.9943265071872902	0.9995990074164586	0.8425371506331274	0.9867125224716448	0.9990842686845115	0.493072502777482	0.9912173796656185	0.9698010609675979	0.9499613983121216	0.9921120365597421	0.9891859550290937	0.8618555177537179	0.8884477884413347	0.9888972173883359	0.7814806143523231	0.9941973992088591	0.9473306238248453	0.9705085835286777
TSs217	0	0.9530531090729175	0.14483917022201181	1	0.9941308891283429	0.9993198994779274	0.9924312525220285	0.9995170068661817	0.969333381401249	0.9940878019729048	0.9939302915183473	0.9823528004538974	0.999793717729409	0.9999888651311643	0.9718227108545866	0.9830194948241526	0.9963597411607	0.999890442378325	0.9941739762837809	0.9998698159142329	0.9998533562156698	0.35670758897800775	0.9997995354669067	0.837984652781415	0.9908258495274659
TSs168	0	0.2376803118679125	0.29473548955875506	1	0.0869178160268868	0.019845071564207662	0.4871503602619357	8.147464083798185e-06	0.08689186619409961	0.32620946240315946	0.8782176386388776	0.5372660019606821	0.005893713408190153	0.5905679222706607	0.14306425692174174	0.03407837953341652	0.025818934388083303	0.08694376585967398	0.00040010204513942865	0.08952138786288796	0.03821209961677294	0.5288430468219978	0.02858719970847681	0.009401790913331444	0.8366850895208316
TSs98	1	0.5194280714591317	0.43355629349745295	1	0.6620779206593937	0.056710749187995735	0.014348064067256456	0.8974386212275541	0.46250796631329544	0.9766544190761143	0.1213541007750764	0.09959898607848719	0.9230456824204651	0.9983020757526637	0.02438287787962186	0.9090317763842096	0.10343880093850054	0.9781424698879972	0.861647875005492	0.021741703124510594	0.9986905837016948	0.8875385905137212	0.14562873828752845	0.02901361249775093	0.8793437360626984
TSs116	0	0.1531739724208781	0.22795057278456549	0	0.0690865179638375	0.9770150586166152	0.0465141395376059	0.028593398458669917	0.27995342372124016	0.1846379807725564	0.004803664175444458	0.002107988913201242	0.3546230943795688	0.08498204000761665	0.05319099592005834	0.03129211612244456	0.022838245553056948	0.14577711318589448	0.0006817227496502526	0.013730256165690265	0.4019058872922988	0.09106672481870844	0.20483274509470262	0.12599013053642077	0.008942722396117537
TSs53	0	0.26207117115676976	0.3274542197953908	1	0.10596285568203279	0.032328591770580326	0.005137530312777898	0.7283462257340358	0.3477240306164402	0.01563888656076057	0.9590824763049803	0.30190677198029414	0.014230658730948587	0.9399180036163367	0.11042168737844363	0.00025420731263239756	0.0005586504366618169	0.03171925780637121	0.03796339037877362	0.00013581876419199138	0.22954913680673228	0.15001471687525922	0.6379044445708196	0.5970849131927335	0.10150402398562193
TSs63A	0	0.9519030118531122	0.1048717347337687	1	0.9934506797875939	0.996499496555903	0.9971188909431848	0.9936330399567921	0.9932683196183959	0.5613535381515533	0.9058504395490989	0.9918897898600347	0.9942725573086366	0.9602891337965354	0.99581220868732	0.9674001829256444	0.9992942132644533	0.7920489517236943	0.9914849844395458	0.9123236993925484	0.9911413514316672	0.9982303463305543	0.9999507674591288	0.9977500707961994	0.9984482548713495
TSs158	1	0.8154210994451672	0.27142076377326574	1	0.9575990733395814	0.9994571358337024	0.824254509414126	0.9982973804723396	0.2356519852213273	0.6797815371525694	0.9979842420046124	0.9969258819319468	0.08528142459320276	0.992268945174647	0.9992735522094828	0.7558292677522779	0.8744544994735192	0.9519012082532821	0.815958417349968	0.3959571624061025	0.975546015121715	0.7805299613800135	0.9955784182457943	0.9632969384258807	0.9901935064868366
TSs269	0	0.16795773351135185	0.29982651132946414	0	0.007065194003862987	0.0008803477378171214	0.0071556491143966805	0.026111307696134272	0.907649549294466	0.04720520221698546	0.001825443611424603	0.001953781627331887	0.8741624566063604	0.5078537732152967	0.0006509604226586265	0.0023218068099497688	0.24838450371053308	0.002462235045213977	0.0005935878543498662	0.004094871658504532	0.051019404483707294	0.07313838741880756	0.594660974163255	0.006974738893329292	5.5688646515439294e-05
TSs317	0	0.2811532663522483	0.36414650879693955	1	0.12347263765848837	0.9359060429836632	0.0005752343566526101	0.9774172256476679	0.975815881321426	0.21505246088618327	0.10552053226150634	0.014037123379124649	0.1414247430554704	0.028669234692458734	0.005472737884225287	0.07910545320068878	0.05831707548494031	0.325735975900102	0.18063294439718044	0.0032227880060252405	0.3625312474208417	0.15931306650794497	0.015365526929501142	0.9629415839960785	0.07600844873328416
TSs49A	0	0.47922638289145353	0.38189049989067736	1	0.39084468427532293	0.9392903902892018	0.9815390292345382	0.8152566289471059	0.03497564046193451	0.15890108572740352	0.9891387192315929	0.6894668066656647	0.010084218800172835	0.23057785242652468	0.9923638285823468	0.24909843687319555	0.3401654928463226	0.8712911808522321	0.25181116466401154	0.022198060619238045	0.44152387570432333	0.705424633889245	0.01847920301185737	0.7999635459325225	0.042977863069637384
TSs417	1	0.8274688709336516	0.2829165686998511	1	0.9565857841614169	0.9566516523991654	0.9824032062842215	0.865246048036861	0.9987480688672745	0.11442190336815207	0.9565199159236686	0.7084621299460813	0.8993804670488247	0.9998016748101182	0.9447257116538489	0.9374289752922498	0.9996338539192464	0.9910772060026574	0.9994942583910126	0.9998720673796734	0.7466336535624171	0.959010542266788	0.9836868917580786	0.13998434936374862	0.36619484239894756
TSs195	0	0.08125986553212185	0.21541566543337914	0	0.010031626433788493	0.004795037954244402	0.050185759814557536	0.08026891934799976	0.000530239107775076	0.04202862624496794	0.18447002635562704	0.04251791131151564	0.06736298465620043	0.012374014872708701	0.9760902839776754	0.0034298219211511406	0.004077418502619958	0.0010347817107638263	0.08294655354069758	0.002943107064060369	0.051734237309035876	0.004029056272800091	0.0059606431121573605	0.007689237994868283	0.0007286495710106491
TSs371	0	0.8157688206992445	0.28736088722739583	1	0.9577647389596162	0.998177590815156	0.6427033900227255	0.8874742547090165	0.2191502670690993	0.9981726856558992	0.28095207763371816	0.10411170682364115	0.9440079147934551	0.9995484822952144	0.8910098681007735	0.9849266028540581	0.9999534284151078	0.9745808267327651	0.9473547657897148	0.9681747121295177	0.9997138831133504	0.9780800015368082	0.9997743788877119	0.6229187393152342	0.8745908372919198
TSs23	0	0.6309536959234308	0.3735065805399628	1	0.8296466143187637	0.9628443217033127	0.9490954625882073	0.5345292311741792	0.5254644808263216	0.6088616547736381	0.8696794443901882	0.002644762515641293	0.11202251866636541	0.9153911092632006	0.9578361055466598	0.9455012021718442	0.9602534966077357	0.15499543941439545	0.8339134115150934	0.0024730144338128003	0.3847559390844164	0.9771845257675683	0.9994780213299571	0.09676995957364778	0.825379817122434
TSs51	0	0.05237097943322557	0.14988170831790848	0	0.010661815067689267	0.05508055262728689	0.0008166343250614782	0.6786950076292312	0.016213385618509202	0.009597220920205015	0.001441608326513176	0.0022608523198742302	0.012696422031439962	0.006770628371720973	0.0003486923390104178	0.006461449178590297	0.01172640921517352	0.0013088800312017089	0.026727606949281887	0.006846577491768718	0.01756377111207969	0.1055551091816461	0.012212985072223598	0.005235462689695698	0.0698603332339977
TSs59B	0	0.013153266246118678	0.03242772549527521	0	0.00014151516570496195	7.311856669774945e-08	3.518745196879303e-05	0.04037974518165975	0.0003355098188029666	3.6051190003278834e-06	0.1186963476241682	0.00010415341026810661	1.5447095529177115e-05	0.0003661754391896637	0.0033309650529728513	0.00026797237597132043	0.0054883380476661685	0.00015088019688622558	7.862642416352887e-05	0.0001321501345236983	0.006107897982282468	0.08741566570187478	9.80766230249261e-06	0.0001002809010070337	4.6496183569255645e-05
TSs365	0	0.13286005534597506	0.2886812007767377	0	0.010242557093193168	0.9868781005332863	0.9206983027329664	0.0009023956171243729	9.814343674976449e-05	0.011717440281170556	0.11665810320016913	0.011410693273788335	1.5164208033613335e-05	0.03851380896539173	0.12555611259226435	0.04228843638293488	6.065353447462642e-05	0.0044538630709957845	2.5844945702792117e-05	0.009074420912597999	0.0003990678778956177	0.25101979602654834	5.937928540688948e-05	0.13709576480434604	0.0002756152376542135
TSs224	0	0.408249238773781	0.4082308164318317	1	0.26102082871378735	0.9828175319255396	0.9843012262965778	0.9191240194917183	0.006618091449841046	0.04621708554973271	0.3196666900773122	0.8977903116459477	0.09005535528595152	0.9321532240944448	0.27050879358414603	0.1321702670405268	0.10201555465222988	0.26992787203946955	0.015212592513171943	0.10338916410116065	0.003265190186956715	0.004466975707388316	0.25211378538810514	0.8714213082978145	0.9617497361475852
TSs325	0	0.8704718811716192	0.23465314171505935	1	0.9721646520517189	0.978901262499585	0.991303380182498	0.9988838622203369	0.9991970920479931	0.9600008184621105	0.2725027352442132	0.6550276229220814	0.9953163537014319	0.9975592611201435	0.9994604851059922	0.9401378041128459	0.999303982964545	0.6107897481930086	0.9654280416038526	0.920829260303947	0.9399393136380398	0.9517388711828874	0.9975391385915605	0.9856732203387234	0.24990536899659646
TSs119A	0	0.2769937958883682	0.3461050011990386	1	0.07038762302163665	0.05877266436639357	0.6666913733386035	0.08200258167687971	0.03389106228635844	0.03900520331164029	0.23174612774023884	0.61570232210642	0.013746176717653942	0.9957718045434182	0.7473644211505274	0.23454750942383207	0.004866235882977527	0.003396171197783999	0.8947146480805597	0.0017502530651639359	0.014526928957725798	0.14059670926116877	0.7019473905192143	0.02368394218953329	0.03515239195127161
TSs166	0	0.31337494970522783	0.37660884561417074	1	0.082418795074527	0.9420733989078681	0.0006338240030153837	0.036366715036457296	0.012203922672802897	0.9808617384384554	0.006688286270759747	0.07688925295792227	0.38584680029290724	0.8818517878845149	0.004687022601379818	0.5134394009808648	0.08677740526290004	0.7737312585521497	0.005977973282163495	0.8364880919462256	0.5401280658730165	0.08811331700942651	0.013402451864465852	0.07806018488615396	0.003278095381105708
TSs297	1	0.23577991471038287	0.2697563737385141	1	0.09252084617649098	0.42776364755987156	0.6498312089038312	0.13241507357319096	0.03788527888144503	0.23043459582039422	0.024384190460324667	0.07708436620786584	0.6602234399345435	0.008041539094438502	0.10795732614511612	0.003493044626826679	0.042246139250204116	0.6417580741134817	9.612167342440753e-05	0.43035587800627667	0.700389393695958	0.001033649053877599	0.004264567941734178	0.5228478093164721	0.013092949948380195
TSs338	0	0.09057829814178243	0.12270416889954408	0	0.03614231783088476	0.0009849976423329254	0.24685483324449645	0.04740831305248845	0.09421959747736286	0.01256915592364775	0.024876322609281066	0.0006052765004297433	0.00010195244179449361	0.003955434917545514	0.2210080239818031	0.31268978025367633	0.10435301184501095	0.07317240372910691	0.0888295169782416	0.02305944158250431	0.007141366711603751	0.44348196915983995	0.09602340053168501	0.008014484362233771	0.0022166798905635453
TSs293	0	0.14517416754345686	0.2387440879924931	0	0.04900844976328335	0.000683642792714523	0.3157867898477374	0.018317416512626826	0.4977613444200369	0.04335584908945663	0.009033803886062484	0.12056787140645639	0.06213613043997633	0.0006081856936190877	0.017529808828409134	0.054661050437110066	0.9593685340898596	0.06860529728573357	0.08180004296642067	0.009387796083773613	0.3239502952306565	0.3100344019884294	0.0011723724881871306	0.008250300496074534	0.0004724168857966023
TSs24	0	0.131952713704018	0.20152079476415918	0	0.025948274480086762	0.0011590474590252588	0.0032378725686325965	0.009444194463341125	0.4849510130649626	0.31011753288921995	0.00046991477887048155	0.09493441793672203	0.0009408254432110039	0.2468988769506762	0.6706263560509416	0.0030499369279101607	0.004970827721938497	0.08772199387184836	0.008631668880980332	0.001095612280718422	0.49574071630407274	0.01986718048650719	0.03202936847366634	0.09523122109678298	0.06793569643033175
TSs334	1	0.7721102878463232	0.2502330019137712	1	0.8726019045080344	0.8574257608296669	0.1240291130312053	0.8732863292257164	0.9798297987884655	0.9198855890424308	0.7645246243624417	0.32997861490422803	0.49221864403917115	0.9061328642830148	0.9978059215577809	0.7252445850404606	0.9992100115875182	0.5326011692524286	0.9948434615045814	0.6104784423122129	0.8870190797408011	0.9995181352954856	0.9908150580320478	0.5854410743064553	0.8719174797903524
TSs1A	0	0.009458719397315478	0.030502906663810735	0	0.00016332069179789618	1.6053130893613626e-05	0.001144922500875305	0.0014028214581622198	0.004927667304696296	5.675588901021135e-06	0.13602690718797633	0.0014930594283734354	0.00015059770291728157	3.4282489733666646e-05	4.098719839021899e-06	1.51449383833703e-06	0.0005525325111125344	0.00010801137053457383	4.253547532683589e-05	7.233300559854981e-05	0.0003027631934421398	0.02474759172962893	0.00017604368067851078	0.017928793710055874	3.618326372506359e-05
TSs266	1	0.26174895888877336	0.3568881878391571	1	0.06616546958289848	0.008232033481022834	0.1902461192077782	0.4560298329949677	0.1548742913906266	0.02551770423266933	0.2357368692068907	0.021628537098110252	0.0008368754365025949	0.01187828947699283	0.9206087995574624	0.7473092464234389	0.9820073557975773	0.0106627446775014	0.0807904069273299	0.006604726508927474	0.025338611859909845	0.994877819754691	0.001837769803441817	0.05154053223846708	0.3084206117011588
TSs277	0	0.03979014751064884	0.08857937543913319	0	0.008547199297193105	0.007881458252179861	0.13037344842509058	9.02310364964304e-05	0.017625130941643172	0.0017455025357335638	0.0014107059226929975	0.0002938256344319907	0.044391582194909074	0.0002394995939416221	0.03648186650321264	0.05427378380095163	9.654773868628209e-05	0.019055466301504415	0.0006817769868508515	0.3901233400852573	0.06600957206957847	0.005849129093054979	0.0006984591690429778	0.00921294034220635	0.009268683585511542
TSs60B	0	0.5888907403803544	0.3958355748676663	1	0.7679406013997765	0.010332768599873034	0.9942195062480315	0.7577210093120006	0.999083177668067	0.03188525355465891	0.9211861224489294	0.03172103571165546	0.003436028025339667	0.37306964227152817	0.8254026840215722	0.9760840914115417	0.9643840095686138	0.7781601934875525	0.8699238942365055	0.4263908119728916	0.3787814818975758	0.38428043480867774	0.9931256821234435	0.07312164511778343	0.9855053351208453
TSs303	0	0.45539649910672464	0.37002584886205925	1	0.34799399467174685	0.29419248551966276	0.09864420031254556	0.11935872054432722	0.8395616631425131	0.995490100915136	0.000486381569354162	0.401795503823831	0.046464889090296425	0.02832073690358605	0.034894154037363595	0.18046692761582223	0.8910247239434732	0.5716050573414334	0.2890244088366869	0.6545722505740581	0.9838918277080786	0.8639890756160243	0.17849882788966956	0.6997273887309299	0.9359206580197
TSs120	1	0.6634330999429924	0.3496646970916825	1	0.7585951384757134	0.9888920071381255	0.006491214144633369	0.463539182231125	0.6719508016981283	0.6221280502021717	0.5699073133670901	0.8926760075856925	0.2683018554371962	0.5486722490786841	0.9156695487852107	0.8452394752532985	0.9998153558792816	0.9829300512768936	0.14255510764181462	0.3508264727284028	0.983748769001877	0.9967769516766776	0.9965790636167067	0.9911258159157027	0.03083670620113446
TSs132	0	0.6386449916631283	0.3606011004092864	1	0.752855145954879	0.8685500870632262	0.18105552004067954	0.6371602048465318	0.931419499735431	0.47807826238050416	0.136125828428603	0.0018552567997774192	0.9658723138515999	0.13933204198493526	0.2527737402742194	0.996417679656425	0.9999268158912821	0.6075718296927751	0.90933056015044	0.992365956627544	0.9464858429911626	0.9982284555942031	0.9766749781122405	0.38851525631747297	0.36515970282351257
TSs78	1	0.9318486806927299	0.12552838773073302	1	0.9901617289204651	0.9997854328002567	0.9910800201994906	0.9583698788862791	0.6393292145976556	0.9565185098879417	0.5386453290686737	0.9473355802253003	0.9831073763936684	0.9998433340746791	0.9950474400684265	0.9991943790742149	0.9225909653470564	0.9950867054065222	0.8763166763734659	0.9950752638706554	0.8547342972521803	0.9892434376414395	0.9979506552827924	0.9993479192809903	0.9983711981229109
TSs61	0	0.7616584347042505	0.33154512540324793	1	0.9646163275610717	0.6108891691921592	0.334659842697496	0.5425041857443076	0.027532747420686024	0.9934044317639319	0.3065638219171764	0.9772312645868976	0.09346023942456218	0.9971701273796794	0.9520013905352459	0.9998116977060288	0.998713778098385	0.9998170721509457	0.925180124518686	0.9963411688297077	0.6166936021560924	0.8677945830480741	0.9993639018886886	0.9966420778554043	0.9973934671708568
TSs60	0	0.3754722791003785	0.34772733151230145	1	0.24686176166414797	0.07526935367825814	0.08129604863979475	0.9872781527505575	0.32862478346216917	0.7001187587955632	0.9917481006788301	0.7389208452111163	0.0009690345201424326	0.12061979249722388	0.7886138348320455	0.04169735880138691	0.16509873986612678	0.6465096761374781	0.005932467293234993	0.029339578461925996	0.6531357365071253	0.5157070969569391	0.030163667659732094	0.4445278913957224	0.16387466386219823
TSs274	0	0.44176150828212507	0.3613516721287877	1	0.414289803130359	0.20274032034349954	0.6056181434298991	0.12134080779061154	0.9935980867703404	0.6874155989015401	0.008879295827514564	0.6272402847355317	0.07973873212558118	0.7820084926964834	0.8371181196922458	0.5095583286448038	0.9800861930975207	0.05470542867530992	0.12865059424725023	0.021520018447269196	0.16018777586824365	0.9385235506650543	0.3190212776159143	0.04304385533115751	0.734235260736731
TSs10A	0	0.28960583775336923	0.33055587726656016	1	0.16763000843869785	0.07140909841458312	0.23021413755608125	0.9814001861883237	0.8683787032898171	0.08222712294797006	0.8538519307498768	0.2808803360151379	0.47621381898132215	0.0002116582326407489	0.0023476447743225807	0.0636214495568754	0.005176974602075477	0.36859983174835925	0.00010466956062856894	0.10504587932131446	0.38309216078824315	0.7577636689451039	0.005922725143175235	0.2543644075073671	0.0012903507441659415
TSs96	1	0.43270399177227226	0.36079552301725865	1	0.37488894120416977	0.4837316533706024	0.023171532082075726	0.005010773756674386	0.21818121443632083	0.9554583958321687	0.0033421908228933412	0.7709265267186447	0.1912567416179837	0.6132868996986705	0.26153416237239413	0.6313017232421653	0.5556469907432254	0.03344634259894453	0.9587192702319728	0.0908834657801839	0.9600259954399758	0.5705360055631807	0.9945922131088503	0.06698150899078124	0.2660462290377371
TSs282	0	0.05256470287641189	0.18009847675856472	0	0.002945626034603044	0.017360255019547133	0.09184596231750103	0.055268619844012115	0.011691055844596489	4.2990583412106745e-05	0.8114055105083311	0.005905707171960195	0.003915868300605215	0.00033494789571750667	0.0011142466346053608	1.1978353616057908e-05	4.9945945798000076e-05	0.00025493967637902693	1.0248830798475184e-06	0.00343225174909091	0.030320972321785926	0.015441993455463715	7.885815727596002e-06	0.002459000320115179	0.00042890088689346255
TSs56A	0	0.9856756394621693	0.04824675018041993	1	0.9987065750901669	0.9990887599798771	0.9982588222663983	0.9972389536449613	0.9987322010510922	0.9891661717424264	0.9999366452706443	0.7823451656036255	0.9998877116921143	0.9999738311304528	0.9971592915296911	0.9997619979995118	0.9930173644815061	0.9986809491292415	0.9998050876587964	0.9892768053365809	0.9999792745478013	0.9982957736021298	0.9992502911720441	0.9745245237876332	0.9991331676168576
TSs296	0	0.018806747201914047	0.07803479847236766	0	0.00039167569044613144	8.929901628335456e-06	0.0002852939260059959	0.001046092248022926	0.0013398511460774043	8.509932068561919e-05	0.006846417505549647	0.00016322796623689502	0.00037384174909196313	0.00032123001010594135	5.8822933874253055e-05	5.477044308250647e-07	0.0005509135615021669	0.0007352893616130102	0.0004095096318002997	5.29429873957769e-05	0.3502138306550576	0.006934765553129919	0.002434889077342659	0.004260765263674014	1.268353505562299e-05
TSs33	0	0.4402449529490428	0.3138659175627386	1	0.44602540130721613	0.026592482464185017	0.5943641255725379	0.9984821640081494	0.3734680921287964	0.19938438521951116	0.5581851177673629	0.5147423009370483	0.2162164019190517	0.37730850167738395	0.5614325768080336	0.05847747659987705	0.09742588656786211	0.6628683225875087	0.7617662576833796	0.6182721086283605	0.369964322481526	0.02981361718562922	0.7695887137627067	0.9958422525235922	0.020703952458353863
TSs311	1	0.9504904585997569	0.14301833928141486	1	0.9969727167153077	0.9996772642073954	0.9973457737334815	0.9999633089869863	0.6984712938024535	0.974598715610023	0.9977125333798053	0.9961816210017299	0.9881735254734485	0.9999246459089713	0.9981674443557653	0.9965996596971338	0.4125388711220176	0.9987629215150686	0.9940532040449981	0.9882845882293197	0.9999736423513875	0.999367544885831	0.9999718819473018	0.9943507278733135	0.9756900038687036
TSs68	0	0.037685091877368584	0.08313980466752485	0	0.0020885161615578763	0.0014729305642197615	0.005244202509331544	0.10405321414960346	0.0012925538986251692	0.00023722572571185916	0.1984545721318257	0.0018310142876779795	0.0026768304244923374	8.347809241489508e-06	0.0583164694834453	5.367496802920821e-06	0.0028314588499171608	0.3225520657846178	0.04460128664193874	0.006182495388227923	0.00018792983008794964	0.0006488553825602523	0.00026924923350733407	0.0023460180354377734	0.0004897499200991593
TSs104	0	0.5440930465600247	0.37249559093249734	1	0.634248281094481	0.9996311901778294	0.12701583664346566	0.22398187680208181	0.9939012612556469	0.5575327761723997	0.4093658582333019	0.7109637860165622	0.14609368035598244	0.7332452372372993	0.12609519788077553	0.9944355981840651	0.8837351006742428	0.08196103269204748	0.9436110104165657	0.2237614484690499	0.08616661873285465	0.7630264120727172	0.9980565561047952	0.7970385057398397	0.08224194733897153
TSs58	0	0.6457533523099436	0.3725066325624959	1	0.8312076525698417	0.9286330111936354	0.0015852875528436833	0.3563155631347627	0.09214221265713333	0.05665099909569265	0.998596171015394	0.8706919959901335	0.45631781870777816	0.9828815593931665	0.24467805012260496	0.9996254399434826	0.79172330914955	0.4186767710518367	0.7720974084172438	0.9670052155328824	0.9703733047807925	0.9491591035349428	0.987162942272118	0.17269944458837336	0.8980514380645048
TSs358	0	0.23603058477354155	0.39205561039077563	1	0.005700179792646058	0.9681135829164863	0.9976055797001455	0.0038631577847102684	0.0009472804014738823	0.6883523405948142	0.962126091443571	0.022566306705689706	3.2576254344598323e-06	0.005804845096553271	0.10612537756324084	0.11824824697241923	0.0025777187673324347	1.4118274960404333e-08	9.686749629613516e-09	0.0003365814132929402	0.8225479755801218	0.01579772519318608	3.4392682666225917e-08	5.502591277990037e-08	0.005595514488738845
TSs82	1	0.8440424128217293	0.3286903888824059	1	0.996414198488966	0.9967847055900867	0.1210474202581789	0.9998482010570771	0.8835415204359176	0.13736600989777437	0.9999606186486664	0.9840826632205009	0.9995822794240926	0.9996940460865568	0.9981883575417204	0.9999116148022646	0.9830477324347225	0.86035031250177	0.9969746245271469	0.9930077396632382	0.9991957998617534	0.9236754036019588	0.9999845415943356	0.008560973898980717	0.9960436913878452
TSs15	0	0.9844366166301786	0.03583362587004845	1	0.9965546254075206	0.9875403778797894	0.9925059529282486	0.9964336544793719	0.9986636860843983	0.9737775487926916	0.9184325392491255	0.9941476430272682	0.853574232093365	0.9996062427759969	0.9993145764256269	0.9999022493074298	0.9959178102210374	0.9999512406414952	0.9999405938695092	0.987589407574335	0.9959041213494193	0.9993997449135376	0.9999614992595208	0.9994936153957356	0.9966755963356693
TSs3	0	0.5665607071176779	0.35702496863220046	1	0.5693374945019816	0.00013835481884967894	0.694180641033328	0.9325454335322546	0.9907811462190744	0.7074481869348831	0.9833729798975228	0.9650659048294807	0.4811276477116303	0.0008071428719271507	0.12385468878340358	0.001568923465727368	0.25567244928808863	0.8096103960073769	0.47087539479124746	0.49380437901319935	0.9781102054915533	0.6194034061307039	0.5192715828732591	0.9810062140867123	0.32256906457333606
TSs4	0	0.41966954807480644	0.39063667496663596	1	0.2823083666461925	0.10009536573444186	0.9882445837493211	0.828532696741468	0.1089641497266222	0.3305718218366145	0.9162971084675329	0.025737595627342253	0.0001130442267235848	1.243526521499214e-05	0.988554787704205	0.9208350106198008	0.23404491145577055	0.6436544574015355	0.0007875799544871645	0.517994983026781	0.1837364468255566	0.887113399493481	0.03231226628629263	0.6325282892316332	0.05326002812130339
TSs331	0	0.35860499905099374	0.3777401469892487	1	0.19646850516970396	0.3878607097401564	0.2260406483140433	0.007126927032001119	0.9070933631757906	0.9818580311876147	0.012032923523856017	0.01393498627697135	0.16689636202536462	0.13060896109517084	0.8860623222057146	0.3386013911058743	0.11632836599279957	0.24781738170562537	0.7074255808206792	0.0015299310625445496	0.9479037627563758	0.13645450383957036	0.925492542383803	0.016792360766120135	0.014238926009797162
TSs314B	0	0.3765270970872128	0.4190832285048322	1	0.12009328590147651	0.8838390282154478	0.054105042568590334	0.02126297101750281	0.1860815292343627	0.00470949566357419	0.9683172538653556	0.9765432861570905	0.6310445163228954	0.9342594688203805	0.0026123082155638266	0.9299565741731377	0.0030269269670961632	0.8841649193120945	0.5649077336433938	0.0018562609499573706	0.00027734125939351737	0.002740967169262055	0.0014210862858618561	0.004900413918278417	0.4745148179850179
TSs333	0	0.8210990582593725	0.2900569045164794	1	0.968552641045932	0.9984946706882524	0.007297589205521036	0.9891701195536011	0.9349451664142574	0.3672449673387831	0.9998658603713271	0.9716859928898764	0.9840267925217948	0.9987698487316119	0.9516924117142199	0.9262347794029024	0.9978120202365908	0.7386522882555072	0.9654192892019875	0.9948303574669762	0.9871424981008408	0.46521740878588513	0.9937204453053425	0.8222998288802008	0.3274588301219739
TSs7	0	0.35221400340564135	0.38682582239728336	1	0.12487557178185002	0.0006978648103015919	0.6496533972939083	0.951259695479931	0.009299201434445284	0.0006814166281773451	0.2702616235477144	0.4953233078889227	0.8249190621398013	0.023140720719848108	0.8002559267933792	0.04358561282646798	0.11995255056550971	0.023876764586447108	0.994225796870338	0.9156312851807642	0.12979859299819033	0.027801509631568803	0.7028549032739203	0.03666948125715609	0.024391354186036912
TSs38	0	0.5872264944648744	0.41113238130750124	1	0.7011455095509187	0.9962043553523675	0.08220369292195095	0.8921288733698892	0.7054240550048251	0.5401512843879953	0.9724373292702344	0.001355516945346293	0.9987036322239882	0.9983518955543217	0.007766228051633628	0.9106414107669988	0.12048775155573598	0.9755432532632947	0.038435193283654266	0.995074933088663	0.3995819513094732	0.6968669640970123	0.9967510087361066	0.3971110460887733	0.019309514025224395
TSs10	1	0.08096154295826288	0.15931895953976885	0	0.016258723774758274	0.2966820141659355	0.5002703608258035	0.022369073579103005	0.0031143461137227817	0.5116700087059128	0.010148373970413542	0.07432130346480652	0.0009384719710300163	0.002100072539705253	0.03870539959023967	0.05121060297874427	0.04160628539026748	0.0010684083466098544	0.009342169760980268	0.0003971450915159664	0.02353232199435312	0.024719916545902516	0.0028849815567846162	0.0009378309380069817	0.0032117716354200586
TSs48	0	0.10242221587403258	0.1901000280662096	0	0.014129535443051072	0.008250077764577483	0.40223714354684315	0.1553038900037189	0.008042847924535117	0.782457201989088	0.0012409353612025872	0.12511364072943917	0.0007070670143831796	0.02000899312152466	0.08628909229473959	0.0038554727508852615	0.0017335532805349213	0.05387768590991481	0.0033070861708247505	0.0419075715248332	0.0006419078761313969	0.0019025499971402485	0.004462728808896406	0.10395277071046778	0.2431521007009712
