ID	ID	Class	Mean	stdev	Predicted_0.07	Median	score_0	score_1	score_2	score_3	score_4	score_5	score_6	score_7	score_8	score_9	score_10	score_11	score_12	score_13	score_14	score_15	score_16	score_17	score_18	score_19
TSs156A	1	0.4589726082617179	0.4795923383972668	1	0.1933704292628657	0.9999858516559635	0.9990599190329164	0.33771233939328466	0.0069737851589146485	0.9953862271014579	0.9988226321760088	0.8583322073109613	0.9999970714569429	0.9998039251655503	0.00024950296146992497	0.8611989365646163	0.0029491998954207553	0.0021192992087627938	0.0007462027885366867	0.04612322017414708	0.9998671910854007	0.049028519132446775	0.0006090841349868964	0.0011872066584127882	0.01929984417815567
TSs361	0	0.4499975800940758	0.5104149607033392	1	1.789593291514508e-07	0.9999908794508686	0.9999941936973312	4.103592325783973e-08	1.4321004729661432e-07	0.9999988931225211	0.9999893212818242	1.0252939021176394e-07	0.9999992590039295	0.9999982855057897	2.971193650768393e-08	0.999983010220608	9.788646011149686e-08	0.9999970877369834	2.1933308750265294e-08	5.2398637832298185e-08	0.9999998956619611	4.2571828159069674e-08	1.5630945448023574e-08	2.1470861100628727e-07	1.4582610692531701e-08
TSs368	0	0.05077450803806112	0.17906146029932282	0	0.0006075801698895006	1.4164334503347888e-05	0.0018933304887290142	0.034566773575360504	6.453294846019858e-07	0.0021975133921962836	2.203786075845324e-05	0.00012120934426885	0.0002767085258078185	0.008593692966102306	0.0021944055432571437	1.3581832811930144e-06	4.571633936097826e-06	0.01984945966156475	0.0014479338649119257	2.4827588413698623e-05	7.000996664018399e-06	0.1442181543765286	0.7989244088739785	0.0009384518139711826	0.00019351240750376932
TSs49	0	0.020118975230153255	0.06449037787487136	0	0.00017031895099651285	0.03757043945783962	0.000208256799944464	0.0013602287636742998	0.020855507986447818	0.0001323811020485617	0.025074105928750905	9.616343018460657e-05	0.01538291268501446	3.347479523801023e-05	7.866287096080508e-06	0.0038516560348809013	0.006715491639384852	4.1459024796973315e-06	0.00020909342101270762	9.389699815991605e-05	0.00011191421958210398	5.399198652345348e-05	0.000101253820801314	9.831182347742637e-05	0.2904184115205239
TSs138B	0	0.8436286210409281	0.29434589236384345	1	0.9873258667519982	0.9999875301935941	0.9958225219214148	0.914600810380129	0.9994705049161076	0.7734573175459944	0.9999548956810976	0.9788292115825816	0.9993552119135114	0.8578984801787993	0.004923733056875843	0.9995486930510944	0.9105863786172451	0.9995747382771065	0.9332250856984747	0.9995396419355208	0.9999890514114868	0.30257632815053725	0.9985329813255964	0.9563499046057563	0.24834940037563638
TSs22B	0	0.001563467090710371	0.004225199218459917	0	6.665281189170279e-05	1.2403126853490927e-05	0.0003492234923055773	0.0025460426528972177	2.4596376036346655e-06	6.28630111479039e-05	0.0006682198211079364	3.430463077714129e-05	0.002738429045489032	1.3541496565527051e-05	1.4456761943920297e-06	0.004772089156061407	0.0003298920685102452	0.0008453292249568221	8.886497425688985e-05	4.151363690011254e-06	7.634454399308803e-06	7.04426126355017e-05	1.2018360161238712e-05	3.896231570942149e-06	0.0187060907770232
TSs287	0	0.1757688225977299	0.3352400456207229	1	0.008184571390837598	2.368167716556428e-05	0.056166717797406285	0.011252490789588395	0.004011390418217094	0.0051166519920868014	0.00036217337740074426	9.710632818541015e-05	0.00481464111635634	0.01709220484392971	0.21705721302423628	0.0038321735680074418	0.025579386221677165	0.30155925425212077	0.002534238564502084	0.0015697604149371416	0.00035230068064177596	0.9994753327303004	0.7807052333771962	0.08629895223119106	0.9974755485494518
TSs383	0	0.9880339575218823	0.025627713813353423	1	0.9995137424094919	0.9988238607234948	0.9833166945197032	0.9950285569453038	0.893525270062868	0.9999415256660923	0.999878931395317	0.9882629093082655	0.9999256725042062	0.9994780237112533	0.9995494611077305	0.9997082819682754	0.9702405995726733	0.9998375761379859	0.9976946909600475	0.9999372377091655	0.9504707761159695	0.9999681310360576	0.9852090856174687	0.9998889324468968	0.9999929329288728
TSs314A	0	0.06999516265737007	0.15598315834784018	0	0.011923801356869091	0.005933105059854715	0.00015098859695625273	0.001859866875901964	0.0032740724714770044	0.017914497653883466	0.057716659020813355	0.03496382414856725	0.03323483375527673	0.03632678867186034	0.0027429661665164386	0.0008307844190637896	0.0013749222093211136	0.0010616643585830837	0.07045907300169729	0.00037009058708900355	0.03498712762272788	0.10399151802608858	0.3447080547974243	0.002185245533946959	0.645817170170352
TSs30	0	0.34691418094893145	0.35192126340475627	1	0.13654039925534364	0.010353086924284749	0.8429087965133254	0.6844155337430696	0.058131690544888766	0.01864066219428551	0.05027077665978144	0.08076995460672301	0.011160921197787001	0.34392939569284064	0.1133979550832397	0.7232560568101779	0.039521438193991294	0.6972324414299381	0.15968284342744757	0.04111764300710111	0.07633215550494431	0.8777922416922611	0.984653716024565	0.6640201159645942	0.4606961937633827
TSs291	1	0.9651907047780194	0.07942547778764095	1	0.9974819550934588	0.9998677667016737	0.7596242608845184	0.9968420872734134	0.9979647643702022	0.9969543550747335	0.9998657281075092	0.9947209099533759	0.9661530151722169	0.9979189052881768	0.9996084717710539	0.9998978627025007	0.9988216815200591	0.9986282293803598	0.9831305643432182	0.7203231405933768	0.9758234306228826	0.998254456529397	0.9998824769802351	0.9224869833927412	0.9970450048987408
TSs157A	0	0.22557027711060332	0.3219577814953566	1	0.07016734541391315	0.02488576220874911	0.042383255583406214	0.000486978310991885	0.09650515466028788	0.009138687806555083	0.6870323528922276	0.5924040353957031	0.11098653815728395	0.031517463881981546	0.10776918525974707	0.00024205265587856886	0.0022481416652892546	0.2177894191020481	0.043829536167538416	0.0010545009432662163	0.005614070456858284	0.47017175609289247	0.9145170424089745	0.15444188051626853	0.9983877280461178
TSs27	1	0.10626079288198007	0.10775081547570668	1	0.07739537112922934	0.002918592923866395	0.12281945087512636	0.017062921392047962	0.3024240415414995	0.04002630004364833	0.0005263299619912115	0.00033350641993519026	0.010367090524548206	0.009152419363133922	0.024801242001200752	0.01056587903817317	0.17476470723200968	0.14450781650977496	0.2958846232042148	0.11476444221481036	0.2524477367303966	0.21670788583438996	0.2349281138057934	0.13734571964860018	0.012867038374440476
TSs363	0	0.7255278521540541	0.3899952581398396	1	0.9595163456547219	0.9999836734283835	0.9997222856841774	0.025869983352873986	0.9985812711029756	0.9510861000816674	0.9999945132350174	0.6819052322142808	0.9997819639347707	0.9998986697404059	0.12451246900690019	0.9999950982183236	0.8689262905090887	0.9998315917267661	0.014224744055640493	0.9679465912277764	0.9999989781417035	0.7000323202714165	0.03347073599894705	0.8868284772626637	0.2579660538873013
TSs9	0	0.03224797148435859	0.06670517914184736	0	0.0067168200974273805	0.0010092698536634979	0.0015978483095511592	0.029973807294215764	0.0004802605079443978	0.010928126830279149	4.714532864699117e-06	0.011589571145435974	0.006757912302372467	0.002236247927909391	0.00236393378380197	0.006675727892482293	0.01719131079858777	0.016303732388315433	0.006395803075909235	0.18599949475166652	0.012654701671575194	0.08080186754771637	0.24938458022258067	0.0007383547895775248	0.00187216406072237
TSs151B	0	0.34081637707053064	0.4781131756182722	1	1.6288209912495102e-07	0.999990877408672	0.9999941977103274	1.2214853829060203e-07	3.523710331440172e-07	1.7770848930660654e-07	0.9999834411825087	0.8163816278045616	1.480557089432955e-07	5.075135596840555e-08	9.908326563105898e-08	0.9999790108871102	2.1545690750667923e-07	0.9999970879997214	2.678950839839849e-08	7.929863638689645e-08	0.9999999147258741	6.362450531785555e-08	1.8930192225392135e-08	1.7946310572249907e-08	1.1527384063736324e-08
TSs133	1	0.36434129799098386	0.4368384120985346	1	0.05126876127720227	0.9612604626439816	0.8241169801012219	0.0016271298423972023	0.03044656175718523	0.05571335577668851	0.9985512701466462	0.7400800295493591	0.022536696125583212	0.005438479818766586	0.28182036790718845	0.04682416677771603	0.02529218274794564	0.9999231804594308	0.0011833904563799582	0.034985898104041874	0.9999019661832502	0.00019453822742544419	0.0058694938934917675	0.9876726134459671	0.2633871958550105
TSs155	0	0.8758417697635554	0.24895341183212624	1	0.991859765101933	0.9998336638290541	0.9940294741207296	0.9754912283612147	0.993377556524132	0.9984342914680429	0.9998701996482415	0.9903419736797339	0.9998059933157568	0.9986432829082299	0.9595846125031788	0.9999103788368882	0.6751185071000824	0.9992819467909815	0.12525607501400837	0.9852696990707549	0.9999982826182143	0.398784616916611	0.9887909394519305	0.9312105290587366	0.5038021440545849
TSs209	0	0.6406900588333823	0.4020402970631749	1	0.8434846257530391	0.2558970943672386	0.9866529928377117	0.08553028723617362	0.9664572997754526	0.6815147329218736	0.9516657872955575	0.9579257240475093	0.24306187599926976	0.9773366513400923	0.7353034642105207	0.7039408474292944	0.17540910205623914	0.9952863041372377	0.05171102182621775	0.07522457459867483	0.00484062371568666	0.9882652385354064	0.9998581507153776	0.9931951703654666	0.9847242332566465
TSs136	0	0.005893993838560078	0.01407409242444133	0	0.0020922887034818646	6.473753112341904e-05	1.7344412539336312e-05	0.005010562324067933	0.0033660919135986775	0.002823230959846968	0.0013613464471167616	0.001160110853706061	0.01098769452735475	0.0006301676590091532	0.0004513418555169045	6.772386996453995e-07	0.006579433667382863	0.004978357627940707	0.0007396356756162187	0.001090339563191958	5.411672323615481e-05	0.003297481630619112	0.0030682009498448908	0.007877908989818612	0.06432109622097144
TSs22A	0	0.000866640729124705	0.0016662815683101593	0	0.00010525392128796275	0.00041649973912790555	3.0921638934287095e-05	0.006223935485322876	0.000127498219807496	0.0004099522438275397	0.0010840352433240227	8.30096227684295e-05	0.0003664704251331687	0.0026613908487234527	0.0012756542675278059	1.9052150568971296e-06	4.050737962464666e-05	2.221404203577977e-05	3.2552287652174073e-06	1.1379338649620091e-05	0.00021807022281776614	1.62021118752165e-05	3.620851743824194e-06	2.336729940775593e-05	0.004312925158020393
TSs357	1	0.3844686231155278	0.4301092166341532	1	0.16447007474181435	0.6484630436218155	0.9135249388138234	0.005608867549457502	0.06695392741108568	0.005882429649594748	0.7738822744035816	0.990693506464854	0.013111852878146998	0.261986222072543	0.019432330875305347	0.9993266444102636	0.0013658180820343947	0.9974787354003011	0.005465314946847843	0.006862384454248788	0.9999893896488196	0.0012193821715696662	0.7017210537816868	0.27564988827397646	0.0007544574006018376
TSs161	0	0.9517264415475679	0.13320873178184847	1	0.9987363766340849	0.9965124507271015	0.99738461763603	0.9988083636188145	0.9993390365017817	0.9848414971947496	0.9986643896493551	0.7382619597783073	0.9988294644211921	0.4439343342700042	0.9651887346289824	0.9914585598948307	0.9998747881964485	0.9995566335510798	0.9339034461171591	0.9997827738790717	0.9886007114494301	0.9999683266302155	0.9999842840050488	0.9996434112547521	0.9999910475470041
TSs11	0	0.5979045138810206	0.44287347813336037	1	0.9165938518743562	0.9142014086893868	0.9973096847266499	0.9998699528055885	0.02703623054045018	0.0031432258884796995	0.9750572760609841	0.00020634853213193308	0.013368263482896544	0.0036547339739907403	0.9394832255202725	0.2772895753535805	0.9753897747637458	0.9189862950593254	0.6983434975407251	0.9698443049011584	0.19631716532567556	0.9998377140199801	0.9282561779063908	0.12250011622000169	0.9979953063089978
TSs5A	0	0.30895524020735543	0.4016277232418114	1	0.03889725239870155	0.741257233115853	0.8965475111013127	0.042746542406130794	0.06864429674597518	0.02580062022429966	0.7452750866276875	0.0236658186203366	0.019654367538395005	0.9166962725302754	0.03174831026753007	0.035047962391272315	0.0017838004920479162	0.029811180910812057	0.1450481439847547	0.9943125664330119	0.9948123325019552	5.177736414952872e-05	0.0013577600668593442	0.002027618926286335	0.46281560189816284
TSs131	0	0.1792266371366087	0.3167250060835783	1	0.021222704036750112	0.02179952133860551	0.011567181469872699	0.0012884557391919852	0.0021989453245166903	0.00033648967240096833	0.05199408745135916	0.921422143384419	0.003616213756344335	0.26301872651498054	0.09231663867726345	0.008898885188098277	0.03795597574984925	0.0017771896865373406	0.002714410629704037	0.02064588673489471	0.6756834752132799	0.43040839201592795	0.04024028126583002	0.010297955920023314	0.9863518869990745
TSs294	0	0.6901517521981344	0.3130475947724172	1	0.8264748605313481	0.3208760440497879	0.590567559003678	0.8997076432784321	0.9557740654644884	0.9136884835607408	0.5241002650068046	0.9737181657520314	0.9430607592618884	0.27425716136053707	0.8078556621224672	0.76070053469463	0.7388151454112483	0.9186292028078856	0.011547662003328222	0.2360743497204028	0.9609536104125803	0.9190119110713478	0.9927561490592198	0.845094058940229	0.21584661098096092
TSs378	0	0.14771922345829852	0.2801727119940282	1	0.0229354594887344	0.5508079763851889	0.8102801909111204	0.015084474637601515	0.0009636740290578095	0.0499943715025569	0.00228913385018778	0.005226711510280319	0.14996720252053305	0.04015096645790259	0.0025604139992564724	0.003945860467743428	0.02621541647475779	0.0008176994989666097	0.009098404242515208	0.02736467867411219	0.09925895462558512	0.01965550250271101	0.9437844877205112	0.1963201843234955	0.0005981648318862428
TSs336	0	0.06867613131622326	0.14646653640458887	0	0.02268012359834086	0.030034808562469584	0.02817422200545634	0.0017556896425038088	0.009185233609755811	0.023400104596215433	0.06708143393748693	0.010502100386940787	0.07000582410552278	0.006024718486810601	0.004977785599288778	0.03743328765749499	0.011978047998279407	0.0008590004428094402	0.021316106447443094	0.10162430687680629	0.6649555197012916	0.009102870908507855	0.08836190476129104	0.021960142600466286	0.1647895179976241
TSs111	0	0.6959219241310258	0.37660389451273363	1	0.8607863828312825	0.9908349772493839	0.8614289462863944	0.8325875851487863	0.8601438193761706	0.07637678757042689	0.9946241909214149	0.4947728240664003	0.9896496290370044	0.7269906777916156	0.038316880312179454	0.9985645063218413	8.492020563171917e-05	0.9659630007309824	0.8787890609278809	0.43279428759032856	0.9995292211448992	0.9771410410427674	0.9828890840697273	0.8154928963436012	0.0014641464830801923
TSs56	0	0.40398367974552957	0.38311082959502607	1	0.27465146869541635	0.06657043486434552	0.0019352876521969544	0.9165302146230447	0.669606590043366	0.7891656307882593	0.0008954920908226255	0.6684483879879496	0.04626022472718541	0.34668267277554793	0.9803631093002354	0.07473811735537071	0.10489243290362003	0.8063053244973283	0.38396490847173737	0.20262026461528473	0.006493590905641159	0.9902879483115712	0.8702345789183088	0.046443985303782014	0.10723439877499404
TSs3A	0	0.054144639216101444	0.1165560298297074	0	0.009604631428817057	0.497869458839852	0.13794807605395884	0.018591263441609645	0.00023423732403088626	0.05844217405782884	0.022122741343388066	0.007525229862136424	0.01148454522376643	0.05289965265014177	0.00499945234288352	0.008575897825146296	0.0015680947818762642	0.0071501312669737215	6.852533128642928e-05	0.010633365032487817	0.029315516653875613	0.00037920163269492994	0.0026590529849106243	0.20355212936266043	0.00687403831052015
TSs95	0	0.39618575785786614	0.36202526017627806	1	0.29789674206625344	0.38888640298541316	0.2033178587462677	0.1605127389687148	0.001071046824249671	0.008811431478305008	0.9993454349112518	0.07632054893705431	0.2846845674594134	0.8725620902070249	0.333273707762411	0.28196644060716586	0.7737154060080893	0.42705348192310694	0.03718759451791944	0.008347671791960052	0.3111089166730935	0.8346050277337338	0.8928812587501012	0.028223761133961398	0.9998397697380834
TSs2	0	0.04972273754480846	0.2062659528412933	0	3.312607100422252e-05	2.0118080814086013e-05	0.00565235728810454	0.00014521336503617156	4.602142443080739e-07	0.9244154572944581	0.0002532417012401994	0.0002612731137517382	0.0046155255981872555	1.2598160167976711e-06	3.216339962215255e-06	2.254260806286545e-05	0.0021539777734123854	9.008402884748122e-07	1.8495971250621258e-05	4.233095505797538e-05	0.0566765112065981	4.2240766187435883e-07	5.776897020458946e-08	2.3921186950469665e-05	0.0001474673661006797
TSs44C	0	0.6064309430715257	0.3320697269187138	1	0.6912792299331263	0.6971410142501876	0.41952631287584635	0.04787149520981991	0.6854174456160651	0.5283969814365619	0.019722182353406812	0.9927022880528209	0.9013947904198291	0.186294019567602	0.43986905569670526	0.0064660368108728754	0.7193328578014125	0.8447106695513394	0.7608121937114174	0.9490765531229317	0.8656724716149099	0.5671369038760631	0.9860323214478393	0.9952485471630418	0.5157947208518405
TSs201	0	0.6924346764127183	0.3373315931653134	1	0.8231470774055336	0.07409476577831102	0.63325825114237	0.9965301419496602	0.8829042006973359	0.604424602481416	0.8043368081392336	0.6325011029191127	0.13891132208831355	0.8419573466718338	0.9995300880995898	0.1484781230502776	0.9962547773348134	0.9977568978607751	0.6743330536106563	0.9910237302158679	0.13260160475784993	0.9594511925169436	0.9724948374880755	0.3955171827481005	0.9723334987038285
TSs217	0	0.8392785779693815	0.303275622827229	1	0.9921975185560907	0.9913366084944571	0.16521242395892033	0.9930122992866336	0.9981012994242623	0.7956672352534703	0.9999459774687318	0.9996824089499419	0.920700409504706	0.9984239302492851	0.994403912410458	0.9913827378255478	0.9960061828890946	0.9998422832669022	0.6412779060692008	0.04195939347827421	0.9994353591780357	0.3135088736271211	0.9943580462518723	0.9761758637732512	0.9751384080274643
TSs168	1	0.14596417705447146	0.25275012354958254	1	0.05075748077788738	0.020922907392998017	0.0024477004175293676	0.005995708348814815	0.00031461744203486775	0.04053502957505676	0.8732363613517183	0.06066305151124151	0.011189601543548158	0.7517235050094112	0.05857486518496922	0.0004600602950640481	0.04294009637080554	0.02894640794531836	0.07561383641563618	0.15694919330504864	0.14580817371337762	0.48641127621230823	0.08195474238304742	0.0019125050690907695	0.07268390160240998
TSs98	1	0.6485830398936058	0.40613501434045873	1	0.9026728629796366	0.008996568113244851	0.2414256562139857	0.3268134615227634	0.5403298120177618	0.00695358571463438	0.9393778177597105	0.8881904291262795	0.09399012855250438	0.8005745698467505	0.9893988716533384	0.24536460656230774	0.9888362273761467	0.9815928046451462	0.988219757783423	0.9171552968329937	0.02962653684516383	0.9999096807355629	0.9999726224884038	0.9849597664962114	0.9999725975857829
TSs116	0	0.31052468747370965	0.29453763537222877	1	0.19793187103481127	0.06477253632812698	0.5533354634544821	0.0008029786806864534	0.038622667979602746	0.19799783861262635	0.37240907869423073	0.9043084492652124	0.3766816159222956	0.6341659250032622	0.1978659034569962	0.051554654468200796	0.15527505756203389	0.7892418507959053	0.06163134180234235	0.009773384021023077	0.7440881751121075	0.046841400759144336	0.03763468337556931	0.5130429047036094	0.4604478394767354
TSs53	0	0.13182281973856202	0.26576684569016545	1	0.0011419267644818519	0.00012587151067870896	0.02954688038419181	0.00011687617711960124	4.271142691784271e-06	0.0007968140744512564	0.00010262190279470829	0.00254718718961377	0.010178993848357612	0.41399524237239954	0.4247685037471248	4.0211300750352484e-05	0.0003553295859534899	0.005771605565799731	0.0011614361521986314	9.243511129935388e-06	9.688661614326753e-05	0.15612803355772323	0.6383613888281656	0.0011224173767650724	0.9512265799271877
TSs63A	0	0.24263197507999507	0.3339651899874377	1	0.08749735289237359	0.17948803792215848	0.054024841951601475	0.954195730325065	0.0013354764690480282	0.021011951127849513	0.9410901972244529	0.0017112677095398932	0.0039181776423982285	0.48400201197238535	0.2641267701639895	0.09350063445428475	0.08149407133046245	0.11399025164447336	0.078320881430826	0.491698631767864	0.008274927840957753	0.02857622275989908	0.9335208929133498	0.008481487645152391	0.10987703730414271
TSs158	1	0.7004466053418841	0.3535596780142885	1	0.8434305137913849	0.5058690104288661	0.22527349743806446	0.05301839437440912	0.9735430300843805	0.6033164985796446	0.8108031163764412	0.7568965111868972	0.004754002171972957	0.04662615446366175	0.5467911636668444	0.9723413134022677	0.9858427651057534	0.8760579112063285	0.9037055816077185	0.9954661624926909	0.7891742695399744	0.9975484290107615	0.9779735060161389	0.9844368948685612	0.999493894816302
TSs269	0	0.1602975659059032	0.3061727544163469	1	0.02286698930964485	0.18026219400001187	0.18561993894066794	0.00021323039465640997	0.00903781181914375	0.07577431859920938	0.02695450401203088	0.04151383566180846	0.003322422552112931	0.03534794522680695	0.00013345101368569543	0.006516129684857678	0.0019658766787572566	0.01877947460725882	0.0003147325103252308	5.045479846078798e-05	0.903245320928119	0.0015575522360056398	0.844765976213164	0.041789805130083436	0.8287863431108974
TSs317	0	0.0920342837456069	0.22916243331596267	1	0.002821746458632769	0.00081473688457537	0.051717359476593935	0.0003849899464461343	0.006464997917004817	0.0037794054798863125	0.01941191309983365	0.009687566217098492	0.00048541044561297564	0.012062945726897839	0.9013324749585512	2.0888374939821798e-06	0.0005765710597122943	0.0006899827385048964	4.7393596463630716e-05	0.0013057341565079596	0.000138060824969612	0.2515894175489837	0.04328460331067853	0.5350459352489434	0.001864087437379225
TSs49A	0	0.5093878588653525	0.36534146482338303	1	0.546670561688883	0.010677071137360574	0.7675749130050533	0.05740068132075749	0.9449501739820443	0.7651176246293837	0.5198790394227263	0.9529942866146486	0.1195679658500296	0.30668435287311074	0.2759440704572872	0.934267323178839	0.5734620839550396	0.9898377429459021	0.07424115581679533	0.040131420522197765	0.9595502591947093	0.16576438874634314	0.27470725379607075	0.8295660320091001	0.6254393378496513
TSs417	1	0.7001929759667223	0.34256389271171367	1	0.8929221964293633	0.12912079869878315	0.8445400975303012	0.980727925556507	0.14141126923265954	0.9608408583927142	0.3249540346657637	0.44442598060803934	0.6737576995046638	0.999421944672401	0.9994617013220003	0.16243913753596037	0.7254745013440277	0.9899334496138102	0.9881871442822792	0.5931986546031601	0.17150751900511835	0.9801158965944988	0.9549591373222397	0.9413042953284254	0.9980774735210904
TSs195	0	0.7270343996772664	0.34475638062168273	1	0.901432560169411	0.9907521518910798	0.9990725869672317	0.608766887924098	0.5410053338065576	0.9951542819141203	0.38330877689658405	0.02472233109967586	0.964702631270803	0.9983353358004704	0.4456483777648486	0.9994453485296504	0.7964836485422995	0.9588467046830116	0.8788597162279086	0.9832667612364228	0.9951283759989195	0.05996435132959302	0.11564319801460513	0.8775757895365333	0.9240054041109134
TSs371	1	0.8700843914972337	0.26345286293484493	1	0.991593786641787	0.970700311503677	0.5181787447280135	0.9987172270953971	0.9933126964856006	0.3141115056287415	0.994295438708386	0.9985688309182936	0.7746427668829554	0.9491124101590096	0.9999636193538565	0.9977740103452748	0.9979757712351516	0.9927836444493189	0.9865327579923889	0.059580337713872646	0.8797075280519147	0.9859177361785445	0.9904039288342552	0.9995949128175509	0.9998136508624714
TSs23	0	0.667281551767591	0.4033291604946083	1	0.8950740868459952	0.09672951299305986	0.9784479370380883	0.9896807568384849	0.020435047890050306	0.41357610612570767	0.3371446839505523	0.021780463767396653	0.07293675480808452	0.9066873571470603	0.9558327383473539	0.9990047892243801	0.9903214399326007	0.88346081654493	0.9841975607308937	0.7655407236141651	0.08976943191539188	0.9999495090925248	0.8550398407325888	0.9927675297243548	0.9923280349341512
TSs51	0	0.1815431095596643	0.31484696171388454	1	0.0048760611737138715	0.0002754082135981447	0.18628777269907631	0.013611763107723322	0.0071012443376387655	0.012963509151304791	0.002345508069835203	0.00025992710377055836	4.944256312253464e-05	0.45588369898287123	0.024500499813737593	0.0019605657698292867	0.0011176582318969913	0.0017730580042109242	0.0007141979350727536	0.0026508780097889775	8.937085968377983e-05	0.4529907070448933	0.8976805595567242	0.9542282284012245	0.6143781933372829
TSs59B	0	6.08468997218705e-05	0.00016625210710761881	0	2.8768080049385675e-06	2.433287311630812e-07	1.7206408018417582e-06	4.171465114655412e-06	0.00042160619376107277	2.864611667061685e-05	1.471761182406551e-07	2.443554226163234e-05	1.488682253490746e-06	6.596040000714232e-07	1.2652061782016042e-06	4.6314119736433074e-07	9.098269972262241e-06	1.8450730167880293e-06	1.2859457208483989e-05	3.908542993089106e-06	2.2792812347835796e-07	0.0006458217764787309	6.126813766996626e-06	1.04901792024236e-06	5.115401786898744e-05
TSs365	0	0.5791528419162482	0.37482648870001056	1	0.5078758166707904	0.9980440368198071	0.999737714052885	0.5404821669986277	0.853403955538849	0.27198061484398706	0.9996222651576843	0.9890002775291766	0.4022682865247967	0.8091925105029758	0.2697095655058739	0.9988537054211982	0.05452500309901909	0.9389556383034611	0.19383493040123873	0.05621762600591123	0.9999535998712282	0.4557522461677734	0.023293414742628426	0.25295981449488886	0.4752694663429532
TSs224	1	0.8406652769620517	0.28306815545866504	1	0.9625758376571303	0.8374115188960455	0.943956424573908	0.7819535393833429	0.9232173216566565	0.9973181235968861	0.9975181103946634	0.8338992511270639	0.9834418257385473	0.9811952507403524	0.9277797119066894	0.997313697507971	0.050334993823518505	0.9928913412732453	0.5321902130936538	0.9999657888974084	0.9971102750717927	0.9890577576287788	0.9382463124754162	0.996757150758906	0.11174693069618954
TSs325	0	0.6327523064776932	0.38248904566303593	1	0.7523308123255801	0.7692525706370916	0.9894830818803079	0.8841084180325598	0.1283707473526051	0.1028278777010877	0.014261718481070704	0.3846019822013348	0.10586743168764438	0.9484271590649774	0.990854735396388	0.04505715340829141	0.709883782336576	0.9918290884504938	0.9816430210633194	0.4173307778311564	0.4642786349867366	0.9984268490932543	0.9954866464812261	0.7354090540140685	0.997645399453676
TSs119A	0	0.5035443684633031	0.37925500799237016	1	0.4370594655583195	0.2827055081419515	0.8179994140949279	0.007939120429476934	0.014172436391412812	0.9376589986272439	0.39941983346066867	0.4984885713403825	0.9732056015216299	0.8466943369376295	0.08683317083497191	0.02651182952077266	0.38928964074431227	0.010326721196331115	0.28971488960714326	0.9937550971038993	0.4746990976559703	0.972021482600676	0.9927543455605975	0.8094354957860062	0.24726177771005647
TSs166	0	0.6737900812244884	0.3865534006191464	1	0.9003384801844767	0.9997337587427481	0.005434794918946366	0.9823476259781664	0.9776649540368716	0.9114852102574463	0.9974957991702992	0.6204773008699527	0.9975454072288813	0.8891917501115072	0.9486646488700476	0.003064744025584928	0.9552344190471361	0.20210221356130886	0.17209379580629447	0.9201313414652293	0.944671643028427	0.03811246757421357	0.3186128233289103	0.7241492795803843	0.8675876468874133
TSs297	0	0.2562617945498685	0.3475143805681308	1	0.05423822256344466	0.9067157644790987	0.03345944686464143	0.009815065770304087	0.857594519902403	0.42151893980361843	0.9757540273599795	0.027981139342575262	0.03514027672537256	0.037183684808516713	0.08084173102308834	0.04883475623166494	0.008665545941828157	0.009004067627279667	0.059641688895224386	0.14627391136751314	0.7473503066171848	0.01120835984602415	0.04593828131642575	0.5568121984620998	0.10550217861252728
TSs338	0	0.18872097088504175	0.25108451314382463	1	0.07618622968713966	0.305027914371641	0.04014533973118153	0.10651972202628304	0.014140860062552784	0.23639133664695233	0.32778113102424916	0.5362896478591942	0.1528294500114691	0.05804582800069815	0.00035468597430963393	0.0009703260416635717	0.3408662284483726	0.0056614049609503055	0.0008199546186431392	0.004078299583297229	0.8799671842115923	0.09432663137358116	0.008420255689037825	0.6531909770960509	0.008592239969115172
TSs293	0	0.07620543501084491	0.1890042052448798	1	0.006980829417575192	0.004528918343057622	0.015910052623978724	0.009432740492092763	0.0004374402723894914	0.21395056148701017	0.0005488710535619692	0.00014732308559646523	8.03859192315541e-06	0.0004237406819759583	0.7536495770137452	0.00016038082457590339	0.0032770911409188697	0.0011316632636012456	0.4225210641257422	0.010145712424035053	0.020721297520064436	0.013411301850165529	0.0009721469718983961	0.03375630361420835	0.018974474836356885
TSs24	0	0.46400631492447514	0.3811346707754426	1	0.40053661877034696	0.5168307936637303	0.1632381765542014	0.9304820143305755	0.02451447760694421	0.07597351135350468	0.7957534868307181	0.8579663610261231	0.6114954858272398	0.8072473622075985	0.12841106930513785	0.0019636134570563727	0.2842424438769637	0.20508035717513326	0.0037054039169288322	0.2554372680239849	0.9969023938305724	0.8707550153406732	0.008981638018472075	0.7427037278756029	0.9984416982683428
TSs334	0	0.2784396801649859	0.34063104762817137	1	0.10606902852802225	0.04641732783901506	0.008034133608513894	0.14562585646293422	0.09300853837099837	0.0061734309241278686	0.0049408862616854765	0.11912951868504612	0.036579128238143896	0.46455701622189555	0.9268208976715331	0.0034461127612276637	0.020710422061677645	0.8276093704930421	0.055960501142635365	0.9258706388398229	0.000264705934109558	0.8340168113784026	0.30535429016785043	0.47487764392090503	0.2693963723161519
TSs1A	0	0.0005834138299615357	0.001668008477191743	0	3.524788426676155e-05	3.763647897102899e-05	8.079459828239686e-07	0.0024278090131108986	0.0009613067051965199	1.272148995219945e-05	1.5697607758708877e-05	0.0072571897475354405	6.492149933062903e-05	1.176834400951889e-06	5.09415371827532e-05	4.9260660985447365e-05	3.285928956249411e-05	2.2307942925456403e-05	0.00020721758394427942	0.00025239400353157496	6.331611822826711e-06	3.256675710237318e-06	3.1691689742998047e-06	4.971957019396814e-06	0.0002562988453327454
TSs266	0	0.12266216429223045	0.2354428109357271	1	0.008124146059955994	4.187817669616833e-06	0.03164172215638585	0.19611641952366426	0.0038591197307937114	0.06348743498416468	4.215783299336829e-05	0.008216468382019344	0.00022047289676794269	0.04779363155357162	0.5501401693325044	2.2710806900573387e-05	0.0001562979475378197	0.05618982263044198	0.10199343747685966	0.008031823737892642	9.656726756507436e-05	0.5455438240762599	0.002938542656397169	0.0034564394369879905	0.8332920355972313
TSs277	0	0.7062947511729777	0.3570644073197578	1	0.9004303861981898	0.9844187158273953	0.9546621602186091	0.033851860551085106	0.27524906957219186	0.9944184338919528	0.9833701268063536	0.9362746391769586	0.8650694469225622	0.9126626799395724	0.9813502097212617	0.21737435819992784	0.15725997040947517	0.4113342542217639	0.8694425275579396	0.6575260155382161	0.9711396013692283	0.8881980924568073	0.08505066338497629	0.9552623676696281	0.9919798300236484
TSs60B	0	0.12513488756732463	0.24190254905515415	1	0.014417368212690004	0.00038796228193982993	0.0006735154749896735	0.48546152269282195	0.005179346757321108	0.014337760826418787	0.07379432840542632	0.009170733399965037	0.007295833221088777	0.005760553095649539	0.9622807301106738	0.18827617378047606	0.003944819286053006	0.01822211099118204	0.36077692425434843	0.02245383318402133	0.0004791023713004718	0.3003931568606149	0.023399007234876208	0.01449697559896122	0.005913361518364296
TSs303	0	0.5308394809381279	0.37005915184127164	1	0.6049582766552517	0.08739782095547585	0.03759544739934448	0.6782374093347474	0.531679143975756	0.7987632197391659	0.45430998981444265	0.7832308496346869	0.31902936434827206	0.961916652095207	0.8827729767289526	0.004844089447243595	0.06562878709558316	0.46157335761602486	0.7473506419289627	0.7181199257405473	0.008229962307585431	0.11840608087988075	0.9930889289526469	0.9816379998258169	0.982976970942216
TSs120	0	0.5592102587447491	0.35466791404919124	1	0.5050635831644779	0.9193582222846626	0.9715569036367862	0.6466556330669999	0.22967917979176172	0.08163486801985864	0.0674606301127052	0.049210791147647835	0.40556466866689433	0.5025555093652093	0.5075716569637465	0.45927961543916734	0.4116013829790637	0.958035262792492	0.03491001640425642	0.9939767639857796	0.32651574288320573	0.9102558758997106	0.9997284211217572	0.9385067870421592	0.7701472432911153
TSs132	0	0.32856226406523514	0.3511698665173376	1	0.10717584178469636	0.09272702103219917	0.021680319172101024	0.07735845160855116	0.003571262202900269	0.5364723272850995	0.014294178989166574	0.05559540767079308	0.0010633665373671747	0.10638964064975893	0.8683469605130093	0.012292536881807342	0.019757680187170463	0.5971160877665654	0.7397661021757869	0.10796204291963378	0.24019129020008714	0.7987496265855324	0.6957094285709541	0.5870727300723649	0.9951288202838546
TSs78	1	0.8860977298664492	0.2068186526799368	1	0.9909138969749417	0.9996527493488594	0.8033841500093258	0.8727364495626618	0.988742812847807	0.999856330469091	0.9983673689095003	0.9998126620967218	0.9413523958628439	0.9930849811020764	0.737154882819287	0.7800040866705001	0.999931003937728	0.988691671998973	0.502655883502749	0.9994805821412823	0.9998386057313903	0.1983204554998962	0.9974885954016529	0.9222391545039896	0.999159774912648
TSs61	0	0.5644646235614769	0.4073028297246525	1	0.5728808291383183	0.9875748465538944	0.18135495606299334	0.9570442766449337	0.3526684429694198	0.029776663141420873	0.9950005894096485	0.024787124999017154	0.2012248391177943	0.9807091580237992	0.9434454623000006	0.9993365329485583	0.03832449772991353	0.16503072916974126	0.37992598268049177	0.941733503047238	0.9488758226764548	0.13529203430072326	0.9718217560349091	0.7658356755961448	0.2895295778224395
TSs60	0	0.013261243064402687	0.027786406899995026	0	0.0014213147573774979	0.00011941399098531731	0.10400625928240424	0.00852990888884489	0.0024091233039962657	0.05869222488210743	5.409877397419214e-07	0.0013888908839897799	0.060346019450790434	0.001109172536206725	0.005851218068650215	0.0003080496314193843	4.665295339045357e-06	0.0034261888873237246	0.006597855525201535	3.9194875423119084e-05	0.0002114191547662042	0.010466753398998111	7.090095623034236e-05	0.00019332265687198514	0.0014537386307652157
TSs274	1	0.7770696444253217	0.3057983974277267	1	0.9539955479738922	0.07970990374443314	0.9385847350924782	0.5217198543729518	0.5771589583904606	0.2767181685771732	0.9166663886101958	0.9809055416865183	0.9694063608553062	0.9939126583318564	0.9930009082594684	0.802490398593946	0.48412915315038324	0.9995207345303786	0.8150015498806625	0.999809993133769	0.9947743848542874	0.9990686185632334	0.1990044338741395	0.9999186097483396	0.9998915342564524
TSs10A	0	0.0017876565902543399	0.00373311314570691	0	0.0003230435811114346	4.173198743613088e-05	0.0014409716862337813	0.0003164436654215526	0.0002469507055471857	0.001279104050862872	1.390484323644905e-06	0.010880237425460858	0.0011256121519074443	0.00019195054269405506	0.0008296764965416837	1.7272956467507443e-05	7.680656577971988e-05	0.0029421549066165277	0.0015416336920846614	1.9942940587077022e-05	1.0765093563960588e-05	0.00032964349680131657	0.00010816961809862742	0.0004571807730851427	0.013895492565573047
TSs96	0	0.4099708689583131	0.40727381298210563	1	0.24387975081107627	0.06262693467460875	0.043076595679055966	0.14016955610817913	0.0016214130662194435	0.024512312386112515	0.9849137405340364	0.00108503901491915	0.03184424703361733	0.02927909483823969	0.6482235371571431	0.34758994551397343	0.950079060332339	0.05145943409906516	0.3772554540793533	0.10878473274822675	0.8262078880895497	0.9983644371696984	0.7881703668064084	0.786008385995467	0.998145203840049
TSs282	0	0.061908525819541385	0.21031302033825083	0	0.0007952923993130641	0.00020540816383564792	0.0006282151857509718	0.0015884074828511649	0.0008381917025611209	0.03419724827156144	6.636713932529729e-07	0.02837200395408202	0.925936769880713	3.426030522934128e-05	0.0009124242154562134	0.0002210674372394931	0.001077831726853795	0.24022805832025537	0.0012299891755843694	1.3653535849941504e-05	0.0007523930960650075	0.00014745856837201102	3.635354994175607e-05	0.00020771218855939976	0.001542405958672197
TSs56A	0	0.9567867386697824	0.09401411417250391	1	0.9922414874762586	0.988251540258061	0.8410125948142654	0.9993255108945792	0.5949186321201109	0.9120026281950065	0.9999264669133532	0.9358291040870922	0.9505736062670035	0.9935873439985876	0.9999853242497498	0.9883462892305491	0.9978514895983487	0.9938529494380318	0.9709785687067163	0.997622693900295	0.9992958836537225	0.9996960188911476	0.9908956309539297	0.9820967172533054	0.9996857799717955
TSs296	0	0.013715225500147619	0.04588488446584657	0	0.0010744596482666741	0.0008177719233748207	0.009291662873923434	0.011746600541796139	9.842028539587788e-05	0.20743459237163123	3.313877002981765e-05	0.01946352191143125	0.004232468695505447	0.0012291861640444405	0.003989153913081955	0.009268897536453604	0.0027911271224836443	0.0002885165016342531	0.0003289650919193782	0.0009197331324889076	0.0007107422086367392	0.00029284123755698066	3.7390058030423734e-05	7.864966652038839e-05	0.001251129997013649
TSs33	0	0.27257770395017533	0.28002661312869775	1	0.18745651832693272	0.05369070831544587	0.19731588590366866	0.8894662509868617	0.14885321368793453	0.02653846179955723	0.2774087422549819	0.039461324096848674	0.012657010642935654	0.22648414219182916	0.1775971507501968	0.018979905601395012	0.0823860024329822	0.4437659207898489	0.45682676075496154	0.9367299293618556	0.03179406754058912	0.2881659918384823	0.5649743894023259	0.0681687487993352	0.5102894718514699
TSs311	1	0.6317272798267118	0.34696991921220094	1	0.7457964945779836	0.6075970743403526	0.9571734621236413	0.8658752369331323	0.8955923264349961	0.7232193701298052	0.02870665358137804	0.9990611177126609	0.45446366077944655	0.13830118358128293	0.23005338511183518	0.9536082915162315	0.5774901898457981	0.8314132613623691	0.995242270199573	0.39732193307320884	0.951042519867699	0.24537789474883925	0.017987313903312305	0.7683736190261621	0.9966448322625109
TSs68	0	0.002060180868488258	0.0042511685546530705	0	0.00032347905883347455	0.007440363528352876	7.771909581220537e-05	0.001152503907995091	0.0022006165944839185	0.00010316750736921277	7.405636740537291e-07	0.018050636955432384	0.005461738261321456	0.00010496617308989024	0.0009413897570076669	0.0004299932343203501	0.00021696488334659893	2.3371190015874854e-05	0.0015604233130235865	0.0005541558714181724	0.0026771505386226635	3.4832015750819555e-05	2.9170968667572963e-05	4.337359495250304e-06	0.000139375650565507
TSs104	0	0.21347437428490196	0.34736410182909333	1	0.03754603298268648	0.00016103017050143613	0.016092942358869145	0.34296255940378195	0.06934608415946746	0.053972771207284546	0.040169408555484176	0.0001694649910471132	0.0005864117029387249	0.025967664988254972	0.020332827811971817	0.014950353370859504	0.028942514657823736	0.37307205315700803	0.9476962824409532	0.013544495120732754	0.06819647979322829	0.9923300650389061	0.22902772564887688	0.03492265740988878	0.9970436937101609
TSs58	1	0.2887120299404086	0.3465968436265291	1	0.08026762677227027	0.008817841479130461	0.00015517856678319252	0.058492491683388485	0.010095902278260106	0.0015261208244186234	2.043510560815025e-05	0.04978954213607471	0.009044104872035288	0.10204276186115206	0.5380701328340097	0.6214901357252703	0.28927472083739064	0.9209900590655556	0.7119854453102867	0.048301021890644044	4.154281202649548e-05	0.7345588542340878	0.9545400849839246	0.12329430917781188	0.5917099131303142
TSs358	0	0.5498546777120976	0.5102830464558046	1	0.9986601660295256	0.9999925380955236	0.9999941852477295	0.9976381214089792	0.999999742098251	7.19355714719604e-08	0.999986957013667	3.572796569373104e-07	1.439367690234862e-07	2.1835069566540439e-07	1.202842501364424e-08	0.9999830103667587	0.9999098187520868	0.9999970877369834	0.9996822106500719	1.4319839970906084e-07	0.9999999147584234	0.9999087129005052	2.795832834034644e-07	1.2988456670102523e-08	1.5911715593297884e-08
TSs82	0	0.6687104470199288	0.3759695644378018	1	0.869735160497576	0.3209422555099384	0.0017990753554431764	0.9996882736634878	0.42431158805999103	0.015676373146103834	0.9549716478706918	0.6646665384313145	0.3659490109806062	0.8189815847452068	0.9952778819550063	0.927684190158028	0.9463437451021778	0.9876394206272981	0.7412601908421356	0.9204887362499453	0.00043792855737361734	0.9998355717485973	0.9903662599561843	0.2979343351483282	0.9999543322907175
TSs15	1	0.5410516334736619	0.41472350943418235	1	0.6335528006629447	0.18288983065247183	0.0555772964484736	0.5335047157047843	0.0010842994071384071	0.18849368052304552	0.0013753434939500705	0.933758477213239	0.6771021062058415	0.5900034951200478	0.8976433341699825	0.10099501500738423	0.813481277219493	0.9719632401719019	0.9933627791819839	0.04688231115924444	0.000540852404896378	0.9815370437445552	0.9467233789837878	0.9098771872145046	0.994237005446513
TSs3	0	0.016724773527977743	0.037950286089201785	0	0.0025182255532718197	0.0005802613464096913	0.0009287211062748714	0.06162977770612601	0.002865172020215797	0.0031840652637516982	6.31859657527046e-05	0.0030958111232661273	0.15642211093020825	0.001013288043636655	0.002774824202458371	8.457685346091903e-06	0.007628744293634593	7.657366933723914e-05	0.02455829421873072	0.0003089557381049454	0.00014354650648839038	0.00015894125901683807	0.06303963232210437	0.002261626904085268	0.0037534802546062085
TSs4	0	0.01755632728609288	0.03482591715380663	0	0.0040262950587035195	0.0020640619037529933	0.0456592860934286	0.002920992106219073	0.15285102225181255	0.013660244034903422	6.529563381720754e-05	0.0018954367921026076	0.005131598011187966	0.0004128464452213091	0.007504635947962136	0.0015218218389481662	4.222210508375007e-05	0.016387011787570443	0.04090152909788981	0.016545252621600545	0.000251964759782964	0.034701491201748993	7.032588678592627e-06	0.007105346678748167	0.0014974538213983182
TSs331	0	0.5524089079818714	0.34505072451296365	1	0.6127052592343669	0.052202228259845475	0.9621556774723418	0.04470430592611354	0.20066676058908656	0.810279801162774	0.8664639433887851	0.25167145612726555	0.09112491767988089	0.8869842111352961	0.8479243141935577	0.05169430014518488	0.2399752995742312	0.703712332676751	0.5292105285541687	0.6038829835609302	0.9982185503261436	0.5695394450338918	0.9801542373841048	0.73608533153927	0.6215275349078037
TSs314B	0	0.011687387479642899	0.022647537348841514	0	0.0018368604508934119	0.00015886635884229154	0.056074383781292626	0.004021233574855315	0.002206090058371763	0.0001603484269020829	1.8921623116390944e-05	0.00206404841588279	0.012781750094835804	0.0016096724859040335	0.0003072993914994013	1.0692429489244318e-05	0.013208139152761004	0.057118287971865515	0.00010554910342147198	8.363213653909599e-05	0.0002558739394329701	0.07531050274514484	0.004883042911226689	0.002956468912472029	0.0004129460790026467
TSs333	0	0.1320258616842081	0.2631506539608731	1	0.005204776177651698	0.00797345681713443	5.674098431591003e-05	8.805670766468108e-05	0.42113341751692707	0.002341436613078704	0.002436095538168968	1.4923022656563933e-05	0.00025864887240343876	4.067731431860264e-05	0.016250734341762153	0.0016556222010816338	0.15545239881839215	0.0015680204663328305	0.0352308769694181	0.01863392294261114	0.001433633832257604	0.32752387934726085	0.6858474337902749	0.02306166970221189	0.9395155878858901
TSs7	0	0.010208081974341523	0.015499988466503831	0	0.0024560711560458466	0.00011127912633440201	0.0012180309401659051	0.02944348866276963	0.0003738310609397721	0.0006801885558051808	0.0016963782990959153	0.0597836391010656	0.006165839610376009	0.0026117492219579156	0.0023003930901337776	0.028087472806968192	0.008680557003908603	0.0011189976341273806	0.007622246304617428	0.03076305333892289	0.00039573410346390304	0.015529821580401424	0.0011944306744312667	6.026793377719298e-05	0.006324240437568097
TSs38	0	0.7969117488263321	0.3342274449280283	1	0.9722457934251455	0.89564323315729	0.5682259766058858	0.9914358135080812	0.9790010470020282	0.6478317975613206	0.9924659768551988	0.9969799057666894	0.8448941696119344	0.9468537156444669	0.9932475087987668	0.9973245454088046	0.9783129866811613	0.9983978801909913	0.9661786001691297	0.9453104401240265	0.9975402881627076	0.17115721170997258	0.9800548560402048	0.015464358726375258	0.031914664801607526
TSs10	1	0.5043128984215746	0.3898808829150281	1	0.5101471321129687	0.9002071893556596	0.9629258655809829	0.14703435274257823	0.7138460836666704	0.15486064171717173	0.9336397418410867	0.130685655755032	0.019041933456134932	0.04472247552733271	0.9334980796448237	0.22530045038864807	0.4244904496614804	0.8656455238990987	0.06819314574614023	0.5958038145644569	0.9982631720703112	0.19731319883785695	0.8160977284484409	0.01781957241798662	0.9368688931095988
TSs48	0	0.983517633425188	0.03874048905410649	1	0.9968173954594849	0.9935734193674144	0.9983347915489934	0.9961859827215113	0.8335567579561296	0.9993772152677549	0.9944108936076745	0.9988352302636836	0.9992921007796504	0.9973641745330288	0.9888691474875232	0.9973897008277269	0.9471850785107515	0.9956959343202538	0.9440434982595852	0.9995299914392172	0.9997060505282276	0.9990044806002902	0.9921594625384204	0.9962706163859409	0.9995681415599789
