ID	ID	Class	Mean	stdev	Predicted_0.01	Median	score_0	score_1	score_2	score_3	score_4	score_5	score_6	score_7	score_8	score_9	score_10	score_11	score_12	score_13	score_14	score_15	score_16	score_17	score_18	score_19
TSs156A	0	0.49651622555735575	0.014442787968563941	1	0.5	0.5220245763602924	0.4890715985161571	0.5	0.5	0.4845909666608629	0.5	0.5	0.44496693262756215	0.5	0.5	0.5106957504130752	0.4895215053824855	0.5	0.5	0.5	0.5	0.5	0.5	0.4894531811866786	0.5
TSs361	0	0.4979927936226688	0.016147333659710245	1	0.5	0.5	0.5210336885828758	0.4847881273246004	0.5	0.46013299977536953	0.5415771704287529	0.5	0.48504006223051965	0.5	0.5104786873476891	0.47797917259968115	0.4895215053824855	0.5	0.5	0.5	0.5	0.5	0.5	0.48930445878140216	0.5
TSs368	0	0.4964662825071155	0.013952094879875363	1	0.5	0.5	0.4890715985161571	0.5	0.5	0.4845909666608629	0.5106957504130752	0.5	0.44496693262756215	0.5	0.5104786873476891	0.5106957504130752	0.4895215053824855	0.5	0.5	0.5	0.5	0.5	0.5	0.48930445878140216	0.5
TSs49	0	0.49758954310533154	0.007849958967281164	1	0.5	0.5	0.4890715985161571	0.5	0.5	0.4845909666608629	0.5106957504130752	0.5	0.5	0.5	0.5104786873476891	0.47797917259968115	0.4895215053824855	0.5	0.5	0.5	0.5	0.5	0.5	0.4894531811866786	0.5
TSs138B	0	0.49315373185916594	0.017620484099855872	1	0.5	0.5	0.4890715985161571	0.5	0.5	0.46013299977536953	0.5106957504130752	0.5	0.44496693262756215	0.5	0.5	0.5106957504130752	0.45805842425140014	0.5	0.5	0.5	0.5	0.5	0.5	0.4894531811866786	0.5
TSs22B	0	0.4964662825071155	0.013952094879875363	1	0.5	0.5	0.4890715985161571	0.5	0.5	0.4845909666608629	0.5106957504130752	0.5	0.44496693262756215	0.5	0.5104786873476891	0.5106957504130752	0.4895215053824855	0.5	0.5	0.5	0.5	0.5	0.5	0.48930445878140216	0.5
TSs287	0	0.4946469669853073	0.013342455233161687	1	0.5	0.5	0.4890715985161571	0.5	0.5	0.4845909666608629	0.5	0.5	0.44496693262756215	0.5	0.5	0.5106957504130752	0.4895215053824855	0.5	0.5	0.5	0.5	0.5	0.48478812732460036	0.48930445878140216	0.5
TSs383	0	0.4948529393232535	0.013687761549272572	1	0.5	0.5	0.5	0.5	0.5	0.4845909666608629	0.5106957504130752	0.5	0.44496693262756215	0.5	0.5	0.47797917259968115	0.4895215053824855	0.5	0.5	0.5	0.5	0.5	0.5	0.48930445878140216	0.5
TSs314A	0	0.4964662825071155	0.013952094879875363	1	0.5	0.5	0.4890715985161571	0.5	0.5	0.4845909666608629	0.5106957504130752	0.5	0.44496693262756215	0.5	0.5104786873476891	0.5106957504130752	0.4895215053824855	0.5	0.5	0.5	0.5	0.5	0.5	0.48930445878140216	0.5
TSs30	0	0.49953890223597347	0.012642789647215063	1	0.5	0.5220245763602924	0.5	0.4847881273246004	0.5	0.46013299977536953	0.5106957504130752	0.51313618892148	0.5	0.5	0.5104786873476891	0.5106957504130752	0.4895215053824855	0.5	0.5	0.5	0.5	0.5	0.5	0.48930445878140216	0.5
TSs291	1	0.49451803988720516	0.015328047116852782	1	0.5	0.5220245763602924	0.5	0.4847881273246004	0.5	0.46013299977536953	0.5	0.51313618892148	0.5	0.5	0.5	0.47797917259968115	0.45805842425140014	0.5	0.5	0.5	0.5	0.5	0.48478812732460036	0.4894531811866786	0.5
TSs157A	0	0.4970127025813076	0.013860949290130134	1	0.5	0.5	0.5	0.5	0.5	0.4845909666608629	0.5106957504130752	0.5	0.44496693262756215	0.5	0.5104786873476891	0.5106957504130752	0.4895215053824855	0.5	0.5	0.5	0.5	0.5	0.5	0.48930445878140216	0.5
TSs27	1	0.4952786335209751	0.015196679302435621	1	0.5	0.5220245763602924	0.5	0.4847881273246004	0.5	0.46013299977536953	0.5	0.51313618892148	0.5	0.5	0.5	0.47797917259968115	0.45805842425140014	0.5	0.5	0.5	0.5	0.5	0.5	0.4894531811866786	0.5
TSs363	0	0.49393838248038213	0.017314762610458927	1	0.5	0.5220245763602924	0.4890715985161571	0.4847881273246004	0.5	0.4845909666608629	0.5	0.5	0.44496693262756215	0.5	0.5104786873476891	0.5106957504130752	0.45805842425140014	0.5	0.5	0.5	0.5	0.5	0.48478812732460036	0.48930445878140216	0.5
TSs9	0	0.4986905844753474	0.006356981611932061	1	0.5	0.5	0.4890715985161571	0.5	0.5	0.4845909666608629	0.5	0.5	0.5	0.5	0.5104786873476891	0.5106957504130752	0.4895215053824855	0.5	0.5	0.5	0.5	0.5	0.5	0.4894531811866786	0.5
TSs151B	0	0.4982183440821163	0.015466018073866236	1	0.5	0.5220245763602924	0.5	0.5	0.5	0.48584019381145355	0.511513418539344	0.51313618892148	0.44601632365358	0.5	0.5104786873476891	0.5117434015199981	0.4895215053824855	0.5	0.5	0.5	0.5	0.5	0.48478812732460036	0.48930445878140216	0.5
TSs133	0	0.4964737186273793	0.013948115972263772	1	0.5	0.5	0.4890715985161571	0.5	0.5	0.4845909666608629	0.5106957504130752	0.5	0.44496693262756215	0.5	0.5104786873476891	0.5106957504130752	0.4895215053824855	0.5	0.5	0.5	0.5	0.5	0.5	0.4894531811866786	0.5
TSs155	0	0.4964662825071155	0.013952094879875363	1	0.5	0.5	0.4890715985161571	0.5	0.5	0.4845909666608629	0.5106957504130752	0.5	0.44496693262756215	0.5	0.5104786873476891	0.5106957504130752	0.4895215053824855	0.5	0.5	0.5	0.5	0.5	0.5	0.48930445878140216	0.5
TSs209	0	0.4964662825071155	0.013952094879875363	1	0.5	0.5	0.4890715985161571	0.5	0.5	0.4845909666608629	0.5106957504130752	0.5	0.44496693262756215	0.5	0.5104786873476891	0.5106957504130752	0.4895215053824855	0.5	0.5	0.5	0.5	0.5	0.5	0.48930445878140216	0.5
TSs136	0	0.49625210894753763	0.014103636391990628	1	0.5	0.5	0.5	0.5	0.5	0.4845909666608629	0.5106957504130752	0.5	0.44496693262756215	0.5	0.5104786873476891	0.5106957504130752	0.4895215053824855	0.5	0.5	0.5	0.5	0.5	0.48478812732460036	0.48930445878140216	0.5
TSs22A	0	0.4932572995598915	0.016317307199179506	1	0.5	0.5	0.4890715985161571	0.5	0.5	0.4845909666608629	0.5106957504130752	0.5	0.44496693262756215	0.5	0.5104786873476891	0.47797917259968115	0.45805842425140014	0.5	0.5	0.5	0.5	0.5	0.5	0.48930445878140216	0.5
TSs357	1	0.49451803988720516	0.015328047116852782	1	0.5	0.5220245763602924	0.5	0.4847881273246004	0.5	0.46013299977536953	0.5	0.51313618892148	0.5	0.5	0.5	0.47797917259968115	0.45805842425140014	0.5	0.5	0.5	0.5	0.5	0.48478812732460036	0.4894531811866786	0.5
TSs161	0	0.4964662825071155	0.013952094879875363	1	0.5	0.5	0.4890715985161571	0.5	0.5	0.4845909666608629	0.5106957504130752	0.5	0.44496693262756215	0.5	0.5104786873476891	0.5106957504130752	0.4895215053824855	0.5	0.5	0.5	0.5	0.5	0.5	0.48930445878140216	0.5
TSs11	0	0.49635204910111924	0.017038675043957483	1	0.5	0.5220245763602924	0.4890715985161571	0.5	0.5	0.46013299977536953	0.5106957504130752	0.5	0.44496693262756215	0.5	0.5104786873476891	0.5106957504130752	0.4895215053824855	0.5	0.5	0.5	0.5	0.5	0.5	0.4894531811866786	0.5
TSs5A	0	0.4964662825071155	0.013952094879875363	1	0.5	0.5	0.4890715985161571	0.5	0.5	0.4845909666608629	0.5106957504130752	0.5	0.44496693262756215	0.5	0.5104786873476891	0.5106957504130752	0.4895215053824855	0.5	0.5	0.5	0.5	0.5	0.5	0.48930445878140216	0.5
TSs131	0	0.4964662825071155	0.013952094879875363	1	0.5	0.5	0.4890715985161571	0.5	0.5	0.4845909666608629	0.5106957504130752	0.5	0.44496693262756215	0.5	0.5104786873476891	0.5106957504130752	0.4895215053824855	0.5	0.5	0.5	0.5	0.5	0.5	0.48930445878140216	0.5
TSs294	0	0.49725692960450046	0.010571266115763577	1	0.5	0.5	0.5	0.4847881273246004	0.5	0.46013299977536953	0.5106957504130752	0.5	0.5	0.5	0.5	0.5106957504130752	0.4895215053824855	0.5	0.5	0.5	0.5	0.5	0.5	0.48930445878140216	0.5
TSs378	0	0.49712309195318943	0.014428277656957565	1	0.5	0.5	0.4890715985161571	0.5	0.5	0.4845909666608629	0.5106957504130752	0.51313618892148	0.44496693262756215	0.5	0.5104786873476891	0.5106957504130752	0.4895215053824855	0.5	0.5	0.5	0.5	0.5	0.5	0.48930445878140216	0.5
TSs336	0	0.49425455674221147	0.016586229673128654	1	0.5	0.5	0.4890715985161571	0.4847881273246004	0.5	0.4845909666608629	0.5	0.51313618892148	0.44496693262756215	0.5	0.5104786873476891	0.5106957504130752	0.45805842425140014	0.5	0.5	0.5	0.5	0.5	0.5	0.48930445878140216	0.5
TSs111	0	0.495838563952035	0.014319857223470317	1	0.5	0.5	0.4890715985161571	0.4847881273246004	0.5	0.4845909666608629	0.5106957504130752	0.51313618892148	0.44496693262756215	0.5	0.5	0.5106957504130752	0.4895215053824855	0.5	0.5	0.5	0.5	0.5	0.5	0.48930445878140216	0.5
TSs56	1	0.49451803988720516	0.015328047116852782	1	0.5	0.5220245763602924	0.5	0.4847881273246004	0.5	0.46013299977536953	0.5	0.51313618892148	0.5	0.5	0.5	0.47797917259968115	0.45805842425140014	0.5	0.5	0.5	0.5	0.5	0.48478812732460036	0.4894531811866786	0.5
TSs3A	0	0.49580982546020164	0.01673284242618362	1	0.5	0.5220245763602924	0.4890715985161571	0.5	0.5	0.46013299977536953	0.5	0.5	0.44496693262756215	0.5	0.5104786873476891	0.5106957504130752	0.4895215053824855	0.5	0.5	0.5	0.5	0.5	0.5	0.48930445878140216	0.5
TSs95	0	0.4968910330550476	0.01697146081176528	1	0.5	0.5220245763602924	0.5	0.5	0.5	0.46013299977536953	0.5106957504130752	0.5	0.44496693262756215	0.5	0.5104786873476891	0.5106957504130752	0.4895215053824855	0.5	0.5	0.5	0.5	0.5	0.5	0.48930445878140216	0.5
TSs2	0	0.49571312499360937	0.014158867733872716	1	0.5	0.5	0.4890715985161571	0.5	0.5	0.4845909666608629	0.5106957504130752	0.5	0.44496693262756215	0.5	0.5104786873476891	0.5106957504130752	0.4895215053824855	0.5	0.5	0.5	0.5	0.5	0.48478812732460036	0.4894531811866786	0.5
TSs44C	0	0.495820678613471	0.016742924969795774	1	0.5	0.5220245763602924	0.4890715985161571	0.5	0.5	0.46013299977536953	0.5106957504130752	0.5	0.44496693262756215	0.5	0.5	0.5106957504130752	0.4895215053824855	0.5	0.5	0.5	0.5	0.5	0.5	0.48930445878140216	0.5
TSs201	0	0.4959314949864617	0.013577937847831024	1	0.5	0.5	0.4890715985161571	0.5	0.5	0.4845909666608629	0.5	0.5	0.44496693262756215	0.5	0.5104786873476891	0.5106957504130752	0.4895215053824855	0.5	0.5	0.5	0.5	0.5	0.5	0.48930445878140216	0.5
TSs217	0	0.4945199319894359	0.01492255189510168	1	0.5	0.5	0.5	0.4847881273246004	0.5	0.4845909666608629	0.5106957504130752	0.51313618892148	0.44496693262756215	0.5	0.5104786873476891	0.47797917259968115	0.4895215053824855	0.5	0.5	0.5	0.5	0.5	0.48478812732460036	0.4894531811866786	0.5
TSs168	0	0.4970435769577456	0.014776887352637972	1	0.5	0.5220245763602924	0.4890715985161571	0.5	0.5	0.4845909666608629	0.5106957504130752	0.5	0.44496693262756215	0.5	0.5	0.5106957504130752	0.4895215053824855	0.5	0.5	0.5	0.5	0.5	0.5	0.48930445878140216	0.5
TSs98	1	0.4964662825071155	0.013952094879875363	1	0.5	0.5	0.4890715985161571	0.5	0.5	0.4845909666608629	0.5106957504130752	0.5	0.44496693262756215	0.5	0.5104786873476891	0.5106957504130752	0.4895215053824855	0.5	0.5	0.5	0.5	0.5	0.5	0.48930445878140216	0.5
TSs116	0	0.4964662825071155	0.013952094879875363	1	0.5	0.5	0.4890715985161571	0.5	0.5	0.4845909666608629	0.5106957504130752	0.5	0.44496693262756215	0.5	0.5104786873476891	0.5106957504130752	0.4895215053824855	0.5	0.5	0.5	0.5	0.5	0.5	0.48930445878140216	0.5
TSs53	1	0.49451803988720516	0.015328047116852782	1	0.5	0.5220245763602924	0.5	0.4847881273246004	0.5	0.46013299977536953	0.5	0.51313618892148	0.5	0.5	0.5	0.47797917259968115	0.45805842425140014	0.5	0.5	0.5	0.5	0.5	0.48478812732460036	0.4894531811866786	0.5
TSs63A	0	0.4958945320745185	0.013506808140898082	1	0.5	0.5	0.4890715985161571	0.5	0.5	0.46013299977536953	0.5	0.5	0.5	0.5	0.5104786873476891	0.5106957504130752	0.45805842425140014	0.5	0.5	0.5	0.5	0.5	0.5	0.4894531811866786	0.5
TSs158	1	0.49176638651858323	0.018831468565968484	1	0.5	0.5220245763602924	0.5	0.4847881273246004	0.5	0.46013299977536953	0.5	0.51313618892148	0.44496693262756215	0.5	0.5	0.47797917259968115	0.45805842425140014	0.5	0.5	0.5	0.5	0.5	0.48478812732460036	0.4894531811866786	0.5
TSs269	0	0.4966065937060688	0.014100381659733586	1	0.5	0.5	0.4890715985161571	0.5	0.5	0.4845909666608629	0.5106957504130752	0.51313618892148	0.44496693262756215	0.5	0.5	0.5106957504130752	0.4895215053824855	0.5	0.5	0.5	0.5	0.5	0.5	0.4894531811866786	0.5
TSs317	0	0.49735333776555224	0.015226807940499009	1	0.5	0.5220245763602924	0.5	0.5	0.5	0.4845909666608629	0.5106957504130752	0.5	0.44496693262756215	0.5	0.5104786873476891	0.5106957504130752	0.4895215053824855	0.5	0.5	0.5	0.5	0.5	0.48478812732460036	0.48930445878140216	0.5
TSs49A	0	0.49409978180974734	0.013806132394377385	1	0.5	0.5	0.5	0.4847881273246004	0.5	0.4845909666608629	0.5106957504130752	0.5	0.44496693262756215	0.5	0.5	0.47797917259968115	0.4895215053824855	0.5	0.5	0.5	0.5	0.5	0.5	0.4894531811866786	0.5
TSs417	1	0.49609119394375945	0.012794318333882823	1	0.5	0.5220245763602924	0.5	0.4847881273246004	0.5	0.46013299977536953	0.5	0.51313618892148	0.5	0.5	0.5	0.47797917259968115	0.4895215053824855	0.5	0.5	0.5	0.5	0.5	0.48478812732460036	0.4894531811866786	0.5
TSs195	0	0.49658830443253577	0.014093052254615452	1	0.5	0.5	0.4890715985161571	0.5	0.5	0.4845909666608629	0.5	0.51313618892148	0.44496693262756215	0.5	0.5104786873476891	0.5106957504130752	0.4895215053824855	0.5	0.5	0.5	0.5	0.5	0.5	0.48930445878140216	0.5
TSs371	1	0.49451060376694134	0.015330669412866678	1	0.5	0.5220245763602924	0.5	0.4847881273246004	0.5	0.46013299977536953	0.5	0.51313618892148	0.5	0.5	0.5	0.47797917259968115	0.45805842425140014	0.5	0.5	0.5	0.5	0.5	0.48478812732460036	0.48930445878140216	0.5
TSs23	0	0.49845734224196736	0.007620843896836761	1	0.5	0.5	0.4890715985161571	0.5	0.5	0.4845909666608629	0.5106957504130752	0.5	0.5	0.5	0.5104786873476891	0.5106957504130752	0.4895215053824855	0.5	0.5	0.5	0.5	0.5	0.48478812732460036	0.48930445878140216	0.5
TSs51	0	0.4964662825071155	0.013952094879875363	1	0.5	0.5	0.4890715985161571	0.5	0.5	0.4845909666608629	0.5106957504130752	0.5	0.44496693262756215	0.5	0.5104786873476891	0.5106957504130752	0.4895215053824855	0.5	0.5	0.5	0.5	0.5	0.5	0.48930445878140216	0.5
TSs59B	0	0.4964662825071155	0.013952094879875363	1	0.5	0.5	0.4890715985161571	0.5	0.5	0.4845909666608629	0.5106957504130752	0.5	0.44496693262756215	0.5	0.5104786873476891	0.5106957504130752	0.4895215053824855	0.5	0.5	0.5	0.5	0.5	0.5	0.48930445878140216	0.5
TSs365	0	0.4936702301062866	0.017988618993740525	1	0.5	0.5	0.4890715985161571	0.5	0.5	0.46013299977536953	0.5106957504130752	0.5	0.44496693262756215	0.5	0.5104786873476891	0.5106957504130752	0.45805842425140014	0.5	0.5	0.5	0.5	0.5	0.5	0.48930445878140216	0.5
TSs224	1	0.49451803988720516	0.015328047116852782	1	0.5	0.5220245763602924	0.5	0.4847881273246004	0.5	0.46013299977536953	0.5	0.51313618892148	0.5	0.5	0.5	0.47797917259968115	0.45805842425140014	0.5	0.5	0.5	0.5	0.5	0.48478812732460036	0.4894531811866786	0.5
TSs325	0	0.49308362090478675	0.015566883780792616	1	0.5	0.5	0.4890715985161571	0.5	0.5	0.46013299977536953	0.5106957504130752	0.5	0.44496693262756215	0.5	0.5	0.47797917259968115	0.4895215053824855	0.5	0.5	0.5	0.5	0.5	0.5	0.48930445878140216	0.5
TSs119A	0	0.49448279052907085	0.016096501299201326	1	0.5	0.5	0.4890715985161571	0.5	0.5	0.46013299977536953	0.5106957504130752	0.5	0.44496693262756215	0.5	0.5104786873476891	0.5106957504130752	0.4895215053824855	0.5	0.5	0.5	0.5	0.5	0.48478812732460036	0.48930445878140216	0.5
TSs166	0	0.49635702423302186	0.0133522634016355	1	0.5	0.5220245763602924	0.4890715985161571	0.4847881273246004	0.5	0.4845909666608629	0.5106957504130752	0.5	0.5	0.5	0.5104786873476891	0.47797917259968115	0.45805842425140014	0.5	0.5	0.5	0.5	0.5	0.5	0.4894531811866786	0.5
TSs297	0	0.4943657770501713	0.015968967497316116	1	0.5	0.5	0.4890715985161571	0.5	0.5	0.4845909666608629	0.5	0.5	0.44496693262756215	0.5	0.5104786873476891	0.5106957504130752	0.45805842425140014	0.5	0.5	0.5	0.5	0.5	0.5	0.4894531811866786	0.5
TSs338	0	0.49316095149245937	0.01691070290166946	1	0.5	0.5	0.4890715985161571	0.4847881273246004	0.5	0.4845909666608629	0.5106957504130752	0.51313618892148	0.44496693262756215	0.5	0.5104786873476891	0.47797917259968115	0.45805842425140014	0.5	0.5	0.5	0.5	0.5	0.5	0.4894531811866786	0.5
TSs293	0	0.4949633286951354	0.014279566634798369	1	0.5	0.5	0.4890715985161571	0.5	0.5	0.4845909666608629	0.5106957504130752	0.51313618892148	0.44496693262756215	0.5	0.5	0.47797917259968115	0.4895215053824855	0.5	0.5	0.5	0.5	0.5	0.5	0.48930445878140216	0.5
TSs24	0	0.4955986150070231	0.011438800993707686	1	0.5	0.5	0.4890715985161571	0.5	0.5	0.46013299977536953	0.5106957504130752	0.5	0.5	0.5	0.5104786873476891	0.47797917259968115	0.4895215053824855	0.5	0.5	0.5	0.5	0.5	0.48478812732460036	0.48930445878140216	0.5
TSs334	0	0.49543954852475336	0.016322754347466214	1	0.5	0.5	0.5	0.5	0.5	0.4845909666608629	0.5106957504130752	0.5	0.44496693262756215	0.5	0.5104786873476891	0.5106957504130752	0.45805842425140014	0.5	0.5	0.5	0.5	0.5	0.5	0.48930445878140216	0.5
TSs1A	0	0.4971455776599972	0.014008781718603655	1	0.5	0.5	0.5	0.5	0.5	0.4845909666608629	0.5106957504130752	0.51313618892148	0.44496693262756215	0.5	0.5	0.5106957504130752	0.4895215053824855	0.5	0.5	0.5	0.5	0.5	0.5	0.48930445878140216	0.5
TSs266	1	0.4934168110691906	0.013979721741928448	1	0.5	0.5	0.5	0.4847881273246004	0.5	0.46013299977536953	0.5	0.51313618892148	0.5	0.5	0.5	0.47797917259968115	0.45805842425140014	0.5	0.5	0.5	0.5	0.5	0.48478812732460036	0.4894531811866786	0.5
TSs277	0	0.4960089529285134	0.011744894335211944	1	0.5	0.5	0.4890715985161571	0.5	0.5	0.4845909666608629	0.5106957504130752	0.5	0.5	0.5	0.5104786873476891	0.47797917259968115	0.45805842425140014	0.5	0.5	0.5	0.5	0.5	0.5	0.48930445878140216	0.5
TSs60B	0	0.4975821069850677	0.00785813822545768	1	0.5	0.5	0.4890715985161571	0.5	0.5	0.4845909666608629	0.5106957504130752	0.5	0.5	0.5	0.5104786873476891	0.47797917259968115	0.4895215053824855	0.5	0.5	0.5	0.5	0.5	0.5	0.48930445878140216	0.5
TSs303	0	0.49594234813973104	0.013590258904393904	1	0.5	0.5	0.4890715985161571	0.5	0.5	0.4845909666608629	0.5106957504130752	0.5	0.44496693262756215	0.5	0.5	0.5106957504130752	0.4895215053824855	0.5	0.5	0.5	0.5	0.5	0.5	0.48930445878140216	0.5
TSs120	1	0.49495063925760874	0.014746098739126964	1	0.5	0.5220245763602924	0.4890715985161571	0.4847881273246004	0.5	0.46013299977536953	0.5	0.5	0.5	0.5	0.5	0.5106957504130752	0.45805842425140014	0.5	0.5	0.5	0.5	0.5	0.48478812732460036	0.4894531811866786	0.5
TSs132	0	0.4964662825071155	0.013952094879875363	1	0.5	0.5	0.4890715985161571	0.5	0.5	0.4845909666608629	0.5106957504130752	0.5	0.44496693262756215	0.5	0.5104786873476891	0.5106957504130752	0.4895215053824855	0.5	0.5	0.5	0.5	0.5	0.5	0.48930445878140216	0.5
TSs78	1	0.49505282740785905	0.015711172721227053	1	0.5	0.5220245763602924	0.5	0.4847881273246004	0.5	0.46013299977536953	0.5106957504130752	0.51313618892148	0.5	0.5	0.5	0.47797917259968115	0.45805842425140014	0.5	0.5	0.5	0.5	0.5	0.48478812732460036	0.4894531811866786	0.5
TSs61	0	0.49489312845056127	0.01634495810232932	1	0.5	0.5	0.4890715985161571	0.5	0.5	0.4845909666608629	0.5106957504130752	0.5	0.44496693262756215	0.5	0.5104786873476891	0.5106957504130752	0.45805842425140014	0.5	0.5	0.5	0.5	0.5	0.5	0.48930445878140216	0.5
TSs60	0	0.4964662825071155	0.013952094879875363	1	0.5	0.5	0.4890715985161571	0.5	0.5	0.4845909666608629	0.5106957504130752	0.5	0.44496693262756215	0.5	0.5104786873476891	0.5106957504130752	0.4895215053824855	0.5	0.5	0.5	0.5	0.5	0.5	0.48930445878140216	0.5
TSs274	1	0.49451803988720516	0.015328047116852782	1	0.5	0.5220245763602924	0.5	0.4847881273246004	0.5	0.46013299977536953	0.5	0.51313618892148	0.5	0.5	0.5	0.47797917259968115	0.45805842425140014	0.5	0.5	0.5	0.5	0.5	0.48478812732460036	0.4894531811866786	0.5
TSs10A	0	0.4964662825071155	0.013952094879875363	1	0.5	0.5	0.4890715985161571	0.5	0.5	0.4845909666608629	0.5106957504130752	0.5	0.44496693262756215	0.5	0.5104786873476891	0.5106957504130752	0.4895215053824855	0.5	0.5	0.5	0.5	0.5	0.5	0.48930445878140216	0.5
TSs96	0	0.4948304536164458	0.014112955660175784	1	0.5	0.5	0.4890715985161571	0.5	0.5	0.4845909666608629	0.5106957504130752	0.5	0.44496693262756215	0.5	0.5104786873476891	0.47797917259968115	0.4895215053824855	0.5	0.5	0.5	0.5	0.5	0.5	0.48930445878140216	0.5
TSs282	0	0.4964662825071155	0.013952094879875363	1	0.5	0.5	0.4890715985161571	0.5	0.5	0.4845909666608629	0.5106957504130752	0.5	0.44496693262756215	0.5	0.5104786873476891	0.5106957504130752	0.4895215053824855	0.5	0.5	0.5	0.5	0.5	0.5	0.48930445878140216	0.5
TSs56A	0	0.4964662825071155	0.013952094879875363	1	0.5	0.5	0.4890715985161571	0.5	0.5	0.4845909666608629	0.5106957504130752	0.5	0.44496693262756215	0.5	0.5104786873476891	0.5106957504130752	0.4895215053824855	0.5	0.5	0.5	0.5	0.5	0.5	0.48930445878140216	0.5
TSs296	0	0.4943583409299075	0.015971409940493363	1	0.5	0.5	0.4890715985161571	0.5	0.5	0.4845909666608629	0.5	0.5	0.44496693262756215	0.5	0.5104786873476891	0.5106957504130752	0.45805842425140014	0.5	0.5	0.5	0.5	0.5	0.5	0.48930445878140216	0.5
TSs33	0	0.4952562493416136	0.017221139049163517	1	0.5	0.5220245763602924	0.5	0.4847881273246004	0.5	0.4845909666608629	0.5106957504130752	0.5	0.44496693262756215	0.5	0.5	0.5106957504130752	0.45805842425140014	0.5	0.5	0.5	0.5	0.5	0.5	0.48930445878140216	0.5
TSs311	0	0.5000012069464781	0.010054264182725687	1	0.5	0.5220245763602924	0.5	0.4847881273246004	0.5	0.4845909666608629	0.5106957504130752	0.51313618892148	0.5	0.5	0.5104786873476891	0.5106957504130752	0.4895215053824855	0.5	0.5	0.5	0.5	0.5	0.48478812732460036	0.48930445878140216	0.5
TSs68	0	0.4995660071802458	0.009260043154066167	1	0.5	0.5220245763602924	0.4890715985161571	0.5	0.5	0.4845909666608629	0.5106957504130752	0.5	0.5	0.5	0.5104786873476891	0.5106957504130752	0.4895215053824855	0.5	0.5	0.5	0.5	0.5	0.48478812732460036	0.4894531811866786	0.5
TSs104	1	0.4962648725988642	0.013657288837622022	1	0.5	0.5220245763602924	0.5	0.4847881273246004	0.5	0.4845909666608629	0.5	0.51313618892148	0.5	0.5	0.5104786873476891	0.47797917259968115	0.45805842425140014	0.5	0.5	0.5	0.5	0.5	0.48478812732460036	0.4894531811866786	0.5
TSs58	0	0.4970327238044764	0.014766408522003633	1	0.5	0.5220245763602924	0.4890715985161571	0.5	0.5	0.4845909666608629	0.5	0.5	0.44496693262756215	0.5	0.5104786873476891	0.5106957504130752	0.4895215053824855	0.5	0.5	0.5	0.5	0.5	0.5	0.48930445878140216	0.5
TSs358	0	0.505574552456576	0.013875621286835827	1	0.5	0.5	0.5	0.5315250209920086	0.5	0.5214988220419341	0.5	0.5	0.5	0.5	0.5104786873476891	0.5415771704287529	0.4895215053824855	0.5	0.5	0.5275853841572485	0.5	0.5	0.5	0.48930445878140216	0.5
TSs82	0	0.4975821069850677	0.00785813822545768	1	0.5	0.5	0.4890715985161571	0.5	0.5	0.4845909666608629	0.5106957504130752	0.5	0.5	0.5	0.5104786873476891	0.47797917259968115	0.4895215053824855	0.5	0.5	0.5	0.5	0.5	0.5	0.48930445878140216	0.5
TSs15	0	0.4963624983194195	0.014667603804128963	1	0.5	0.5	0.4890715985161571	0.5	0.5	0.4845909666608629	0.5106957504130752	0.51313618892148	0.44496693262756215	0.5	0.5104786873476891	0.5106957504130752	0.4895215053824855	0.5	0.5	0.5	0.5	0.5	0.48478812732460036	0.48930445878140216	0.5
TSs3	0	0.4956019046856495	0.014862170305630836	1	0.5	0.5	0.4890715985161571	0.4847881273246004	0.5	0.4845909666608629	0.5106957504130752	0.51313618892148	0.44496693262756215	0.5	0.5104786873476891	0.5106957504130752	0.4895215053824855	0.5	0.5	0.5	0.5	0.5	0.48478812732460036	0.48930445878140216	0.5
TSs4	0	0.4964662825071155	0.013952094879875363	1	0.5	0.5	0.4890715985161571	0.5	0.5	0.4845909666608629	0.5106957504130752	0.5	0.44496693262756215	0.5	0.5104786873476891	0.5106957504130752	0.4895215053824855	0.5	0.5	0.5	0.5	0.5	0.5	0.48930445878140216	0.5
TSs331	1	0.49527863352097523	0.015196679302435625	1	0.5	0.5220245763602924	0.5	0.5	0.5	0.46013299977536953	0.5	0.51313618892148	0.5	0.5	0.5	0.47797917259968115	0.45805842425140014	0.5	0.5	0.5	0.5	0.5	0.48478812732460036	0.4894531811866786	0.5
TSs314B	0	0.4959314949864617	0.013577937847831024	1	0.5	0.5	0.4890715985161571	0.5	0.5	0.4845909666608629	0.5	0.5	0.44496693262756215	0.5	0.5104786873476891	0.5106957504130752	0.4895215053824855	0.5	0.5	0.5	0.5	0.5	0.5	0.48930445878140216	0.5
TSs333	0	0.4941325348167913	0.016448414271978174	1	0.5	0.5	0.4890715985161571	0.5	0.5	0.4845909666608629	0.5106957504130752	0.5	0.44496693262756215	0.5	0.5104786873476891	0.5106957504130752	0.45805842425140014	0.5	0.5	0.5	0.5	0.5	0.48478812732460036	0.48930445878140216	0.5
TSs7	0	0.4991141516880414	0.0082968882759626	1	0.5	0.5	0.4890715985161571	0.4847881273246004	0.5	0.4845909666608629	0.5106957504130752	0.51313618892148	0.5	0.5	0.5104786873476891	0.5106957504130752	0.4895215053824855	0.5	0.5	0.5	0.5	0.5	0.5	0.48930445878140216	0.5
TSs38	0	0.49448279052907085	0.016096501299201323	1	0.5	0.5	0.4890715985161571	0.4847881273246004	0.5	0.46013299977536953	0.5106957504130752	0.5	0.44496693262756215	0.5	0.5104786873476891	0.5106957504130752	0.4895215053824855	0.5	0.5	0.5	0.5	0.5	0.5	0.48930445878140216	0.5
TSs10	1	0.49451803988720516	0.015328047116852782	1	0.5	0.5220245763602924	0.5	0.4847881273246004	0.5	0.46013299977536953	0.5	0.51313618892148	0.5	0.5	0.5	0.47797917259968115	0.45805842425140014	0.5	0.5	0.5	0.5	0.5	0.48478812732460036	0.4894531811866786	0.5
TSs48	0	0.494708596642187	0.01560341156565645	1	0.5	0.5	0.4890715985161571	0.5	0.5	0.46013299977536953	0.5	0.5	0.44496693262756215	0.5	0.5104786873476891	0.5106957504130752	0.4895215053824855	0.5	0.5	0.5	0.5	0.5	0.5	0.48930445878140216	0.5
