ID	ID	Class	Mean	stdev	Predicted_0.27	Median	score_0	score_1	score_2	score_3	score_4	score_5	score_6	score_7	score_8	score_9	score_10	score_11	score_12	score_13	score_14	score_15	score_16	score_17	score_18	score_19
TSs156A	0	0.38199975412014886	0.13042117518531715	1	0.37866666666666665	0.266	0.25	0.302	0.577	0.5560338680926916	0.4033333333333333	0.604111111111111	0.1981385964912281	0.48	0.44133333333333336	0.236	0.18733333333333335	0.33470000000000005	0.40910526315789475	0.2690888888888888	0.45647875816993466	0.49343859649122807	0.354	0.298	0.5239
TSs361	0	0.47700172897149296	0.21292553229738448	1	0.4065312558356675	0.3674833333333334	0.155	0.302	0.754	0.7100338680926918	0.6498333333333334	0.79	0.122	0.704	0.6519083333333333	0.39761568627450977	0.302	0.3742857142857143	0.6749052631578948	0.30588888888888893	0.34	0.7635	0.314	0.41544682539682526	0.4461333333333333
TSs368	1	0.49571579997788584	0.05876931189736146	1	0.48735818713450296	0.402	0.5878	0.3908036758563074	0.48333333333333334	0.4662222222222222	0.5386666666666667	0.4866111111111111	0.39770526315789473	0.4846666666666667	0.5337249999999999	0.5256823529411765	0.54	0.49066666666666664	0.4710666666666667	0.48619999999999997	0.44658333333333333	0.48810526315789476	0.5486666666666666	0.6079444444444445	0.5378666666666667
TSs49	0	0.5588380717893219	0.06684243542870763	1	0.567	0.6686666666666667	0.55	0.617	0.5848333333333332	0.4804848484848485	0.574	0.596111111111111	0.6825	0.533	0.40152499999999997	0.49833333333333335	0.56	0.538	0.594	0.483	0.5912000000000001	0.4846666666666667	0.574	0.6074404761904763	0.558
TSs138B	0	0.42288494209007366	0.09203028612339063	1	0.41861111111111116	0.318	0.33923333333333333	0.3622539682539682	0.5249047619047618	0.4527005347593583	0.433	0.6166666666666667	0.326	0.458	0.3	0.314	0.374	0.421	0.458	0.41622222222222227	0.438512091503268	0.4996052631578947	0.3831666666666667	0.39777777777777773	0.6246555555555555
TSs22B	0	0.4018711022207926	0.06350810449823804	1	0.41185353535353536	0.42133333333333334	0.4690019607843137	0.4077777777777778	0.35133333333333333	0.40870707070707074	0.468	0.5446666666666667	0.4721904761904762	0.34	0.306	0.42668235294117646	0.415	0.43	0.348	0.442	0.36	0.36610526315789477	0.3504	0.42665714285714285	0.2835666666666667
TSs287	0	0.4817010567472604	0.050266844190530714	1	0.4823921568627451	0.41	0.546	0.5062163742690058	0.447	0.492	0.452	0.432	0.584	0.4584	0.530125	0.55	0.4988333333333333	0.42	0.5041052631578947	0.442	0.47278431372549024	0.3987719298245614	0.527	0.49288492063492056	0.4699
TSs383	1	0.4902666666666667	0.05951073420300002	1	0.483	0.435	0.4	0.516	0.46	0.4413333333333333	0.482	0.484	0.628	0.472	0.563	0.518	0.418	0.508	0.57	0.432	0.526	0.418	0.464	0.526	0.544
TSs314A	0	0.520587599144921	0.05808582828662127	1	0.522	0.652	0.5166666666666666	0.438	0.4468333333333333	0.465	0.528	0.594	0.49696240601503755	0.524	0.543	0.6115	0.524	0.44266666666666665	0.576	0.52	0.4965176470588235	0.5326052631578948	0.494	0.558	0.452
TSs30	0	0.5550385421888053	0.04420497602487035	1	0.5513333333333335	0.54	0.6593333333333333	0.4734603174603174	0.56	0.519437908496732	0.552	0.5321111111111111	0.6397719298245614	0.525	0.574	0.554	0.58	0.6136	0.5296666666666667	0.5506666666666667	0.5377676470588235	0.5681052631578947	0.49385	0.542	0.556
TSs291	0	0.5163251879084968	0.06155304585810433	1	0.4946388888888889	0.46275	0.5167999999999999	0.5702	0.4766666666666666	0.465	0.47	0.4952777777777778	0.6513333333333332	0.5794	0.570125	0.4768333333333334	0.494	0.436	0.602	0.482	0.5641176470588235	0.426	0.582	0.536	0.47
TSs157A	0	0.5143178733151954	0.06866686020879578	1	0.517	0.58575	0.52	0.5006206349206349	0.5983333333333333	0.5858181818181819	0.491	0.45	0.3939941520467836	0.5224	0.6215	0.5466666666666667	0.548	0.514	0.42990526315789473	0.42486666666666667	0.4432287581699346	0.4686666666666667	0.6269000000000001	0.46171825396825394	0.5529888888888889
TSs27	0	0.5375580227082859	0.044902792613191606	1	0.5325	0.49160000000000004	0.485	0.5093592314118629	0.47	0.553040404040404	0.5986666666666668	0.6205	0.6384999999999998	0.577	0.524	0.5410823529411765	0.538	0.527	0.512	0.5122000000000001	0.5466176470588235	0.5559385964912281	0.512	0.552	0.4866555555555556
TSs363	0	0.41104212579688965	0.11397250105307052	1	0.3960595238095238	0.25280476190476187	0.2704	0.33416666666666667	0.5833333333333333	0.5583672014260249	0.4	0.6201111111111111	0.25	0.32	0.4487916666666667	0.3358823529411765	0.294	0.3921190476190476	0.4494666666666667	0.494	0.4364166666666667	0.5169385964912281	0.36575	0.34832777777777774	0.5499666666666667
TSs9	0	0.4327191134699494	0.057469034629872885	1	0.428	0.342	0.43760000000000004	0.3622258980785297	0.3496666666666666	0.514	0.426	0.4827777777777778	0.4136052631578948	0.436	0.43	0.5135156862745098	0.528	0.4398857142857143	0.4084	0.3896666666666666	0.38491666666666663	0.47610526315789475	0.3941666666666666	0.5241944444444443	0.40165555555555554
TSs151B	1	0.25292777777777775	0.10267330726479672	0	0.29444444444444445	0.148	0.157	0.308	0.326	0.282	0.328	0.39	0.122	0.366	0.19	0.124	0.08866666666666666	0.134	0.312	0.30688888888888893	0.344	0.418	0.314	0.158	0.242
TSs133	0	0.3950200887021475	0.1082500707414225	1	0.3725222222222222	0.31775476190476193	0.26153529411764703	0.3667111111111111	0.5869999999999999	0.4462156862745098	0.4415	0.602	0.23051269841269842	0.481	0.3933333333333333	0.31038235294117644	0.2761666666666666	0.292	0.542	0.3358888888888889	0.4129287581699347	0.354	0.3446166666666666	0.37833333333333335	0.5265222222222222
TSs155	0	0.3958245540935673	0.07626987165797416	1	0.3830625	0.34508333333333335	0.401	0.3564444444444444	0.5075	0.316	0.334	0.5592777777777779	0.3412222222222222	0.458	0.388125	0.3701666666666667	0.2775	0.33443333333333336	0.42710526315789477	0.295	0.378	0.47543859649122805	0.4905	0.39592777777777777	0.46576666666666666
TSs209	0	0.6185494946311858	0.04710783405509627	1	0.6185	0.692	0.5993999999999999	0.6276666666666667	0.6286666666666667	0.5621045751633987	0.5866666666666668	0.6006111111111111	0.7036	0.691	0.637875	0.6093333333333333	0.5623333333333332	0.569	0.556	0.5827777777777778	0.67445	0.6388333333333333	0.656215873015873	0.5646666666666667	0.6277888888888888
TSs136	0	0.47942538793507816	0.062239020580959974	1	0.4565526315789473	0.44026666666666664	0.43290196078431376	0.42592063492063487	0.46166666666666667	0.4275894236482472	0.492	0.43927777777777777	0.57	0.572	0.507	0.4003333333333333	0.6028333333333332	0.51	0.576	0.4218888888888889	0.437	0.45143859649122803	0.48066666666666663	0.5286349206349205	0.4110888888888889
TSs22A	0	0.47820272392210467	0.08210054437999666	1	0.497125664205076	0.5796666666666667	0.4363019607843137	0.5428830409356725	0.562	0.5039227569815805	0.537	0.618	0.5211904761904761	0.44239999999999996	0.39	0.5286666666666667	0.508	0.5553333333333332	0.3316666666666666	0.444	0.4418954248366013	0.36410526315789477	0.43690476190476185	0.4903285714285714	0.3297888888888889
TSs357	0	0.46574146407685885	0.1010959192722664	1	0.452431746031746	0.37907142857142856	0.4073809523809524	0.38652589807852966	0.516	0.58	0.47	0.604111111111111	0.29072748538011695	0.581	0.48	0.38316666666666666	0.30216666666666664	0.44933333333333336	0.5596666666666668	0.4128888888888889	0.45	0.6716052631578947	0.3977547619047619	0.454863492063492	0.5385666666666667
TSs161	0	0.5342403267973855	0.06610068830949065	1	0.5345500000000001	0.492	0.5351	0.5301111111111111	0.515	0.4885	0.458	0.546	0.674	0.534	0.643	0.598	0.484	0.55	0.6096666666666667	0.4742	0.5881176470588235	0.536	0.5634444444444444	0.455	0.4106666666666666
TSs11	0	0.5085455065359478	0.04715313092469176	1	0.49616666666666664	0.45375	0.5050666666666667	0.48366666666666663	0.49966666666666665	0.47088888888888886	0.526	0.4821111111111111	0.6644	0.478	0.4684	0.5471823529411766	0.49266666666666664	0.487	0.4600666666666667	0.5312	0.552	0.52	0.5246666666666666	0.4812777777777777	0.5428999999999999
TSs5A	0	0.6138047525676937	0.04843884437891671	1	0.6123666666666667	0.5991785714285716	0.6150666666666668	0.5882000000000001	0.5345714285714286	0.5868823529411764	0.6505	0.672	0.6080793650793651	0.53	0.6096666666666667	0.626	0.587	0.6395	0.6668	0.635	0.6702	0.6955	0.5802	0.5273166666666667	0.6544333333333333
TSs131	0	0.4754962656641604	0.03568602461098315	1	0.48003968253968254	0.4825	0.4558333333333333	0.3861370091896408	0.49690476190476185	0.46555555555555556	0.459	0.4816111111111111	0.42322748538011695	0.43739999999999996	0.5116666666666667	0.493	0.55	0.5076	0.476	0.48311111111111116	0.45516666666666666	0.4961052631578947	0.5120714285714285	0.47846825396825393	0.4585666666666667
TSs294	0	0.5098721732026144	0.06238327550845772	1	0.5128392857142857	0.5383333333333333	0.563	0.516	0.4379047619047619	0.4188823529411765	0.45	0.52	0.6527999999999999	0.5167333333333334	0.46	0.4403333333333333	0.431	0.49700000000000005	0.5970666666666666	0.46597777777777777	0.5282	0.592	0.5046666666666666	0.5096785714285714	0.5578666666666666
TSs378	1	0.5190774509803922	0.04997300530923653	1	0.520107843137255	0.556	0.576	0.514	0.486	0.456	0.486	0.494	0.644	0.48	0.51	0.5262156862745099	0.49333333333333335	0.536	0.546	0.55	0.53	0.466	0.42	0.574	0.538
TSs336	0	0.5344869035333432	0.03958510404063849	1	0.5402619047619048	0.5406666666666666	0.5644019607843137	0.5575	0.5529047619047618	0.542	0.567	0.5861666666666667	0.4946846282372598	0.45239999999999997	0.504	0.5528333333333334	0.5363333333333332	0.603	0.4461052631578947	0.5277777777777778	0.5631176470588235	0.5366666666666666	0.504	0.5398571428571429	0.5183222222222224
TSs111	0	0.4364706505847953	0.08630987651927907	1	0.41955555555555557	0.3526833333333333	0.30676666666666663	0.3593333333333334	0.482	0.4967712418300653	0.386	0.604111111111111	0.4015608187134503	0.44639999999999996	0.471875	0.3380000000000001	0.3441666666666666	0.4143333333333334	0.48830526315789474	0.3848888888888889	0.4054843137254902	0.5754385964912281	0.4417499999999999	0.4247777777777777	0.6047666666666667
TSs56	0	0.5510401008202325	0.04454720074741047	1	0.5585	0.5038452380952382	0.5512	0.594	0.556	0.5211515151515153	0.556	0.454	0.528	0.5813333333333333	0.566	0.561	0.613	0.5676666666666667	0.5081052631578947	0.463	0.561	0.586	0.6025	0.611	0.536
TSs3A	0	0.5366429604034597	0.03710423298343651	1	0.5321444444444445	0.5166666666666667	0.5376352941176471	0.56514335839599	0.532	0.588	0.556	0.504	0.478	0.524	0.562125	0.5517156862745098	0.5713333333333332	0.5801176470588235	0.5078666666666667	0.5172	0.5036	0.4648333333333333	0.528	0.6123333333333334	0.5322888888888889
TSs95	0	0.5423414990461894	0.03786508551902958	1	0.5431666666666666	0.5758333333333334	0.522	0.4939444444444444	0.5925	0.6180404040404041	0.534	0.517	0.5575	0.492	0.572	0.542	0.5246666666666666	0.5443333333333332	0.514438596491228	0.4832222222222222	0.5677843137254902	0.552	0.5933333333333335	0.49166666666666664	0.5585666666666667
TSs2	0	0.4043226878470687	0.07009068985015533	1	0.3974009803921569	0.33276666666666666	0.3978352941176471	0.445159231411863	0.434	0.39354901960784316	0.423	0.5272777777777778	0.41035714285714286	0.318	0.48	0.39696666666666663	0.529	0.4403333333333333	0.36	0.3378888888888889	0.34329542483660136	0.2521052631578947	0.38739999999999997	0.48351904761904757	0.394
TSs44C	1	0.47835285714285714	0.056715494262273784	1	0.4825	0.478	0.425	0.5436666666666667	0.4	0.398	0.464	0.508	0.5517333333333333	0.4118571428571428	0.47	0.534	0.4013333333333334	0.518	0.518	0.398	0.57	0.528	0.4604666666666667	0.487	0.502
TSs201	0	0.564245591122414	0.061342928134352256	1	0.557	0.504	0.6365	0.634	0.49	0.49999999999999994	0.56	0.5037777777777779	0.6910000000000001	0.554	0.620125	0.6243823529411765	0.5665	0.509	0.5886666666666668	0.551	0.5912000000000001	0.532438596491228	0.5175547619047619	0.638	0.47276666666666667
TSs217	1	0.5357549999999999	0.03722261821819556	1	0.531	0.56	0.5626	0.5066666666666667	0.57	0.532	0.488	0.532	0.566	0.584	0.5286666666666667	0.5195	0.606	0.49	0.578	0.516	0.516	0.4546666666666666	0.559	0.53	0.516
TSs168	0	0.4914788356921716	0.05204833582599871	1	0.5050166666666667	0.5576666666666668	0.5051666666666667	0.5361052631578948	0.52	0.48588235294117654	0.441	0.476	0.3739719298245614	0.527	0.558	0.49088235294117644	0.4548333333333333	0.49211764705882355	0.548	0.5115555555555555	0.408	0.4009385964912281	0.5171380952380953	0.5204515873015872	0.5048666666666667
TSs98	1	0.5609386945304436	0.044249517312034255	1	0.5622810457516341	0.6060833333333333	0.5755686274509805	0.531611111111111	0.516	0.5222222222222221	0.518	0.4881111111111111	0.6013888888888889	0.5564	0.642	0.6518823529411765	0.568	0.56	0.5570666666666666	0.5667777777777778	0.564562091503268	0.5474385964912281	0.5789833333333333	0.4844444444444444	0.5822333333333334
TSs116	0	0.45769142328861373	0.05487189781358593	1	0.4527411764705882	0.4971666666666667	0.3869686274509804	0.43916666666666665	0.5433333333333332	0.45188235294117646	0.4095	0.5381111111111111	0.34293859649122804	0.492	0.4873333333333334	0.4068823529411765	0.42666666666666664	0.4536	0.419	0.436	0.4990343137254902	0.496	0.5086	0.3981111111111111	0.5215333333333333
TSs53	0	0.4871736612364243	0.04226997522068972	1	0.4894424603174603	0.49133333333333334	0.5137333333333334	0.508	0.47633333333333333	0.503	0.486	0.4505	0.534	0.4136666666666667	0.518	0.5183	0.5406666666666667	0.475	0.43650526315789473	0.48111111111111116	0.42760000000000004	0.5654385964912282	0.5064	0.4875515873015872	0.4103333333333334
TSs63A	1	0.5797064536340852	0.06000953070497791	1	0.5823859649122808	0.6083333333333333	0.6206	0.5861052631578948	0.516	0.4485	0.59	0.546	0.752	0.5418571428571429	0.57	0.5786666666666668	0.634	0.589	0.6110666666666666	0.528	0.552	0.602	0.578	0.616	0.526
TSs158	0	0.47303376044277357	0.05459163512894261	1	0.47505138888888887	0.422	0.5028333333333334	0.4963989139515455	0.42566666666666664	0.43333333333333324	0.448	0.4261111111111111	0.5461904761904761	0.496	0.464125	0.4867156862745098	0.39599999999999996	0.4165	0.5834	0.4859777777777778	0.5294509803921569	0.39910526315789474	0.5321111111111111	0.43119999999999997	0.5395555555555557
TSs269	0	0.5649020885547201	0.0518396014448105	1	0.5647972222222222	0.666	0.48790000000000006	0.5044777777777778	0.6075	0.63	0.574	0.6586666666666667	0.5392719298245613	0.58	0.4937142857142857	0.5436	0.486	0.545	0.58	0.576	0.56825	0.608	0.5613444444444444	0.5544166666666667	0.5338999999999999
TSs317	1	0.49395833333333333	0.05366260404694704	1	0.488	0.664	0.499	0.5535	0.436	0.456	0.508	0.498	0.516	0.426	0.475	0.5265	0.508	0.478	0.43	0.454	0.541	0.474	0.5045	0.4546666666666666	0.477
TSs49A	0	0.4966790119907613	0.048711122196052635	1	0.4976509803921568	0.39709523809523806	0.4953019607843137	0.5178253968253969	0.548	0.526	0.4176666666666667	0.58	0.46727192982456145	0.4936666666666667	0.5413333333333332	0.5238823529411765	0.458	0.458	0.5	0.44522222222222224	0.4573454248366013	0.486	0.5148166666666666	0.5676968253968254	0.5384555555555555
TSs417	1	0.5293208823529413	0.05032336047998165	1	0.5196000000000001	0.6036	0.635	0.468	0.49	0.484	0.522	0.538	0.578	0.472	0.594	0.5876	0.482	0.4681176470588235	0.534	0.512	0.545	0.496	0.568	0.5172	0.4919
TSs195	1	0.5171333333333333	0.06710810341426474	1	0.52675	0.5255	0.562	0.4995	0.572	0.552	0.53	0.6225	0.454	0.476	0.448	0.44593333333333335	0.444	0.565	0.444	0.528	0.497	0.606	0.3968333333333333	0.5304	0.644
TSs371	1	0.5649808823529411	0.07235364989647607	1	0.566	0.578	0.562	0.562	0.592	0.51	0.506	0.382	0.652	0.62	0.624	0.568	0.562	0.5341176470588236	0.474	0.57	0.7195	0.494	0.642	0.564	0.584
TSs23	0	0.47136928565285763	0.0497685980872716	1	0.47041666666666665	0.45066666666666666	0.537	0.4864	0.36657142857142855	0.4356666666666667	0.4406666666666667	0.44911111111111107	0.543438596491228	0.4926666666666667	0.4967916666666667	0.535	0.4701666666666667	0.4578	0.5223333333333333	0.4706666666666666	0.4011843137254902	0.45660526315789474	0.38948333333333335	0.5086111111111111	0.5165555555555557
TSs51	0	0.5503094548872179	0.053361804534428584	1	0.560888888888889	0.5648333333333333	0.56	0.49567669172932327	0.463	0.4762222222222222	0.526	0.4455	0.6076666666666667	0.5364	0.6106666666666667	0.6162156862745098	0.6463333333333332	0.5266666666666666	0.5813333333333334	0.5617777777777778	0.5321176470588236	0.5227719298245614	0.5751944444444445	0.5936904761904762	0.5641222222222223
TSs59B	0	0.41020658195734433	0.05687931220684811	1	0.3890109649122807	0.36842857142857144	0.5130019607843137	0.44959732664995816	0.377	0.374	0.418	0.47477777777777785	0.4611052631578948	0.2916666666666667	0.372125	0.4796333333333333	0.4726666666666667	0.444	0.37839999999999996	0.3628888888888889	0.35077777777777774	0.39410526315789474	0.3839166666666667	0.46960714285714283	0.3684333333333333
TSs365	0	0.4750387422768151	0.0883550209991382	1	0.4465	0.448	0.4065	0.41633859649122806	0.64	0.4331515151515151	0.445	0.606	0.3566666666666667	0.598	0.512	0.4255490196078431	0.3286666666666666	0.4378333333333333	0.4714666666666667	0.4058888888888889	0.5303166666666667	0.574	0.4169166666666667	0.450713492063492	0.5977666666666666
TSs224	0	0.5197188649319375	0.05134818046232221	1	0.5188333333333334	0.44692857142857145	0.5475	0.4888888888888889	0.468	0.554437908496732	0.5786666666666668	0.578	0.5496666666666667	0.457	0.4986666666666667	0.48468235294117645	0.546	0.455	0.5266666666666667	0.478	0.5555676470588234	0.5966052631578946	0.511	0.4613333333333333	0.6117666666666666
TSs325	0	0.5920202724949627	0.03966239442980652	1	0.5974166666666667	0.594	0.5948333333333333	0.6151052631578948	0.5252380952380953	0.557	0.59	0.604	0.6653333333333332	0.58	0.5786666666666667	0.6123333333333334	0.6	0.538	0.6286666666666666	0.613	0.6141176470588235	0.556	0.618	0.5081111111111111	0.648
TSs119A	1	0.5463734523809521	0.06859716884639554	1	0.5376666666666667	0.53	0.728	0.4889	0.4772380952380952	0.5373333333333333	0.622	0.538	0.614	0.411	0.4757142857142857	0.6150833333333332	0.524	0.4925	0.51	0.516	0.588	0.574	0.577	0.5407000000000001	0.568
TSs166	0	0.5641990224949628	0.04928537110168347	1	0.5573022875816993	0.59275	0.4662352941176471	0.5585	0.658	0.5561045751633987	0.598	0.5041111111111111	0.5525	0.6134	0.528625	0.5083333333333334	0.5888333333333333	0.5479333333333334	0.584	0.616	0.5457777777777778	0.5141052631578948	0.6345714285714286	0.5173333333333333	0.5988666666666667
TSs297	1	0.41291571428571433	0.053604878670743844	1	0.4118	0.412	0.4113333333333334	0.45533333333333337	0.498	0.438	0.448	0.486	0.3986666666666666	0.432	0.46171428571428574	0.32666666666666666	0.406	0.44866666666666666	0.29	0.312	0.4116	0.3815	0.42866666666666664	0.4031666666666666	0.409
TSs338	0	0.4983356663718118	0.05106813287670915	1	0.488	0.4053333333333333	0.575	0.4374766917293233	0.488	0.485437908496732	0.523	0.5271111111111111	0.5246000000000001	0.4613333333333333	0.516	0.46638235294117647	0.466	0.472	0.4846666666666667	0.41500000000000004	0.59	0.5676052631578948	0.56	0.488	0.5137666666666667
TSs293	1	0.509127857142857	0.05243441252953162	1	0.5205	0.578	0.48883333333333334	0.5110666666666666	0.54	0.525	0.548	0.594	0.5588	0.516	0.532	0.56	0.488	0.507	0.42	0.454	0.5358571428571429	0.464	0.42	0.528	0.414
TSs24	0	0.4645047723475355	0.0538572127524891	1	0.45043333333333335	0.4992	0.4121666666666667	0.578	0.528	0.4276666666666667	0.3636666666666667	0.4201111111111111	0.39177192982456144	0.438	0.54275	0.513	0.4376666666666667	0.43410000000000004	0.442	0.4538888888888889	0.44697777777777775	0.48143859649122805	0.5178333333333333	0.4758571428571428	0.486
TSs334	1	0.5388055555555555	0.06137952615749845	1	0.5405	0.608	0.626	0.572	0.51	0.5	0.558	0.486	0.57	0.534	0.63	0.51	0.6326666666666666	0.5	0.502	0.554	0.435	0.547	0.496	0.590111111111111	0.4153333333333334
TSs1A	0	0.3859620237480958	0.08143761070078105	1	0.389	0.35760000000000003	0.5073333333333333	0.4348253968253967	0.394	0.454	0.55	0.47577777777777785	0.3702719298245614	0.2544	0.27479166666666666	0.3415666666666667	0.4696666666666666	0.384	0.3201052631578947	0.40122222222222226	0.34349542483660134	0.399	0.3358047619047619	0.40692380952380947	0.24445555555555554
TSs266	1	0.5219610410830999	0.05810508622130217	1	0.521	0.55	0.622	0.45971428571428574	0.46	0.448	0.556	0.496	0.482	0.506	0.624	0.474	0.538	0.536	0.4646666666666667	0.568	0.540812091503268	0.602	0.5820277777777778	0.488	0.442
TSs277	0	0.4186848277556637	0.05431295300756775	1	0.41013055555555555	0.42	0.3936	0.33126399331662487	0.5001666666666666	0.4093333333333333	0.3755	0.534	0.38216666666666665	0.399	0.38	0.3891823529411765	0.41666666666666663	0.3584666666666667	0.44477192982456143	0.364	0.4156666666666667	0.45810526315789474	0.4109277777777777	0.4720896825396824	0.5187888888888889
TSs60B	0	0.484076731411863	0.056665455175054794	1	0.4960833333333333	0.39209523809523805	0.5159333333333334	0.529	0.41490476190476194	0.4517712418300654	0.562	0.5054444444444445	0.5540555555555555	0.438	0.501	0.5	0.548	0.4921666666666667	0.541	0.39466666666666667	0.4167843137254902	0.48410526315789476	0.42665	0.5586349206349206	0.45532222222222224
TSs303	1	0.48679692982456135	0.05044473986233246	1	0.48463596491228067	0.47	0.5153333333333333	0.464	0.534	0.488	0.444	0.366	0.4812719298245614	0.45666666666666667	0.54	0.534	0.604	0.44	0.506	0.444	0.492	0.456	0.5373333333333332	0.468	0.49533333333333335
TSs120	0	0.6079981903287631	0.05366771903848726	1	0.6064047619047619	0.6395	0.6373333333333334	0.6041428571428571	0.5906666666666668	0.5008823529411764	0.6086666666666667	0.536611111111111	0.6977333333333332	0.61	0.686	0.6684166666666667	0.5488333333333333	0.5746666666666668	0.69	0.595111111111111	0.6422	0.6187719298245613	0.5866944444444444	0.5432	0.5805333333333335
TSs132	0	0.5975479604034597	0.02833324254673632	1	0.5936004901960783	0.604	0.6315686274509804	0.5765714285714285	0.5928333333333332	0.5655555555555556	0.578	0.5826111111111111	0.6601052631578948	0.564	0.576875	0.6066823529411766	0.6246666666666667	0.6511	0.6062333333333334	0.6034444444444444	0.5943676470588235	0.616	0.5884444444444443	0.566	0.5619
TSs78	0	0.5121491624895571	0.06268874354309298	1	0.5135000000000001	0.4476666666666667	0.486	0.5688830409356724	0.522	0.446	0.48233333333333334	0.414	0.59	0.521	0.631	0.6044166666666666	0.506	0.5003333333333333	0.5701052631578948	0.464	0.5571	0.40060526315789474	0.5246666666666666	0.4702063492063492	0.5366666666666667
TSs61	0	0.6271825407882451	0.03358157063983404	1	0.6326	0.6366666666666667	0.675	0.567375104427736	0.586	0.6598823529411765	0.63	0.598111111111111	0.6912333333333333	0.594	0.6312000000000001	0.5858	0.6426666666666666	0.5846	0.634	0.6353333333333333	0.6705	0.6521052631578946	0.6143325396825396	0.6342777777777777	0.6205666666666667
TSs60	0	0.4589913543663079	0.06121124638029151	1	0.4447	0.36690476190476184	0.5368352941176471	0.46115873015873016	0.445	0.4188823529411765	0.5126666666666667	0.43411111111111106	0.4017719298245615	0.4376666666666667	0.44439999999999996	0.5009666666666667	0.536	0.5362857142857144	0.38910526315789473	0.359	0.41846666666666665	0.42743859649122806	0.5267333333333334	0.5668	0.45963333333333334
TSs274	0	0.512716322915131	0.049151685492490806	1	0.5043595238095238	0.5100833333333333	0.44256862745098047	0.47677777777777774	0.5033333333333333	0.476	0.464	0.4775	0.5506666666666667	0.496	0.56	0.5246666666666666	0.515	0.5053857142857143	0.4871719298245614	0.514	0.5311176470588236	0.5953333333333333	0.4843047619047619	0.4829166666666666	0.6575
TSs10A	0	0.45841461639839354	0.047290048624118584	1	0.44458055555555553	0.4253333333333334	0.4946666666666667	0.4327306599832915	0.48866666666666664	0.4499227569815805	0.44866666666666666	0.4407777777777778	0.4118333333333334	0.4146666666666667	0.44406666666666667	0.4756823529411765	0.5393333333333332	0.44166666666666665	0.4177719298245614	0.4058888888888889	0.44509444444444446	0.47810526315789476	0.5045111111111111	0.5918404761904762	0.41706666666666664
TSs96	0	0.5470156903287631	0.06457322356675162	1	0.5403111111111111	0.5883333333333333	0.5693333333333334	0.5831428571428571	0.5093333333333333	0.5402222222222222	0.519	0.456	0.684	0.494	0.6156666666666667	0.6202156862745098	0.604	0.52	0.5404	0.547	0.632	0.503438596491228	0.5027277777777778	0.426	0.4855
TSs282	0	0.39136006879944957	0.06878862278657837	1	0.39745098039215687	0.3556	0.38890196078431377	0.33889206349206347	0.45733333333333326	0.48988888888888893	0.4276666666666667	0.4561111111111111	0.24253859649122808	0.406	0.45300000000000007	0.3690333333333334	0.42533333333333334	0.4109523809523809	0.30390526315789473	0.2858888888888889	0.32336111111111115	0.382	0.4854	0.4619944444444444	0.3634
TSs56A	0	0.5703139483512703	0.04166236530135347	1	0.5627504901960785	0.5568333333333333	0.5883999999999999	0.5537719298245614	0.5949047619047618	0.567	0.55	0.4861111111111111	0.6666052631578947	0.5553333333333332	0.5706666666666668	0.5601333333333334	0.5916666666666667	0.558	0.6573333333333333	0.5603333333333332	0.5651676470588236	0.573	0.6052214285714286	0.5378968253968253	0.5079
TSs296	0	0.4475185227942853	0.09106796763939749	1	0.4260833333333333	0.43016666666666664	0.41916862745098044	0.5487147869674186	0.422	0.35148484848484846	0.4176666666666667	0.546	0.5496	0.354	0.297125	0.3978	0.5706666666666668	0.4345	0.40090526315789476	0.4573333333333333	0.459	0.33210526315789474	0.5568	0.63	0.3753333333333333
TSs33	0	0.466482589807853	0.05784163261002163	1	0.4611666666666667	0.4484166666666667	0.5274	0.5038195488721804	0.42957142857142855	0.3808888888888889	0.473	0.5067777777777779	0.6233333333333334	0.386	0.518	0.49468235294117646	0.44	0.42533333333333334	0.48610526315789476	0.45733333333333337	0.4172287581699346	0.517	0.4084277777777777	0.465	0.42133333333333334
TSs311	0	0.5310843002727406	0.08316490328226508	1	0.5293944444444445	0.49	0.6753333333333332	0.5526385964912282	0.41990476190476195	0.43022222222222223	0.437	0.518	0.662	0.499	0.651125	0.5513333333333333	0.495	0.357	0.574	0.524	0.6168954248366012	0.504	0.5606666666666666	0.5687777777777778	0.5347888888888889
TSs68	0	0.3929497962430587	0.060808236525164996	1	0.3906745098039216	0.384	0.337335294117647	0.4095973266499582	0.495	0.3662222222222222	0.421	0.5347777777777778	0.4015385964912281	0.404	0.320125	0.39734901960784313	0.41	0.4223333333333334	0.344	0.352	0.3288954248366013	0.3721052631578947	0.33365	0.4997333333333333	0.32533333333333336
TSs104	0	0.532775699665831	0.0403160322155969	1	0.5253333333333334	0.5119047619047619	0.59	0.488031746031746	0.489	0.5458888888888889	0.506	0.5131666666666668	0.546	0.536	0.582	0.6153333333333334	0.515	0.517	0.5506666666666667	0.5336666666666667	0.4842666666666667	0.5894385964912281	0.4880277777777777	0.572	0.48212222222222223
TSs58	0	0.5876674853801169	0.04790497510938904	1	0.5760526315789474	0.5450833333333333	0.6429333333333334	0.556	0.5345	0.5333333333333332	0.654	0.574	0.6765	0.5204	0.594	0.5528	0.6213333333333333	0.548	0.676	0.5913333333333334	0.5553333333333333	0.5781052631578948	0.5676944444444445	0.612111111111111	0.6198888888888889
TSs358	0	0.5803674659855969	0.20139604379028314	1	0.6714526315789474	0.666	0.3088019607843137	0.36209415204678363	0.746	0.7060338680926918	0.6538333333333334	0.77	0.3983333333333334	0.706	0.6559083333333333	0.718	0.08666666666666666	0.6873333333333334	0.6769052631578948	0.30588888888888893	0.4752787581699347	0.758	0.4089380952380952	0.694	0.8233333333333333
TSs82	0	0.5310547169394074	0.06478187843278357	1	0.5275777777777778	0.586	0.5389333333333334	0.3922539682539682	0.4281666666666667	0.5245555555555556	0.507	0.522	0.7051666666666667	0.574	0.564	0.5171333333333333	0.577	0.5306000000000001	0.5978385964912282	0.514	0.49011764705882355	0.536	0.537	0.5075396825396825	0.47178888888888887
TSs15	0	0.5702100490196078	0.06341091310669193	1	0.5647777777777778	0.49742857142857144	0.6333333333333334	0.5293650793650794	0.641	0.4323333333333333	0.476	0.5457777777777778	0.6435555555555555	0.5316666666666667	0.622	0.632	0.596	0.5476666666666666	0.6597333333333333	0.5818888888888889	0.6117176470588236	0.5423333333333332	0.5135047619047618	0.6234404761904763	0.5434555555555555
TSs3	0	0.5112475255708345	0.06416050176118386	1	0.5026190476190475	0.453	0.6161019607843137	0.524911111111111	0.495	0.48370053475935826	0.5546666666666668	0.4846666666666667	0.5587666666666666	0.4816666666666667	0.549125	0.5738	0.649	0.544	0.39066666666666666	0.465	0.45697777777777776	0.432	0.5102380952380952	0.5526738095238095	0.4489888888888889
TSs4	0	0.4505864786353138	0.05488142146476742	1	0.44419117647058826	0.33736190476190475	0.49490196078431375	0.43382589807852967	0.3924047619047619	0.43988235294117645	0.498	0.43477777777777776	0.4152719298245614	0.4056666666666667	0.463125	0.4816333333333333	0.5086666666666667	0.4485	0.4371052631578947	0.4130888888888889	0.36346666666666666	0.48060526315789476	0.4850595238095238	0.565952380952381	0.5124333333333334
TSs331	0	0.5755885077890806	0.042440959159068654	1	0.5780333333333333	0.60375	0.629	0.5934385964912281	0.6013333333333334	0.4932156862745098	0.5416666666666667	0.5267777777777778	0.5332333333333333	0.581	0.639	0.6013823529411765	0.663	0.5750666666666666	0.5866666666666667	0.5573333333333332	0.5618676470588235	0.5815	0.5569714285714286	0.574	0.5115666666666666
TSs314B	0	0.4728797921888052	0.06876455788228832	1	0.4676166666666667	0.554	0.46623333333333333	0.39915923141186294	0.4613333333333333	0.463	0.469	0.5686666666666668	0.48	0.39066666666666666	0.574525	0.6028823529411764	0.3546666666666667	0.482	0.45530000000000004	0.462	0.40438431372549016	0.5226052631578948	0.47297142857142854	0.5082015873015873	0.366
TSs333	0	0.5821570896604256	0.0610752816108212	1	0.5861240601503759	0.6653333333333332	0.6626666666666666	0.5802481203007519	0.574	0.494	0.602	0.5301111111111111	0.7006052631578948	0.571	0.592	0.6202156862745098	0.6026666666666667	0.566	0.6225333333333334	0.626	0.601	0.5361052631578948	0.5412277777777778	0.49542857142857144	0.46
TSs7	0	0.4179296783625731	0.05082058736330275	1	0.4203888888888889	0.4486666666666666	0.4468333333333333	0.4217878028404344	0.37757142857142856	0.29866666666666664	0.406	0.4207777777777778	0.5398608187134504	0.42	0.388	0.434	0.427	0.38816666666666666	0.3946666666666666	0.38833333333333336	0.459	0.36210526315789476	0.486	0.4662571428571428	0.38489999999999996
TSs38	0	0.5490974555428231	0.04558373413877022	1	0.547661111111111	0.5534166666666667	0.5189019607843138	0.5992380952380952	0.5922380952380953	0.5017005347593583	0.529	0.5853333333333334	0.6116666666666667	0.6103333333333333	0.49319166666666664	0.483	0.47	0.5189333333333334	0.5873333333333333	0.5453333333333332	0.5797287581699346	0.514	0.6106666666666666	0.5279444444444443	0.5499888888888889
TSs10	0	0.505325279391661	0.05415594191662992	1	0.5154090909090909	0.41350000000000003	0.4822000000000001	0.473	0.558	0.5168181818181817	0.54	0.5352777777777779	0.3705238095238096	0.492	0.485325	0.59	0.514	0.5278333333333333	0.5206666666666667	0.46642222222222224	0.5410666666666666	0.48543859649122806	0.5316761904761904	0.4653015873015872	0.5974555555555556
TSs48	0	0.4745248492722448	0.05836286672701778	1	0.47333333333333333	0.4822833333333333	0.523	0.5325973266499582	0.4785	0.449367201426025	0.4513333333333333	0.342	0.39876081871345026	0.565	0.447325	0.49254901960784314	0.4681666666666667	0.42	0.4071666666666666	0.4538888888888889	0.4343571428571429	0.538	0.5292333333333333	0.5243015873015873	0.5526666666666666
