ID	ID	Class	Mean	stdev	Predicted_0.11	Median	score_0	score_1	score_2	score_3	score_4	score_5	score_6	score_7	score_8	score_9	score_10	score_11	score_12	score_13	score_14	score_15	score_16	score_17	score_18	score_19
TSs156A	0	0.1538319225709723	0.3501551260086379	1	0.00012498461780299186	5.94088020734346e-06	7.674227531203787e-05	0.06818537329372702	0.00011263673724086869	0.901627919633457	0.9894269547409873	3.6957323242479784e-07	0.00013733249836511504	0.07018514961856472	5.813805539487671e-06	0.9998633883217124	0.0003927209615023893	3.4549081228440726e-05	0.004539361138057598	7.164609844203456e-06	8.159413164726552e-06	0.040307189942314345	2.6162044024767865e-06	0.001664289555904833	5.477913468180402e-05
TSs361	0	0.16396394190443814	0.32292641897329816	1	0.0006665029540740187	0.3603980505416315	0.022270556664639275	0.0292446593150572	3.0298219485786364e-08	0.9873238180982676	1.3377423414998549e-05	5.158389050345561e-08	3.032234120529835e-08	0.29619000983944266	4.615782021777031e-08	0.9996307618936522	0.010107580744762113	0.001901175608495207	2.0030150994116436e-08	0.0013137974385255557	1.9208469622481748e-05	0.5708655389071077	2.1200501343743025e-08	1.5332577305266353e-08	8.821864290048772e-08
TSs368	0	0.3117878902057091	0.3320747616644683	1	0.173842241562742	0.23654787430505314	0.1773730748998743	0.07076791601094234	0.718537300455889	0.47411460663930993	0.23908531924333856	0.07760422220715929	0.28674119672106324	0.7566715443442029	0.8201610462917556	0.008150969549759654	0.003478033120370922	0.9040169244556755	0.031242269883210834	0.013082058680396288	0.1276363709361904	0.127649204420142	0.966734530215159	0.1703114082256097	0.02585193350907955
TSs49	0	0.01502311103986852	0.025120329721705654	0	0.0037468942315675214	0.004909870286289338	0.0005775209182157374	0.0005697250065731096	0.005514178408052093	8.685072034788874e-05	0.0005827575580810323	0.024061055705669587	0.017305651802050303	0.00010027299231261904	0.0009240644676718062	0.00019479825226549773	0.003113098954175402	6.081698755397256e-05	0.08179418627791016	0.024428331804401297	0.00033762395434247197	0.004380689508959641	0.07709362494331172	0.006866414289150762	0.04756068796003597
TSs138B	0	0.46071198140008657	0.3688950537439201	1	0.47136323437915184	0.3450621176017796	0.6252997764795666	0.7449318047280358	0.41893884237279355	0.9997742043648622	0.9829883759242234	0.04287813234740071	0.2787529173429924	0.9972644191132488	0.18176122093156058	0.9999551664738298	0.554215129857549	0.13329061165724967	0.7857157715214231	0.5237876263855101	0.0509006199648953	0.5460209595191764	0.0017696912187804374	0.0009254008382351397	6.839358618953027e-06
TSs22B	0	0.1119497222852351	0.2417241002450535	1	0.0006128578880351657	0.792771809168755	0.002098225817468594	0.0004330644407144244	0.0006647285940128262	0.00041258143848588917	5.2073016107105656e-06	0.027889761525490834	2.665163358378509e-05	0.08668148696072332	0.003661972810700532	8.366776604854641e-05	4.13646766568623e-06	0.6825816600205638	0.000273953854818885	9.355929072128045e-05	0.003817161740499608	0.00038238763104915584	0.000560987182057505	0.1516832678397027	0.484868174220029
TSs287	0	0.9622185238741187	0.10761063169434888	1	0.9924249347222267	0.512104788967178	0.9931202357606826	0.9983605620565885	0.9773666931605827	0.9229301806082101	0.996692386887146	0.978788688699393	0.9521512702614302	0.996018025679644	0.9792744179812285	0.9827064421423124	0.9967711791195221	0.9999693755223393	0.9851363585510363	0.9991792179316364	0.9998645575590128	0.9849375353826526	0.9917296336837707	0.9984827462122584	0.9987861813157463
TSs383	0	0.9974221029309642	0.0056763427308145695	1	0.9991999722237613	0.9747163103316279	0.9977856270314014	0.999172379741058	0.998417614377664	0.999930925168369	0.9973107029064174	0.999130192189235	0.9997758552628953	0.9966049591102176	0.9919701554486349	0.9992275647064647	0.9967956985877832	0.9999415193155069	0.9999199451313359	0.999932747994782	0.9997472985376441	0.9983582083918648	0.9999925096327016	0.9999611741515719	0.9997506706021114
TSs314A	0	0.3886585252059918	0.34944563659938305	1	0.3084500988511861	0.8717925517170215	0.004213186291945888	0.40909353463011355	0.1419099584408055	0.2568785733776529	0.861133668208825	0.008064598977882262	0.9587956958386242	0.045189524051933834	0.11535851658957613	0.4720079013944469	0.16959897712309455	0.5290724924297987	0.18619167172092302	0.36002162432471935	0.0014710224689163391	0.00509460312012664	0.8106661131925209	0.9721960481485421	0.5944202420723673
TSs30	0	0.9376953208123415	0.1135900328599741	1	0.9869567831619076	0.9987933736089164	0.9680684878103576	0.9575756529762236	0.999081424080989	0.9994054601816614	0.8998926411024257	0.9972203307786388	0.634361312495162	0.9998345086580431	0.9400383342895958	0.6305817653589543	0.9905890843940646	0.9989016960578405	0.967444184338973	0.9748758168060406	0.9999420859461562	0.815283305010746	0.9997881170288855	0.9833244819297506	0.9989043533934062
TSs291	1	0.7100038059554338	0.3460148734710962	1	0.8932365183015405	0.8113942314061967	0.7440669734669846	0.9910465290048256	0.9750788051968842	0.9778607628697071	0.9955073884558862	0.9926369067581936	0.7192104717862192	0.09541394024604481	0.11763225158847607	0.5373393216480676	0.9853478300997421	0.47054964191548676	0.9993412544924232	0.05174795120827741	0.5421470039484095	0.975341004017451	0.9774523170816337	0.2422354332328696	0.9987261006848982
TSs157A	0	0.6294734194700442	0.34136152283427185	1	0.6235830398385096	0.5673186398614374	0.5772973399661366	0.9856753977736777	0.5046784974482108	0.9987556637126527	0.7957874227848463	0.034566344028843954	0.6408886333184999	0.6007855890427256	0.2543871490855109	0.9987839222659302	0.8390942748084976	0.020470516969202476	0.6062774463585193	0.16757917310427847	0.9906268745285494	0.9990033567027092	0.8242847044318936	0.9993388453477042	0.1838685978610605
TSs27	1	0.8144017132153243	0.20750062168055652	1	0.903461285974265	0.9051212772716323	0.6762453124537915	0.9066038818885465	0.9166931480330227	0.8167945379074654	0.9018012946768978	0.9959543264838678	0.4733023976119873	0.9874629472008433	0.8208637332715415	0.9233330226661046	0.5230052251997342	0.9994098456842082	0.6045403106321497	0.8506121485964443	0.9458305501614045	0.23027819017915913	0.896698964013797	0.9936081781710108	0.9198749722028757
TSs363	0	0.15871259026751752	0.3594854731059512	1	0.00026480653544480094	0.00022058873154873776	0.013326374839983795	0.011167689385859367	0.0003090243393408641	0.9740034609611167	0.9983685436662842	4.793490027587886e-05	0.00010389716791175328	0.13242061720461643	2.1321357991005195e-05	0.9974273449988235	0.0026362622316054756	1.2767507290093604e-05	7.213895753369672e-05	6.268818930917945e-05	0.01633624962565618	0.027653318032086927	1.9939281666138083e-06	5.877583772096691e-05	8.13487229140464e-07
TSs9	0	0.5301046343150645	0.3830735883018357	1	0.5010085296656879	0.09045108427849101	0.5153274012683325	0.9276152311409315	0.471972681596273	0.8929281304205011	0.0417096402350636	0.8330102936072974	0.15466804687431476	0.944497507709161	0.9441600203865962	0.9501593285197782	0.014518633655745745	0.9301074507358325	0.10166279461442472	0.4866896580630432	0.8140290896756067	0.10907902530321487	0.9530814003542646	0.3890899699736401	0.0373352978887787
TSs151B	0	0.19474840535604737	0.37288185002945884	1	8.252654351928866e-05	4.0163207847989535e-08	0.027044523686734705	0.019215574022440847	1.955474045004124e-08	0.984141564042565	8.892042036699641e-06	1.0268825261978332e-08	0.9989898374068331	0.2478828246359358	1.9359028259369698e-08	0.999549072729475	0.006806268595494272	2.216821978153785e-08	2.045310062336077e-08	0.00015616104500187767	2.063720205634462e-08	0.6100061657189592	0.0011670217013366381	2.7940212429293747e-08	2.0949598190964974e-08
TSs133	0	0.15896700691112944	0.35526061728617897	1	0.0037765911681158313	0.00032000456910389973	0.005773814337162103	0.009836322244632394	0.06428405033092659	0.9852937214870177	0.0014399139309507537	4.2098506723881465e-05	0.0001993371855147602	0.9587462767912782	0.060357318333489625	0.9999760915271978	0.008170766371565545	0.00043062242048679477	0.0018083504698057729	0.0013973707045714771	0.07373508247332558	0.00574483186642589	8.23390954263431e-05	0.0002867764678657464	0.0014150491091181163
TSs155	0	0.34485386701789655	0.39776406834835343	1	0.11944549270935426	0.03929618583879721	0.015755059323184727	0.9456751668004648	7.56853778468472e-05	0.996989677991102	0.13804829933696666	0.20184450941598706	0.8607288107792096	0.5158227692060167	0.002570411071988289	0.9996748815720555	0.010030379870934343	0.10084268608174184	0.01960927543886763	0.001578031768257895	0.44968336932937625	0.8457469376951202	0.02733985001728805	0.019260059569570512	0.706505293873155
TSs209	0	0.878425880517141	0.21540328198796746	1	0.9905304107267303	0.9034335966089154	0.9182292465708116	0.9993566723056391	0.997095312760205	0.7102910467572425	0.9983955317544662	0.9989268506311887	0.995221638415345	0.3055568369999195	0.2861717729212106	0.9992146154167917	0.9922191205198431	0.8441438278507829	0.9984626276067559	0.7756309878747653	0.905706407890383	0.9919099417240296	0.999741158737257	0.9891508797294309	0.9596595372678386
TSs136	0	0.1684320777844244	0.27060508646471915	1	0.04891837219470934	0.012629522295337812	0.10544904455129991	0.0057160905168168125	0.001231123116205885	0.011234998933348169	0.05301656412872767	0.3794814281254797	0.09009549725676018	0.04482018026069101	0.034414870310143925	0.42915014376014576	0.01118660876402693	0.9787630908071133	0.005875617791083657	0.7568642997177181	0.013655911805344347	0.0118333505808709	0.081728488550418	0.10490652216950178	0.23658820224745464
TSs22A	0	0.010416711994092354	0.042584375589348474	0	0.00012890187950045982	0.0008206932376351424	1.8051643464243768e-06	3.584500590316609e-05	0.00018823527555688542	0.00031467760123804657	0.006708477810274209	0.19121319244057278	0.001492906014329713	2.8660873770163187e-06	5.070225573186906e-06	0.0018933426677708036	1.5801456596418277e-05	6.956848344403424e-05	7.810014755630604e-06	0.0024684011048112164	2.8685948704195445e-06	8.727962265669674e-06	0.00195775882985468	5.399628344703304e-07	0.0011256519418371403
TSs357	1	0.3004205345522679	0.4073295433918983	1	0.05762628014776061	0.12326111050168188	0.17861426164029492	0.7064182509432695	0.00426406755451615	0.9956509295753531	0.9350894384619536	0.0009509379784747007	4.3197514412916764e-05	0.9978024798826757	0.00177586243670629	0.9961864210258244	0.23387816185501595	0.007573087388481345	0.0005087151170641665	0.7040381353573251	0.006562242201223417	0.07364327726575061	0.00020317416001124994	0.04160928302977062	0.0003376571555527429
TSs161	0	0.9471326830444429	0.18780241202166043	1	0.9977043528938931	0.9912610969382496	0.9780206956104781	0.9988184661457119	0.999562968134574	0.1599647590544633	0.9992164874580913	0.9996722064366277	0.860909317094608	0.9979107758174197	0.9920358083024648	0.9974890237875351	0.9814342751411144	0.9978388333898991	0.9975698723978871	0.9961321362604315	0.9991863754042404	0.9966026880551837	0.9999103074063238	0.9993091707376736	0.9998083973158822
TSs11	0	0.6163813275510204	0.3850233831948602	1	0.7706238830688543	0.11078978303510643	0.06753682743898025	0.9592542374760171	0.7843271834540998	0.009179090711637947	0.9176313357743379	0.8991496776492072	0.9954290249067506	0.003598247170234785	0.46150764764468744	0.03960922585669912	0.997035953660358	0.9623515209753172	0.9007265040362155	0.25555819953791664	0.6281957491702782	0.8868822523998858	0.9569586028278596	0.7569205826836087	0.7349849046112106
TSs5A	0	0.7009248119900702	0.35118112601725493	1	0.9053862499150216	0.7819588355665326	0.977513887200966	0.06288009405424654	0.9065266873288231	0.9042458125012202	0.6249144268889726	0.09994572222719846	0.9845288971022141	0.950232075681461	0.9749322987115642	0.3807081748781699	0.9886046914664121	0.9989893445593607	0.020163711492380592	0.9876545931069346	0.9787038964469253	0.3584525929010483	0.9961743022295948	0.6167313244866195	0.42463487097075947
TSs131	0	0.6354274638357558	0.29369369948954643	1	0.6655660504885471	0.8776233584382378	0.9810282991196349	0.5434736595531121	0.9864308017156878	0.5353855580874645	0.332464358114642	0.35840397046291866	0.6890508499211333	0.49581573447197713	0.888191796165493	0.9209170559450226	0.7958237115734466	0.9923429902684884	0.05730243825421243	0.6879223377219819	0.11116027011690342	0.9540538400817749	0.3044292593778749	0.5535192240699983	0.6432097632551124
TSs294	0	0.9420865081409657	0.1161274209215317	1	0.9891466037429931	0.9880855653968587	0.9840741310041068	0.8285163479494164	0.9992574681315189	0.5579712786103803	0.9832165273246142	0.9931497322634849	0.9849033997619078	0.9992030379550179	0.9957336140872818	0.9014249421472985	0.9961811751121594	0.9862289203482779	0.9902076420891276	0.9785159580746604	0.9910060510516083	0.705336785563889	0.993562408220371	0.9922221098190561	0.9929330679082737
TSs378	0	0.5516190741607876	0.38648566400914525	1	0.610713507202616	0.6129403510377446	0.24566885812460634	0.6084866633674872	0.04953865881618651	0.7107202598023425	0.5229763484606277	0.9859839873718036	0.9938134006031162	0.0010221216112894008	0.05239298915562841	0.1769368506562999	0.7355648584150244	0.9725201033319252	0.880513298470492	0.9728343613619335	0.9997497566271579	0.008070576863549483	0.37366192663259784	0.14176312359845028	0.9872229889074868
TSs336	0	0.2290362355090591	0.2923076392082191	1	0.08314312094345871	0.1671756021367386	0.013156697204184485	0.019356561956163188	0.9054094514489667	0.653171690268356	0.31438927510442033	0.09264206753707306	0.03226543634992186	0.2070518727066471	0.878573830853708	0.45223547605604386	0.0005211657705948443	0.07364417434984437	0.004866407505631649	0.21003380235319788	0.4643116943572699	0.01966245837186209	0.0039760994995646755	0.002014323076800963	0.06626662327419272
TSs111	0	0.31010196683184515	0.3716299730856805	1	0.12717603660271642	0.002195108357990924	0.029578357635831182	0.055857441306362415	0.018478411401219398	0.813578183232051	0.01545225475835249	0.07822050966986714	0.5514132682154308	0.20905412122191527	0.00888679743161526	0.9992032985409939	0.06568480603048736	0.21223022411051126	0.0384390884739763	0.9629529488028724	0.8513981603212654	0.8763090249755803	0.15875525894514722	0.13026040387707927	0.12409166932835361
TSs56	1	0.3165141297666031	0.3282968307919833	1	0.20097831154496137	0.07186686137221447	0.009311614136434459	0.006423324458288761	0.12248786057577324	0.5060684097460343	0.9652539488141291	0.2751984666703537	0.020800759241309082	0.02684697016760756	0.06905537106015523	0.5802104701043118	0.058861488799081485	0.38989627635915874	0.9972790970764648	0.6962270974571622	0.3092443346830826	0.3480793432909736	0.7465580782393636	0.0038546666605942677	0.12675815641956906
TSs3A	0	0.18733030854583788	0.27140681152195506	1	0.028865044538122442	0.57476286472347	0.004978365293003153	0.013646733389781344	0.007833195692332245	0.0337464863420844	0.37435044967885484	0.6758969324633456	0.04217827911154966	0.000700995020395781	0.0002460407536531167	0.3016959647708417	0.5824130961342138	0.03174790811051421	0.009998911315162683	0.2123205698103977	0.008475270721793333	0.012775766003331659	0.8328161968298002	3.996378650151846e-05	0.02598218096573068
TSs95	0	0.6965717860923528	0.3406382759193589	1	0.8458204704792789	0.07513370372410642	0.940325313610294	0.9924812715278223	0.9049406192051573	0.04495260393969241	0.7104852612037086	0.8765811063026221	0.906977236592417	0.1447398660483187	0.5843796329123973	0.8582081439945641	0.9994924471760518	0.7959845338351166	0.9994559159172974	0.8950414514022318	0.017806929163324676	0.9549976537192553	0.7446616835315186	0.651357551077166	0.8334327969639935
TSs2	0	0.00010332193798577791	0.00028734690198488463	0	8.625779052911967e-06	0.0012373922843500898	4.751042338624806e-06	1.9677336261593586e-07	1.9432654543819224e-06	0.0001654216165772058	1.4833639194539437e-06	1.1258880167204787e-05	0.0004675906777416901	2.942938292400884e-05	1.005664594501063e-05	7.16716966867922e-06	5.42452088039613e-06	2.1268233726564297e-05	2.574705789562626e-06	2.8206276948574246e-05	1.228756764551148e-05	2.6090924623287887e-06	7.194912160813303e-06	2.575635190181998e-07	4.992478413382322e-05
TSs44C	0	0.6742976880786182	0.3579115470543586	1	0.8299554762322867	0.25526402905683415	0.33654722489215433	0.7598511656152349	0.8977784550404073	0.9984780805032042	0.9555886622222443	0.9992339459422632	0.5738504619226756	0.9665849712156301	0.9962322884554904	0.9999862755613339	0.04560822376810561	0.5951017521454715	0.9975723925617037	0.09159935906173365	0.9977058580698859	0.18757192581144738	0.1714877372619727	0.7874703150403699	0.8724406374242034
TSs201	0	0.45146635137803665	0.4127808397679906	1	0.3485564568614101	0.004986514122994345	0.36302575988146957	0.9351684989379533	0.23491177118961148	0.01608268144528079	0.04316628259863646	0.925030171619697	0.33408715384135074	0.006896101493900054	0.001514731214003828	0.12999926568209902	0.9743563002709487	0.9354577715655877	0.8458645509551109	0.9375473809902288	0.08889928308181076	0.024194843071828516	0.8283331412578433	0.9936901030692651	0.4061147212711126
TSs217	0	0.8295235145056375	0.2735419586291056	1	0.9762801593619059	0.19014723096880987	0.9491465473107309	0.9994193996816868	0.9348681884918199	0.9947746139035921	0.9990500462552024	0.9763943085599005	0.27473561085836967	0.48517052740612254	0.44602085403356795	0.9999765590025013	0.9402111178733774	0.9761660101639114	0.9997873299857482	0.9991391699709662	0.9994160208974118	0.9818133376168753	0.9913381430593081	0.5172995911244498	0.9355956829483962
TSs168	0	0.17184187368243486	0.2755421772111608	1	0.02389643097012057	0.07444353862291184	0.5904155261000075	0.08202938921074003	4.93376728471313e-05	0.9706616872047368	0.0007177292699637149	0.004110122684024455	0.0029555508299759004	0.017321637156557993	0.02152903798307048	0.37252188074593695	0.017456665563296062	0.0012194606862547669	0.18389828177613207	0.09090284369261102	0.29413087316026854	0.678898075209375	0.006023566224709875	0.026263823957170657	0.0012884458981069586
TSs98	1	0.9324371045968652	0.1597537359304506	1	0.9951866602240187	0.998975536460819	0.9863625960091859	0.9984938445584421	0.9999601484524656	0.9878920812779858	0.9850037997621819	0.9980723703313745	0.9700757561835022	0.9926071086174756	0.9877525760302294	0.6792904536389219	0.9997780951544613	0.9992570781709607	0.9999195551594067	0.3632975158568624	0.961059127066984	0.9978459030232392	0.9998177329817797	0.9977662118305618	0.7455146013704627
TSs116	0	0.23903446629072472	0.3320638750999805	1	0.0826207783890936	0.18882664423133616	0.09125712367174356	0.008370840333731495	0.047304730184343925	0.9793921000065767	0.07398443310644362	0.0046755712737771345	0.013224781919438912	0.9188953166134786	0.16556987304219187	0.9885106763591522	0.36810701060696815	0.002458031599477124	0.026431643358111736	0.37943188765810215	0.020447609532574382	0.236703058191293	0.0290313106776972	0.19617755464719117	0.041889128800865656
TSs53	1	0.3707244205190478	0.3763029176891903	1	0.35410709235805526	0.8771858243973712	0.034694377162776915	4.303566624360663e-05	0.027533706984325588	0.5025934942777764	0.952071672795445	0.5396092944306586	0.0035971681603050587	0.0891730397554889	0.4596706840120045	0.41020897940230056	0.2980052053138099	0.9951950212237248	0.0143448051035378	0.0033606482106719104	0.001980975411934835	0.751748037505371	0.983802294624181	0.003201242315042928	0.46646890362798665
TSs63A	0	0.5690075912395101	0.3625609700956612	1	0.6612628987854257	0.06759411038963785	0.9106129170799309	0.9256934360599187	0.8241188240081742	0.05358757779444507	0.3050042648495716	0.6858233351106156	0.5107384600746695	0.12971122722146658	0.3728231298148364	0.002495441336636043	0.4956858530093884	0.8878253247410016	0.966917874403313	0.91740385119393	0.8726906415322339	0.013088712252704481	0.9997102631427395	0.8019241183147505	0.6367024624602359
TSs158	1	0.5284883793106813	0.37119887040416355	1	0.6298390830233924	0.6695888999781325	0.8806821838743953	0.640218068693117	0.5439987617235464	0.6194600973536678	0.19665160930701706	0.009775157404719275	0.8406304857066961	0.29106026925917977	0.008189707604584059	0.004147435459550564	0.30688007034638437	0.9956212776182657	0.9804397254868699	0.7294538217923204	0.9720724049286129	0.9973388047697294	0.7270969739266456	0.05656649034551895	0.09989534063467113
TSs269	0	0.22919284871573273	0.31631499435481475	1	0.05328026311322914	0.3696702825582006	0.005480223916055057	0.002004037538224224	0.7710283202037992	0.017483917092083332	0.031334715377782915	0.07522581084867537	0.0010786169201557419	0.2159242086699453	0.8069119356286348	0.9893593120076809	0.6398599342370004	0.0025088730626499143	0.01870106042205474	0.16401504806143022	0.0026288803380569614	0.0002735625317810418	0.026160001315216487	0.20063772614065606	0.24357050744457054
TSs317	0	0.28117992424072424	0.32788111747210197	1	0.07590641812287394	0.016977370073630264	0.05734244685554262	0.9505848922814538	0.530621565926367	0.0016464239633157513	0.9453871782511937	0.02962245766963128	0.5578527328604223	0.006200326117602615	0.21373610075705282	0.06270790263383574	0.5827264591451212	0.7374087192141903	0.43520626627894654	0.08144976587312282	0.3077978682253862	0.00607127976096601	0.07036307037262504	0.02065211690984456	0.009243541644232847
TSs49A	0	0.2497514049812924	0.3193594175905211	1	0.07141628750598254	0.04467662985772763	0.0008652959701318569	0.3971753886937021	0.09481077037872938	0.6464404753468773	0.068813595234723	0.0009274974244460182	0.007893503512488386	0.2215652586512501	0.12765680112183475	0.9956522178927332	0.048679680475146994	0.061120258638190046	0.6527499026513295	0.737818964668734	0.7434143632697593	0.034719197412667824	0.035932381103942396	0.07401897977724209	9.693754419203482e-05
TSs417	1	0.7685706415604413	0.3676353926305981	1	0.9687739463437892	0.0635042375088649	0.9932669210199745	0.9306501358843938	0.7015305718860622	0.06683215986223315	0.8146690707324385	0.12737088052662615	0.9647045210192371	0.9971489305854122	0.9395055917893812	0.023116768335414328	0.9850808282335958	0.9728433716683413	0.9999538930285351	0.9976499587117214	0.9998361333108264	0.7965979195301142	0.9999786791464625	0.9983971311937377	0.9987751272354569
TSs195	0	0.7729694870824062	0.3142002043880606	1	0.9520314457932123	0.7250994059632377	0.8950225493508877	0.9969541889490047	0.9532520379679575	0.9998887275096145	0.9549081576723731	0.3822702904351675	0.978718764427194	0.99342572044479	0.9871953984691837	0.9996654407239307	0.8611965085431967	0.649942283601103	0.96754560619995	0.9990727843560855	0.5476651914082458	0.9508108536184671	0.5606306638769794	0.003117085373509969	0.05300808275724419
TSs371	1	0.8843582596883806	0.240297019429051	1	0.9802801050973637	0.7866370239210104	0.9788104604360292	0.9638205418155328	0.987430199046694	0.9358188914424815	0.9982323824510604	0.9012080949123056	0.8919564321719485	0.39701292764829255	0.043288631687859645	0.9993085139083442	0.9986260086620448	0.9822932403756665	0.9998987576090164	0.9996171241090075	0.9964003716540695	0.9262732584858154	0.99994702118869	0.9817497497586984	0.9188355624830427
TSs23	0	0.8284375084816341	0.2883107320608951	1	0.9702845152944506	0.2515086199324641	0.883919399053736	0.9571902903548055	0.9991506533500518	0.963844299807641	0.2154503818867269	0.7348501873418646	0.9930990819383843	0.9959201013363842	0.9291941403157825	0.11427589395656579	0.9995073576818858	0.9955363298905981	0.998744793993175	0.9270864687830227	0.9842833005009968	0.9836151901064799	0.9955067639393055	0.9767247307812602	0.6693421846815509
TSs51	0	0.1880744064499577	0.2827634016078202	1	0.08728709301034242	0.10612942701581134	0.13089874416226718	0.025269165304768294	0.9976519238047307	0.001013220585687039	0.0010868291133311267	0.003544394683543372	0.06964460873439139	0.15318774969568946	0.01027255618983292	0.011743428103270417	0.8583680412445431	0.329080213135339	0.10492957728629344	0.15610918425988168	0.008515058441889628	0.008940490377152959	0.26821053859223487	0.46763319949881144	0.04925977876968545
TSs59B	0	0.11598651465703007	0.2303462711829266	1	0.02114731260022839	0.027240271411253063	0.06207620757425419	0.00643955202111187	0.0005116457326719984	0.008673150333332345	0.0005650213795187047	0.18793917680897063	0.019191239681058084	0.6133701405024496	0.31767613007402323	0.0059377915250544665	4.0698147981367966e-05	0.8634444021703727	0.00011208444451464861	0.010771719704375972	0.023103385519398698	7.535763798011748e-06	0.10492955918886632	0.0415855506940382	0.02611503046355729
TSs365	0	0.1844739848321098	0.3634034058977979	1	0.0027946834909796502	1.3066136489545594e-05	0.05748862348932712	0.0008021455495907944	0.001201910860565843	0.9584534609915473	0.0014931039284032754	0.0005981773178370244	0.0024600360311797325	0.6265001818998756	0.03380640865564053	0.9999890545552227	0.003129330950779568	0.0014431254590951176	0.0042157183612462155	4.394449314629267e-05	0.024191158521055325	0.9339181772222388	0.0023655836021038387	0.037361863128145	4.625488706394205e-06
TSs224	1	0.6431193660557472	0.35184547350985346	1	0.7613001277799418	0.12606589379102118	0.5879536800195374	0.4181005201175201	0.04012410829365149	0.9320530146288	0.9108473861070107	0.44378152862658293	0.7751782937552841	0.998738786272455	0.8414883517514344	0.9962166684276867	0.7474219618045996	0.5104090355776199	0.03356467282780291	0.9932480796462824	0.9794784830474542	0.9935577847087701	0.9852166527340188	0.18162762173127242	0.36731479724613963
TSs325	0	0.9102440550624671	0.21308151695019004	1	0.9906160699440194	0.9859915001810685	0.8822250380261429	0.9846074548477088	0.9708525358342346	0.946947887266334	0.6551897129010599	0.9939143253930225	0.9993808196329034	0.9915404356209749	0.9625006567442721	0.08727040368395364	0.9999042081025087	0.9905280997984868	0.9975008799128587	0.9999627271698878	0.9961245322792998	0.7716587146394017	0.9999533315038756	0.9981237976217926	0.990704040089552
TSs119A	0	0.7032999713643114	0.3129744643951707	1	0.8323124966715801	0.9551523099213473	0.5076213045681912	0.421801056737044	0.9102024025387986	0.8323662238058235	0.15441114702824044	0.9472658322110338	0.9903770395004687	0.9672129161349089	0.06875182099363054	0.2083974582969578	0.9906322173746763	0.9803591869779725	0.7527244842426767	0.9939893743628222	0.3936907936670673	0.5448204443411636	0.9726159583124795	0.8322587695373368	0.6413486867335877
TSs166	0	0.31501770032264104	0.3833484921891033	1	0.10393320747428714	0.9299051660655259	0.003558711543632864	0.6220563663322676	0.45822336288372245	0.06865829507687835	0.6655019890092652	0.001049973232468541	0.016939858720477863	0.0031509245424076533	0.26766383787211195	0.9910240200490639	0.9079175095842245	0.002894181881524543	0.13920811987169593	0.036274717844429816	0.03522522062882203	0.16048734980550233	0.9701985704437969	0.005526050857209347	0.014889780207793349
TSs297	0	0.07024405031110256	0.1708334604693909	0	0.003660564573279999	0.0006988783422048551	2.3850228139801765e-05	0.0007461353610099791	0.006319216524494445	0.4136192526909401	0.0281429025974628	0.009490159881650898	0.01572165238224679	0.005026809666929925	9.118948010415857e-05	0.21552811146547565	0.006571198214581571	0.00016942170455415954	0.002294319479630073	0.041460833708843604	0.0001499054953274176	0.6577880164927707	0.00013880600835339816	0.0002004933341853493	0.0006998531631456054
TSs338	0	0.5403452980881724	0.39861394102432424	1	0.6374425787820108	0.05828466870469117	0.16287735725468735	0.05754631887020084	0.8623226339663725	0.4375885517858015	0.8265224581327574	0.6457702479807379	0.03004391452087082	0.9957373447734118	0.738890298908384	0.9828401858115363	0.9516809014125375	0.6291149095832839	0.06596338862399002	0.008361456192831856	0.9485730561799771	0.2295170017191697	0.9981637813516275	0.9997262261024609	0.17738125988811915
TSs293	0	0.16497701386716376	0.25082238697562653	1	0.043657165838478694	0.0018007943075401842	0.0008534351597105992	0.009987680788497011	0.10786902004664285	0.00033677384639873507	0.2425073432501694	0.4622372749680972	0.002086228729108863	0.0023909929952091974	0.07732665088846037	0.16741262653739117	0.16443626640745593	0.6610082631265635	0.29634980493479784	0.002513817158158919	0.008918831641527177	0.005401553576770117	0.16737047630139493	0.001388218637239191	0.9173442240421422
TSs24	0	0.6275910282006792	0.3248552006104236	1	0.7047081527376684	0.7271218587703296	0.0020885178018838694	0.999007101423461	0.939505599781075	0.9685698997332441	0.9282441717139976	0.019305163546566226	0.4208488898492433	0.4183160937556722	0.6188648816928234	0.9963468041575084	0.6822944467050073	0.6201058704815781	0.9111755788149566	0.7960879206059032	0.09242199076462083	0.7869800097481456	0.7814018674959974	0.557949902774713	0.2851839943968582
TSs334	0	0.8604950892375361	0.2596428276004236	1	0.9807152101434627	0.990959592275605	0.9938294818926656	0.9776257020098285	0.9847697929412699	0.9423548773482057	0.8877277540451664	0.9931270198966734	0.8717608758495192	0.9852717760640539	0.16561370545071646	0.101606161135114	0.7817748868553475	0.9992726732464422	0.7696776349710348	0.983804718277097	0.9706562131088229	0.8227218429965807	0.9999613182242174	0.9948312067763329	0.9925545513860266
TSs1A	0	0.0037802144767752786	0.01251150348708602	0	0.00024415996458651307	0.0014872221174960863	0.0009746812048877345	5.371981491546339e-06	0.0088909210367629	0.00031607310002409404	5.069302373403934e-07	0.0014476851393380866	2.7464443057194086e-05	0.05619906858756293	4.2716441169195565e-05	0.0005567147920735042	7.454146131517724e-07	0.003985144442139026	1.0979216911754107e-05	0.00046754290122622715	0.0009088236445195132	1.837411022944873e-05	7.5776908828109265e-06	8.4429511734091e-05	0.00017224682914893208
TSs266	1	0.7837988821472872	0.2735835612478966	1	0.9003844579029998	0.9934268737344445	0.9441278642228567	0.8944164207574895	0.9477987449415312	0.7660630009836615	0.15800748666874526	0.9063524950485102	0.9772812203715073	0.9955629428361498	0.8224125535857235	0.19628987054882419	0.47558989175279787	0.9970107221784155	0.9899343382881478	0.9998662848181413	0.8373473535456818	0.6331390210856161	0.9998941733853122	0.3648720641653591	0.7765843200268295
TSs277	0	0.2975079848014255	0.37776938052638676	1	0.05445115470519636	0.7406770531940554	0.006059391927673847	0.23516737142482944	0.0006907211444670614	0.5772212738516721	0.0030380502930484536	0.0023423686593502663	0.13718068334506	0.987168679098783	0.06625103583571774	0.9999717060089169	0.4617574731269801	0.013603854167255595	0.02889282167136784	0.0025870968254335007	0.04265127357467497	0.817154131173035	0.00549946806284146	0.81425310574952	0.007992136893826187
TSs60B	0	0.5378011934594995	0.40292357033752857	1	0.6161901667782105	0.9636301007093943	0.9979784834307239	0.8684090270475567	0.7109371770328595	0.7007479706772037	0.05239437425654357	0.9827835699610943	0.09788962015833155	0.22404414564911435	0.37796686438630095	0.13373213087404842	0.8835468071882902	0.9958712000392493	0.5316323628792172	0.05331440587827427	0.991445189067344	0.032011717907900576	0.037527659616650465	0.9688888849224668	0.15127217750742597
TSs303	0	0.1372738428001608	0.23928798724904682	1	0.049504903805335544	0.15174362574304995	0.00013483232312491508	0.053129532780894745	0.1518984921223387	0.006348027289152452	0.1899468746509587	0.06592587628410322	0.027935649923851617	0.014205651212305373	0.07861273751010706	0.30324742614826894	0.002206051708828476	0.0017840983102410787	0.6918728297204466	0.06134523044590814	0.004050869798787003	0.8897646336513279	0.045880274829776344	0.0002665735951932748	0.005177567954551784
TSs120	1	0.9419522140396133	0.18435174510935118	1	0.9888783695658494	0.9626902654099442	0.9947309813737766	0.9477433612553104	0.99894842917002	0.9561737165023161	0.9843661797457112	0.9840389958205065	0.9998352803869065	0.9933905593859875	0.9800896298301689	0.9725331301523198	0.99937675314635	0.9986734002631124	0.9998094835916465	0.955880275095988	0.9990801429600519	0.16269470715033243	0.997392836395476	0.9996993966029643	0.9518967565533765
TSs132	0	0.8296340129020894	0.2572177453286837	1	0.9436094332377223	0.9208711407345079	0.9214320953822566	0.9959267730613771	0.9845040137399818	0.8864041397855937	0.20058827781121663	0.9996418335789853	0.6712669709178357	0.9894662903743962	0.9895223485829361	0.7701383357670045	0.9837792396895554	0.13717654500683382	0.9995117406715374	0.9022228444249966	0.5476291111073694	0.9757436268707368	0.9757914959471853	0.9657867710931881	0.7752766634942946
TSs78	1	0.48052402661399796	0.3387159109107944	1	0.4259886143326944	0.03770691973056308	0.20786907073142524	0.7488950574330634	0.34620729810176976	0.011998683065294474	0.9923019969122604	0.01118007572229062	0.167062083425143	0.44577059971083466	0.15702129379664412	0.4062066289545541	0.7628899272653339	0.47168138765205153	0.9517917453362802	0.7592443490073372	0.8667420314511153	0.8088641608629894	0.9096438092166588	0.24423838731110642	0.30316502659324474
TSs61	0	0.5206411591551391	0.3924488320358218	1	0.6395341024308958	0.0927063135891663	0.04571139017604584	0.7199358323318888	0.0026506390944658034	0.07110364639024348	0.3918709301082818	0.9746512639901981	0.988113130110808	0.0626729365996746	0.007580586770497993	0.37940340586501864	0.9711679725851116	0.8204017914241297	0.952356508761089	0.08001468400373161	0.8023196848733805	0.9731941367343218	0.5591323725299029	0.7790491145439156	0.7387868426209093
TSs60	0	0.3588595778369391	0.3486532628973253	1	0.21583458941881345	0.256911322530666	0.11996036755337193	0.1437231498428788	0.7352155055006739	0.95071135410597	0.17475785630696086	0.009625944412235172	0.053820553931665925	0.5357719119164693	0.3514423582582982	0.8466940705437493	0.032748459639290246	0.9106911429253062	0.3651960297550482	0.005094639979270972	0.12223186822842866	0.8680808915659685	0.6676514149523831	0.026653968513829385	0.00020874627631651757
TSs274	1	0.9078867284172549	0.22614880939793963	1	0.996775830563938	0.9037325810567027	0.6446262076626328	0.03273469959189753	0.9999474856366874	0.9993165387083461	0.9961054807710426	0.9983733893154277	0.9988189935904604	0.9999937450681048	0.9800876763048684	0.9988785986317219	0.9998469722249238	0.9974396705333983	0.748716690255312	0.9961119905944779	0.9989993015763659	0.9734796936289744	0.9997165057240393	0.9430449065092179	0.9477634409604949
TSs10A	0	0.363742328126406	0.34601821865990334	1	0.3018017228966948	0.35866772746152076	0.047457352859783086	0.04455575249530405	0.40512528654679364	0.9210037415747694	0.009843475963324246	0.026079818165703702	0.37235781135171353	0.9602120922883108	0.10644729403398445	0.9371740230364098	0.10813015122200526	0.15725143366357314	0.4074135592971618	0.012070391675627533	0.24493571833186883	0.8679040736417214	0.7163539947233496	0.5430488681009041	0.02881399609429233
TSs96	0	0.6263870673448106	0.3375183860736169	1	0.7377293455135574	0.7597624225989303	0.544880135921603	0.7726255069587331	0.5318601357618544	0.07191819987923595	0.21424902848615557	0.9978659425384795	0.7352173994914311	0.33805773953086715	0.009289173961461008	0.0011120169300741988	0.9402942683242471	0.9961846631699359	0.9931851236854543	0.5934847196873649	0.7402412915356839	0.6052934402215571	0.9760746044021283	0.9486795225924511	0.7574660112185666
TSs282	0	0.15747523119423756	0.291360147970443	1	0.013991436706163745	0.4240095479284318	0.04445069055652131	0.0011403042137768857	0.0008035935049932534	0.776783279448897	0.007742737876274921	0.004373172148210006	0.0003511022575037084	0.09655773949829413	0.14762138881201142	0.9943808896465766	0.0017787440533105529	0.02749188185580902	9.005449167836746e-05	0.00024123134201312166	4.483659962948636e-05	0.051494836011130356	0.5476543237516647	0.0022541343519719374	0.02024013553605257
TSs56A	0	0.9951572688087198	0.012004518643163337	1	0.9994646464741832	0.997380813828452	0.9902171287322803	0.9999956112297691	0.9997422383891087	0.9992719266949731	0.9997879665247984	0.9991266495818992	0.9986009310629991	0.9992980192404817	0.9837417444529982	0.9473675182236767	0.992481077231277	0.9999808276083108	0.9996312737078846	0.9969285720122498	0.9999951661759225	0.9999636868055722	0.9999163120366965	0.9997556855762401	0.9999622270588057
TSs296	0	0.04618278975104642	0.16534983497133104	0	0.0020320301256555023	0.016440997038828974	0.0054045443229335565	0.0001836930192531805	0.026331868509496027	0.0017615123360912824	2.316595301652721e-05	0.01760854044767259	0.00028554490789079617	0.05893069058152281	0.014233712427001697	8.707454316844561e-06	4.5033731956623466e-05	0.024225051451668596	0.00032422264922960507	9.668865066463474e-05	5.8177954024985444e-05	0.0023025479152197223	0.7459698282136309	0.00031943059403554693	0.009101836862473551
TSs33	0	0.3388071862632051	0.3459130019695416	1	0.24910312582751576	0.027502679879909276	0.28673461002496214	0.426319777529832	0.533427519663392	0.056953780477730837	0.01904443893771543	0.3824212421427756	0.0012392635417684946	0.1276650764466505	0.9665723203282665	0.00020629584720657147	0.0017754529966881294	0.8994003342628455	0.624035750595621	0.7139932406376186	0.01621682416505642	0.005620573279750426	0.21147164163006935	0.5405075329576635	0.9350353699185799
TSs311	0	0.7322971662058607	0.375399470142033	1	0.9557563531361575	0.9945511774820077	0.00556194539677954	0.9996726168752655	0.8299643933631731	0.9798858661352019	0.9429659560039997	0.9314517488186614	0.9685467502683152	0.40863592413675087	0.010413408719642905	0.32261492300744726	0.9993570759762253	0.7784065284779185	0.9992515302510212	0.9997657798630933	0.999798245847748	0.9737996147801625	0.9999946478524574	0.0026665564561404406	0.4986386344052031
TSs68	0	0.05848597114245787	0.16569738893698557	0	0.0020118148643981457	0.03133254517737514	0.005138879189604933	6.658545665888197e-05	9.206802712628727e-06	0.7173047609505141	0.008845751034461552	0.007937295550567202	0.004032832454407188	0.1692064947696331	0.0029299625037036156	0.0007797947876700243	9.523789463447914e-05	0.21380071308001178	1.0042519831560162e-05	0.0005578370300212656	0.0008907740739288369	0.0010936672250926754	0.0048794878109432414	0.0005649971125688746	0.0002425574248163024
TSs104	1	0.8996324943289589	0.20401427198344943	1	0.993711770310013	0.9976609088872392	0.9986243770131717	0.2728392830752318	0.9976207900175399	0.8898343104056321	0.9912484185857657	0.9697674889983439	0.9883714419487367	0.9996398972100542	0.8954182221120073	0.5290944142439649	0.9897103399548902	0.9999317719170759	0.5368686545068615	0.9967728708167983	0.9981898451978181	0.9458331486341631	0.9999930733600865	0.9961751220342603	0.9990555076595368
TSs58	0	0.8918232161240006	0.24268452129791165	1	0.9886289375145282	0.9834365208540305	0.8645085337585307	0.9801533253111886	0.9864009279769748	0.9897134388318394	0.8319521902278048	0.9941607019104275	0.9992310567457656	0.9979370585184563	0.12383665709362913	0.8503919609254728	0.9951014348063278	0.9976236001871186	0.9975496591165313	0.9766032412829327	0.9998847507307387	0.987544436197217	0.9986590828071382	0.9991896583995328	0.2825860867983554
TSs358	0	0.14512782148769715	0.3112214153612652	1	0.004181581253280378	3.130287734934647e-08	0.027043936818182943	0.013350530595164254	2.316469790550822e-08	0.9841415788811407	1.0861627235095755e-05	0.007363059440849124	5.5277796234934377e-08	0.2478828246359358	0.021821820545289906	0.9996980065452612	0.0067961733574991925	1.767822717334324e-08	2.0538958887968424e-08	0.001566989149061562	8.379277722752136e-08	0.4621930498808402	3.166919432961212e-08	0.13065445118967323	3.2883663281448296e-05
TSs82	0	0.7792041626076615	0.3001410780494888	1	0.9116803672244306	0.9961800332981932	0.12704480777035063	0.9786232358940926	0.9978945322843866	0.6751130603555993	0.7360352585301799	0.9999108715539845	0.9402706806720195	0.8307193022060445	0.9938883551746172	0.003750835418334939	0.8212296788686725	0.8748874461660261	0.460256828279522	0.39566574160059587	0.9996723323052963	0.9170333791024123	0.9948190148911908	0.9063273553464488	0.9347605024352632
TSs15	0	0.9612387521516824	0.10430932540182905	1	0.9995397607407306	0.9875769218862361	0.996678880878223	0.9995381121836316	0.9995891825910999	0.7779528133665594	0.995432795155366	0.9999425595433274	0.9995414092978295	0.9996461276563907	0.9876711529541631	0.572149646028106	0.9999870560807439	0.999982904690495	0.9998282974469275	0.9661047049141893	0.9999949502501698	0.9459562077923608	0.9999954670696005	0.9972649121969455	0.9999409410512842
TSs3	0	0.48335115546753527	0.3921926729886474	1	0.45265650744147595	0.8856567736299911	0.7439747170588188	0.0059692327339316295	0.20505805537908106	0.9525120459295033	0.1699503106036856	0.35922666744145637	0.944983880281599	0.5460863474414955	0.5598035562118624	0.0015579032447588118	0.18402824280065408	0.9842428985649052	0.0002684356405947159	0.9275774336227208	0.048439565777230846	0.8489276570467112	0.9897033654546168	0.02804903720097306	0.28100698328611556
TSs4	0	0.2773036717315428	0.2898184757325545	1	0.18032871239731763	0.00046393606529218705	0.02425996674959993	0.02486167798122708	0.02990373889567942	0.03969367464500023	0.009001973213572753	0.05738185779963194	0.08057731630729693	0.324344834530181	0.4193166109860252	0.33140789320170005	0.03125921595078214	0.7003663259611973	0.6508062153060183	0.5397281774540609	0.9285812420524604	0.4116600098276072	0.28008010848733833	0.6422812829503737	0.020097376265810853
TSs331	1	0.7637285601994064	0.31373598848265283	1	0.942213329198874	0.5142701261205369	0.7534960119558093	0.05204715943847888	0.9598713974929245	0.7996784954622468	0.9799896531995503	0.9245552609048235	0.997573098470867	0.9989961472462331	0.9974835052362103	0.8982146215658943	0.9999621373863207	0.9607529035901693	0.6379738678844081	0.9938590107639679	0.4525538485699282	0.25970791430043594	0.9984933495699239	0.13321535097066275	0.961877343858735
TSs314B	0	0.60551805298488	0.40639181860712725	1	0.8089615397292678	0.9576849917924675	0.998340891578227	0.7947543697614098	0.9932440094305826	0.25387800612144396	0.7132816564031466	0.01683483647117246	0.0023657822168524816	0.4437674072394215	0.35472907633379613	0.8231687096971259	0.947249809173293	0.9149484849078283	0.062444863104822196	0.029489133337088833	0.9882957541778086	0.0030413357764246525	0.9816199329493545	0.8489259097691111	0.9822960994562234
TSs333	0	0.4616395500578303	0.39536497313908486	1	0.6098662756812814	0.1061430488276291	0.2031279521862113	0.9081430932204848	0.9013669349177004	0.001376009148076606	0.06771431832748333	0.6389949763426521	0.02611314106743456	0.6246048715713761	0.01138163191732036	6.11216618433591e-05	0.6758678738996973	0.9570927776296257	0.0818204763143216	0.5951276797911867	0.7400904607476593	0.0042383113102045945	0.9987718257216047	0.9684654700312372	0.7222890265228593
TSs7	0	0.17630405688963072	0.27487963723633807	1	0.04849804966224659	0.009309426587417706	0.0040265373434316114	0.20465541931398423	0.10352808417622689	0.009180491859896747	0.004254608435593906	0.08957041713366098	0.022314580461963905	0.004780271241196523	0.0012847622157569365	3.435325242812066e-05	0.31461688477724303	0.4110100061330014	0.07468151886252927	0.006662856690947618	0.7831623089313055	0.0027976984231837445	0.9630185985243476	0.10384975542079702	0.413342558007701
TSs38	0	0.5643112634459602	0.402825996585337	1	0.7491692239158986	0.24974575074829913	0.011186120015052928	0.7792692947769323	0.026122790684003402	0.9296642142534364	0.79391839157261	0.07654713993025196	0.955387789200175	0.9243723711598105	0.9814507671565357	0.7190691530548649	0.05088408811239491	0.0004705164335112329	0.9918871839108562	0.860032887245496	0.9769856088694581	0.5924230218249339	0.8692004547773292	0.0010499555955883132	0.4965577695976629
TSs10	1	0.11106469775323032	0.25336689266192547	1	0.014172141643507215	0.0013631968273609633	0.0009365814844832204	0.04218875858417273	0.014580961987375327	0.9397950647235862	0.00025681035816338367	0.013763321299639104	0.6985065740930584	0.04041875308501916	0.01488958805792755	0.2868873270999716	0.03145814652201879	0.00014244543893861524	0.0028489221439279505	0.04361383286899495	0.007826089056682204	0.07724142560352705	0.002661889783542646	0.0017464687692396652	0.00016779727697710344
TSs48	0	0.2188659444621428	0.3338259556938615	1	0.0454769652686029	0.028424448646835618	0.00016100650251491732	0.948279314379893	0.0032545906303663016	0.019477660885145277	0.0622745272758585	0.0014957637210351214	0.08107884467122622	0.07528549476921789	0.014947961766378647	0.8527963815078257	0.004535977047367461	0.004460981834294302	0.4650313864480386	0.033749067051709505	0.22291789536443363	0.8800987150067885	0.05720486348549629	0.6216032726258682	0.00024073562256166995
