ID	ID	Class	Mean	stdev	Predicted_0.32	Median	score_0	score_1	score_2	score_3	score_4	score_5	score_6	score_7	score_8	score_9	score_10	score_11	score_12	score_13	score_14	score_15	score_16	score_17	score_18	score_19
TSs156A	1	0.6386449999999998	0.09515918966233887	1	0.6234999999999999	0.714	0.692	0.5266666666666667	0.596	0.81	0.586	0.628	0.572	0.694	0.689	0.52	0.732	0.673	0.796	0.6126666666666666	0.552	0.619	0.734	0.446	0.5805666666666666
TSs361	0	0.7596838061061744	0.12840703795612404	1	0.8059833333333333	0.906	0.8376666666666667	0.5932	0.609909090909091	0.876	0.724	0.564609022556391	0.5614095238095239	0.8463333333333334	0.886	0.722	0.8613333333333333	0.8112999999999999	0.92	0.8006666666666666	0.696	0.8215151515151514	0.858	0.7832222222222222	0.5145111111111109
TSs368	0	0.43572240196078427	0.07351842125581835	1	0.444	0.396	0.312	0.56	0.488	0.39	0.47730000000000006	0.426	0.3932	0.514	0.52	0.45775	0.38	0.5043156862745097	0.366	0.434	0.4697005347593583	0.3821818181818182	0.277	0.454	0.513
TSs49	0	0.37238185574229693	0.04496300033650307	1	0.378	0.306	0.4011111111111111	0.4106	0.382	0.306	0.414	0.3326666666666666	0.345	0.424	0.378	0.43469444444444444	0.34	0.308	0.338	0.423	0.372453781512605	0.378	0.32	0.438	0.3961111111111111
TSs138B	0	0.5459426767676767	0.09653933686230871	1	0.560111111111111	0.6453333333333334	0.5442222222222222	0.4359666666666666	0.48924242424242426	0.628	0.5272666666666667	0.5295666666666667	0.427	0.584	0.578	0.42219999999999996	0.642	0.672	0.67	0.576	0.434	0.6253333333333333	0.658	0.4687222222222222	0.362
TSs22B	0	0.3926136309523809	0.07317321000827517	1	0.4101111111111111	0.296	0.3876666666666666	0.517	0.4	0.436	0.43	0.22171428571428572	0.448	0.43	0.408	0.3303611111111111	0.358	0.49176666666666663	0.423	0.36920833333333336	0.378	0.2533333333333333	0.444	0.4122222222222222	0.418
TSs287	0	0.46856238984269927	0.07603434797260523	1	0.46292424242424246	0.48866666666666664	0.3827777777777777	0.572	0.436	0.377	0.5092333333333333	0.44256140350877193	0.4716666666666667	0.542	0.43	0.598	0.39	0.558	0.332	0.524	0.5638823529411765	0.4541818181818182	0.498	0.3821666666666667	0.4191111111111111
TSs383	0	0.6265563720185044	0.05214127062828303	1	0.6316666666666666	0.61	0.5391111111111111	0.6402857142857142	0.615909090909091	0.612	0.6125666666666666	0.664	0.6353333333333333	0.704	0.54	0.672	0.556	0.5546490196078431	0.574	0.663875	0.7042156862745098	0.6711818181818181	0.653	0.681	0.628
TSs314A	0	0.4338930478937987	0.05292954138496271	1	0.44259117647058827	0.43566666666666665	0.469	0.424	0.448	0.398	0.4454666666666667	0.38456140350877194	0.37433333333333335	0.488	0.456	0.45775	0.388	0.43971568627450985	0.412	0.4306666666666667	0.4920338680926916	0.278	0.45	0.49655555555555553	0.5101111111111111
TSs30	1	0.488209126984127	0.053036086826935655	1	0.497	0.536	0.3732777777777777	0.541	0.51	0.442	0.512	0.484	0.522	0.432	0.482	0.438	0.44	0.549	0.416	0.542	0.4625714285714286	0.465	0.512	0.574	0.5313333333333332
TSs291	1	0.5933250000000001	0.0453130267664481	1	0.5956666666666667	0.624	0.604	0.574	0.548	0.666	0.494	0.538	0.626	0.602	0.637	0.664	0.5993333333333334	0.549	0.626	0.576	0.592	0.584	0.646	0.5408333333333334	0.5763333333333334
TSs157A	0	0.5603849783549782	0.06201273080476417	1	0.562	0.525	0.4665	0.5758666666666666	0.6852424242424242	0.624	0.491	0.5805666666666666	0.49999999999999994	0.548	0.588	0.5685238095238095	0.616	0.464	0.5746666666666668	0.548	0.6901515151515153	0.5301818181818181	0.508	0.558	0.566
TSs27	0	0.4520659791189202	0.05216675771117664	1	0.4575281385281385	0.452	0.466	0.48898095238095235	0.396	0.404	0.506	0.39	0.3865	0.466	0.446	0.5233333333333332	0.318	0.4557156862745098	0.472	0.5164	0.457056277056277	0.44933333333333336	0.458	0.463	0.527
TSs363	0	0.6712099310106817	0.11256299770663471	1	0.695	0.804	0.7383333333333333	0.45566666666666666	0.627909090909091	0.784	0.6021	0.6113423558897242	0.5656666666666668	0.791	0.742	0.5138452380952381	0.702	0.7050823529411764	0.87	0.676	0.5388719633307869	0.688	0.734	0.756	0.5183809523809523
TSs9	0	0.5164285767113863	0.07266737945297091	1	0.5243333333333333	0.505	0.562	0.5844	0.56	0.5	0.5514666666666667	0.43362807017543853	0.47	0.59	0.574	0.46908333333333335	0.342	0.6652156862745099	0.5156666666666667	0.5186666666666666	0.4973333333333333	0.53	0.389	0.54	0.5311111111111111
TSs151B	0	0.7602795628554453	0.13489392863934752	1	0.8029245098039216	0.884	0.8206666666666667	0.4738	0.609909090909091	0.864	0.4768666666666666	0.786	0.754	0.8363333333333334	0.878	0.712	0.8593333333333333	0.8091823529411766	0.914	0.7966666666666666	0.5144957728545964	0.8195151515151514	0.842	0.7772222222222221	0.7776000000000001
TSs133	1	0.6327750000000001	0.10934979651136081	1	0.646	0.734	0.676	0.5205	0.556	0.752	0.5161666666666668	0.5953333333333333	0.5211666666666668	0.744	0.764	0.53	0.65	0.5993333333333334	0.858	0.68	0.502	0.683	0.692	0.44	0.642
TSs155	0	0.664012597592466	0.08547130090703486	1	0.6473333333333333	0.7633333333333334	0.7673333333333333	0.6151333333333332	0.574	0.798	0.6342666666666666	0.569109022556391	0.5403333333333333	0.718	0.714	0.5637277777777777	0.618	0.744	0.821	0.648	0.5725	0.6848484848484847	0.698	0.6466666666666666	0.59
TSs209	0	0.5470006780822376	0.054675117408804826	1	0.5556666666666666	0.4913333333333333	0.5026666666666667	0.5962857142857142	0.5685757575757575	0.586	0.5895	0.5790614035087718	0.6506666666666667	0.506	0.486	0.523	0.5613333333333332	0.4053333333333334	0.504	0.5925416666666667	0.5845490196078431	0.588	0.55	0.5256666666666667	0.5495
TSs136	0	0.4321012009803922	0.054604684804826845	1	0.4286666666666667	0.34	0.452	0.5178333333333334	0.4273333333333334	0.4133333333333334	0.476	0.43	0.416	0.516	0.376	0.494	0.344	0.3869823529411765	0.412	0.423875	0.49066666666666664	0.454	0.35	0.486	0.436
TSs22A	0	0.3617482446311858	0.06403166204591793	1	0.3725	0.274	0.38211111111111107	0.4594666666666667	0.46066666666666667	0.372	0.30816666666666664	0.244	0.301	0.434	0.39	0.373	0.382	0.36343333333333333	0.414	0.2873333333333334	0.339453781512605	0.36	0.2713333333333333	0.379	0.44
TSs357	0	0.5870224532923217	0.10503257401239553	1	0.6156666666666666	0.686	0.678	0.40825238095238087	0.48390909090909096	0.72	0.532	0.46260902255639097	0.4331333333333333	0.726	0.6	0.44251190476190483	0.6313333333333333	0.6623666666666667	0.694	0.674	0.5133333333333334	0.65	0.654	0.5922222222222222	0.4967777777777777
TSs161	0	0.5820159430438843	0.06753024559831226	1	0.591	0.5526666666666668	0.5341111111111111	0.628	0.564	0.416	0.635	0.5997142857142858	0.678	0.598	0.522	0.635	0.584	0.5387156862745098	0.507	0.644	0.631	0.486	0.66	0.572	0.6551111111111111
TSs11	0	0.453802609710551	0.06764368953295835	1	0.4458888888888889	0.408	0.4511111111111111	0.5713142857142857	0.454	0.382	0.4531333333333334	0.388	0.5216666666666667	0.44066666666666665	0.396	0.533	0.426	0.5085490196078432	0.357	0.581	0.528	0.439	0.455	0.345	0.43761111111111106
TSs5A	0	0.41684979405398526	0.07842802883464679	1	0.42466666666666664	0.4746666666666666	0.42333333333333334	0.3872809523809524	0.5412424242424243	0.426	0.40486666666666665	0.4088333333333333	0.37	0.307	0.296	0.29716666666666663	0.452	0.5138823529411766	0.536	0.299875	0.5123333333333333	0.43718181818181817	0.43	0.46122222222222226	0.3581111111111111
TSs131	0	0.570326889695272	0.04407992714575271	1	0.5641499999999999	0.615	0.591	0.5662999999999999	0.59	0.554	0.5303333333333333	0.4991142857142857	0.553	0.562	0.608	0.6576166666666666	0.558	0.5496490196078431	0.542	0.524	0.6421204481792716	0.4855151515151515	0.5793333333333333	0.5945555555555556	0.605
TSs294	0	0.5430618195388202	0.05112533079443157	1	0.544	0.5471666666666666	0.458	0.5832857142857142	0.5772424242424242	0.484	0.6474	0.5945614035087718	0.5983333333333333	0.526	0.504	0.5098452380952382	0.548	0.5355490196078431	0.455	0.571875	0.4843109243697479	0.61	0.543	0.5386666666666667	0.545
TSs378	0	0.32812142496392493	0.04206421881858858	1	0.3290281385281385	0.372	0.2827777777777778	0.38626666666666665	0.286	0.324	0.33276666666666666	0.262	0.33166666666666667	0.31466666666666665	0.282	0.33895	0.282	0.3726666666666667	0.334	0.338	0.32638961038961034	0.392	0.41	0.2786666666666666	0.31561111111111106
TSs336	0	0.4415574380358205	0.040355302375939116	1	0.4427777777777778	0.514	0.4127777777777778	0.4386666666666667	0.488	0.432	0.5116	0.452	0.396	0.378	0.386	0.45411666666666667	0.464	0.4260490196078431	0.458	0.424	0.46093862999745344	0.374	0.43	0.4468888888888889	0.4841111111111111
TSs111	0	0.5385996894363807	0.07383928963217727	1	0.5378000000000001	0.68	0.5932222222222222	0.4657333333333333	0.456	0.638	0.48056666666666664	0.486	0.458	0.6056666666666666	0.54	0.43708492063492066	0.57	0.5356000000000001	0.66	0.5425416666666667	0.46730053475935823	0.5613333333333334	0.602	0.53	0.4629444444444444
TSs56	0	0.5155472222222224	0.06700630413399329	1	0.528	0.49	0.384	0.6283333333333334	0.5573333333333332	0.544	0.485	0.4801666666666667	0.468	0.5446666666666667	0.594	0.5421111111111111	0.42	0.4746666666666666	0.514	0.432	0.5663333333333332	0.461	0.542	0.5453333333333332	0.638
TSs3A	0	0.4181314425546933	0.046233848330774534	1	0.427	0.43	0.456	0.45	0.48790909090909096	0.43	0.44489999999999996	0.38789473684210524	0.35466666666666663	0.382	0.462	0.42260000000000003	0.446	0.3826490196078431	0.4526666666666666	0.424	0.39660529666412014	0.3511818181818182	0.329	0.37588888888888894	0.4966666666666667
TSs95	0	0.530227323232323	0.062475592022710934	1	0.543	0.44566666666666666	0.4578333333333333	0.472	0.6032424242424242	0.546	0.5796	0.5815	0.5506666666666666	0.412	0.54	0.5749666666666667	0.598	0.522	0.474	0.472	0.626	0.4641818181818182	0.524	0.5538888888888889	0.607
TSs2	0	0.43843128787878793	0.08316725780132439	1	0.4242222222222222	0.343	0.5001111111111111	0.5074666666666667	0.531909090909091	0.434	0.3615	0.3045	0.488	0.458	0.526	0.4216944444444445	0.392	0.546	0.626	0.425	0.334	0.37733333333333335	0.368	0.4006666666666666	0.42344444444444446
TSs44C	0	0.47959030451574575	0.04584673825829878	1	0.4765	0.475	0.4528888888888889	0.499	0.494	0.52	0.5176000000000001	0.44666666666666666	0.5196000000000001	0.568	0.462	0.4526833333333333	0.448	0.542	0.541	0.44	0.4270338680926916	0.49333333333333335	0.478	0.39288888888888884	0.4221111111111111
TSs201	0	0.4757236145901743	0.058331715101597924	1	0.47783333333333333	0.43466666666666665	0.4866666666666667	0.5960857142857143	0.43824242424242427	0.397	0.497047619047619	0.42589473684210527	0.526	0.552	0.416	0.47244444444444444	0.418	0.5298823529411765	0.366	0.5612083333333334	0.486	0.48133333333333334	0.47433333333333333	0.4696666666666667	0.486
TSs217	0	0.6094631892230576	0.06649344566184687	1	0.6105833333333334	0.6191666666666668	0.5496666666666666	0.6255190476190475	0.576	0.704	0.5474	0.49122807017543857	0.5691333333333334	0.602	0.644	0.5564166666666667	0.658	0.5066666666666667	0.7096666666666668	0.622	0.5664	0.724	0.684	0.58	0.654
TSs168	0	0.4759841124256721	0.0682373449759735	1	0.473	0.516	0.558	0.4845333333333333	0.464	0.538	0.5011666666666666	0.46110902255639097	0.4473333333333333	0.494	0.56	0.4532777777777778	0.482	0.4141	0.648	0.395875	0.35545378151260504	0.486	0.444	0.378	0.43883333333333335
TSs98	1	0.6030965943881541	0.0612621326031327	1	0.6120284090909092	0.5565	0.4693333333333333	0.5670666666666666	0.647909090909091	0.644	0.6969	0.6578947368421052	0.6446666666666667	0.568	0.554	0.6506666666666666	0.558	0.5315490196078431	0.512	0.6025416666666668	0.6705	0.6215151515151515	0.63	0.5998888888888889	0.679
TSs116	0	0.5631832482386894	0.07391272489338706	1	0.577811111111111	0.602	0.5933333333333333	0.542	0.6446666666666666	0.62	0.6067666666666667	0.6491666666666668	0.5705	0.409	0.626	0.46324047619047615	0.63	0.4579490196078432	0.666	0.5186666666666667	0.5305714285714286	0.5301818181818181	0.448	0.5838888888888889	0.5717333333333332
TSs53	1	0.4120924242424242	0.07550615087059737	1	0.4194242424242424	0.434	0.274	0.516	0.504	0.324	0.448	0.39	0.314	0.522	0.36	0.492	0.332	0.472	0.391	0.362	0.442	0.42618181818181816	0.326	0.4126666666666667	0.5
TSs63A	0	0.40279444561157796	0.049628513385527255	1	0.3993333333333333	0.408	0.398	0.519	0.356	0.338	0.4393666666666667	0.372	0.40066666666666667	0.44	0.344	0.373	0.358	0.4997490196078431	0.338	0.434875	0.41245378151260503	0.392	0.424	0.3766666666666667	0.4321111111111111
TSs158	1	0.5515583333333332	0.0585417398700922	1	0.5566666666666666	0.576	0.502	0.595	0.532	0.5493333333333332	0.53	0.5313333333333333	0.564	0.643	0.52	0.6015	0.486	0.576	0.607	0.598	0.58	0.626	0.54	0.482	0.392
TSs269	0	0.4109229055258467	0.055012785404247345	1	0.4183833333333333	0.3506666666666666	0.37533333333333335	0.45983333333333337	0.48190909090909095	0.468	0.42176666666666657	0.474	0.4618333333333333	0.344	0.412	0.3098333333333333	0.428	0.45	0.42333333333333334	0.387	0.38628235294117647	0.304	0.415	0.383	0.4826666666666667
TSs317	0	0.405708524720893	0.05144572122536792	1	0.4088333333333333	0.366	0.367	0.44480000000000003	0.43790909090909086	0.368	0.43439999999999995	0.48006140350877197	0.399	0.312	0.42	0.381	0.446	0.3826666666666667	0.388	0.41866666666666663	0.499	0.342	0.328	0.419	0.4806666666666667
TSs49A	0	0.508807380952381	0.06726715665265613	1	0.4862575757575758	0.491	0.457	0.4725	0.474	0.608	0.4653333333333333	0.444547619047619	0.4843333333333334	0.637	0.614	0.5241666666666667	0.442	0.4541	0.646	0.509	0.46915151515151515	0.48818181818181816	0.5633333333333332	0.44	0.4925
TSs417	1	0.44316666666666676	0.05875636086008448	1	0.436	0.514	0.416	0.51	0.388	0.344	0.488	0.4483333333333333	0.446	0.384	0.422	0.445	0.436	0.534	0.434	0.482	0.366	0.436	0.568	0.428	0.374
TSs195	0	0.4341210999702911	0.06204535988245212	1	0.4216212121212121	0.462	0.3562222222222222	0.497	0.42724242424242426	0.416	0.48556666666666665	0.41383333333333333	0.344	0.51	0.576	0.38993333333333335	0.372	0.4446823529411765	0.514	0.385875	0.38239999999999996	0.466	0.368	0.4026666666666666	0.469
TSs371	1	0.5330988095238096	0.05108273576274399	1	0.5495000000000001	0.536	0.392	0.562142857142857	0.566	0.552	0.548	0.496	0.5755	0.48	0.466	0.551	0.562	0.52	0.488	0.544	0.5993333333333333	0.58	0.588	0.486	0.57
TSs23	0	0.4297904773576097	0.05517211580679427	1	0.43926200980392155	0.38016666666666665	0.468	0.4997142857142857	0.406	0.32	0.4638	0.452	0.506	0.478	0.384	0.5311666666666668	0.378	0.4466490196078431	0.34	0.431875	0.4495490196078431	0.45066666666666666	0.4	0.39322222222222225	0.417
TSs51	0	0.4139224491766404	0.07346730176670668	1	0.4126666666666666	0.30066666666666664	0.3327777777777778	0.4644	0.4959090909090909	0.326	0.5356000000000001	0.454	0.444	0.33866666666666667	0.342	0.473	0.392	0.3956490196078431	0.32	0.443875	0.5505714285714286	0.373	0.426	0.3993333333333333	0.471
TSs59B	0	0.40199210317460327	0.07802539215443516	1	0.4081666666666666	0.374	0.3996666666666666	0.5046666666666667	0.446	0.366	0.3905	0.3103809523809524	0.32513333333333333	0.548	0.42	0.42595	0.218	0.5481	0.347	0.428	0.4283333333333333	0.3533333333333334	0.362	0.41666666666666663	0.4281111111111111
TSs365	0	0.6236773826276922	0.08145510997688918	1	0.596	0.733	0.6853333333333332	0.44327619047619055	0.59	0.688	0.635	0.5652756892230577	0.5744	0.72	0.69	0.5874285714285713	0.644	0.5717000000000001	0.776	0.5706666666666667	0.579867201426025	0.718	0.602	0.56	0.5396
TSs224	0	0.43598686624649857	0.04576269548107288	1	0.4465	0.468	0.46	0.4291142857142857	0.452	0.488	0.47140000000000004	0.4528333333333333	0.39	0.37933333333333336	0.456	0.41375	0.452	0.4278823529411765	0.474	0.371875	0.4228823529411765	0.5243333333333333	0.441	0.4252222222222222	0.32011111111111107
TSs325	0	0.4071995343137254	0.07277079648317471	1	0.4255	0.364	0.2787777777777778	0.5546666666666668	0.446	0.312	0.5097333333333334	0.432	0.4713333333333333	0.338	0.316	0.3965	0.44	0.45254901960784316	0.299	0.445875	0.438	0.3713333333333333	0.419	0.39988888888888885	0.4593333333333333
TSs119A	0	0.41331722519310754	0.047365251173415814	1	0.41709090909090907	0.384	0.33	0.416	0.4139090909090909	0.33	0.5136666666666667	0.502	0.438	0.426	0.388	0.45266666666666666	0.348	0.43521568627450985	0.408	0.42	0.4278823529411765	0.4181818181818182	0.391	0.38522222222222224	0.43860000000000005
TSs166	1	0.5448892857142857	0.07122432380114886	1	0.548	0.544	0.482	0.49061904761904757	0.672	0.558	0.5183333333333333	0.5576666666666668	0.4921666666666667	0.492	0.616	0.465	0.642	0.45866666666666667	0.61	0.4473333333333333	0.616	0.452	0.596	0.552	0.636
TSs297	0	0.5616157229861642	0.06704384403780612	1	0.55	0.516	0.638	0.528	0.6522424242424243	0.64	0.4857142857142857	0.5174476190476192	0.5333333333333332	0.558	0.648	0.4631166666666667	0.612	0.5040666666666667	0.682	0.471	0.6106156862745098	0.542	0.568	0.492	0.5707777777777777
TSs338	0	0.4572878168236992	0.05044543707480494	1	0.4535	0.444	0.3807777777777777	0.4806666666666667	0.5482424242424242	0.454	0.5016666666666667	0.5150666666666666	0.453	0.394	0.416	0.3907333333333333	0.374	0.5233156862745098	0.506	0.494	0.47378711484593833	0.419	0.448	0.4878888888888889	0.44161111111111107
TSs293	0	0.40764800704412546	0.04088894312096003	1	0.4075	0.328	0.43622222222222223	0.4364	0.42266666666666663	0.39	0.4434666666666667	0.34856140350877196	0.3893333333333333	0.3846666666666666	0.402	0.41995	0.436	0.428	0.374	0.379875	0.45348484848484844	0.3633333333333334	0.413	0.396	0.508
TSs24	0	0.5501084541847042	0.06109184843251736	1	0.5654666666666667	0.606	0.6092222222222222	0.5716666666666667	0.609909090909091	0.59	0.5669333333333334	0.5732142857142858	0.5565	0.474	0.564	0.522	0.608	0.43	0.5726666666666668	0.549875	0.656	0.4581818181818182	0.458	0.4826666666666667	0.5433333333333332
TSs334	0	0.4303192711558307	0.07858426542978843	1	0.42866666666666664	0.37866666666666665	0.38066666666666665	0.648	0.376	0.31933333333333336	0.42606666666666665	0.45989473684210525	0.438	0.492	0.402	0.429	0.39	0.47954901960784313	0.257	0.513875	0.464	0.4303333333333333	0.422	0.42833333333333334	0.4716666666666667
TSs1A	0	0.37956980687011643	0.056739196166228266	1	0.38249999999999995	0.384	0.4096666666666666	0.4492857142857143	0.44	0.492	0.38099999999999995	0.2573947368421053	0.3246666666666666	0.44	0.43	0.365	0.314	0.36504901960784314	0.392	0.376	0.316	0.38933333333333336	0.306	0.364	0.396
TSs266	0	0.4800020616883117	0.05917963614905731	1	0.49573333333333336	0.4646666666666666	0.35	0.5642666666666667	0.47124242424242424	0.49	0.5014666666666667	0.506	0.51	0.548	0.392	0.44866666666666666	0.432	0.536	0.394	0.513875	0.5748571428571428	0.443	0.448	0.508888888888889	0.5031111111111111
TSs277	0	0.4617818685584282	0.04255254925619088	1	0.4612166666666666	0.398	0.47933333333333333	0.434	0.48990909090909096	0.494	0.434	0.4357280701754386	0.39514285714285713	0.512	0.562	0.475	0.484	0.4474333333333333	0.482	0.4472083333333334	0.4833672014260249	0.4415151515151516	0.502	0.446	0.393
TSs60B	0	0.43662543650793656	0.06637661031370573	1	0.42633333333333334	0.42	0.42033333333333334	0.533	0.488	0.416	0.39571428571428574	0.358	0.4016666666666666	0.54	0.41	0.4799166666666666	0.422	0.5287666666666666	0.305	0.52	0.462	0.4523333333333333	0.316	0.43066666666666664	0.4331111111111111
TSs303	0	0.52412226010101	0.06353573926615062	1	0.5231333333333332	0.5233333333333332	0.497	0.5229333333333334	0.6632424242424243	0.482	0.5579333333333334	0.5898333333333333	0.5006666666666667	0.428	0.542	0.57575	0.624	0.3961	0.572	0.469875	0.532	0.487	0.4723333333333333	0.5023333333333333	0.5441111111111111
TSs120	0	0.4720918142560054	0.06198609405805222	1	0.4555	0.454	0.4132222222222222	0.5917142857142857	0.4999090909090909	0.454	0.5732333333333334	0.5566666666666666	0.5006666666666667	0.454	0.352	0.474	0.456	0.4525490196078431	0.356	0.5045416666666667	0.536	0.462	0.45333333333333337	0.455	0.443
TSs132	1	0.44593790210821166	0.052672728145545404	1	0.44366666666666665	0.3873333333333333	0.4191111111111111	0.49778095238095244	0.448	0.374	0.5123333333333334	0.47856140350877197	0.499	0.38666666666666666	0.412	0.5225333333333333	0.518	0.4138823529411765	0.388	0.43933333333333335	0.5183333333333333	0.459	0.37	0.4158888888888889	0.459
TSs78	1	0.5854916666666666	0.05341472613274599	1	0.582	0.534	0.618	0.5785	0.554	0.582	0.582	0.5446666666666666	0.646	0.606	0.582	0.6526666666666667	0.54	0.56	0.554	0.6386666666666666	0.687	0.588	0.661	0.534	0.4673333333333334
TSs61	0	0.4401004866946779	0.04749547971094437	1	0.43033333333333335	0.42866666666666664	0.44466666666666665	0.42655238095238096	0.404	0.482	0.41233333333333333	0.456	0.55	0.4066666666666666	0.368	0.4095333333333333	0.432	0.512549019607843	0.37666666666666665	0.531875	0.44166666666666665	0.4423333333333333	0.424	0.445	0.4075
TSs60	0	0.5458132521645022	0.07568792393535156	1	0.5367500000000001	0.541	0.4941666666666667	0.6246666666666667	0.728909090909091	0.618	0.5193333333333332	0.4817142857142857	0.4443333333333333	0.614	0.596	0.5325	0.452	0.6291	0.5136666666666667	0.515875	0.5818181818181818	0.4821818181818182	0.423	0.57	0.554
TSs274	1	0.5414333333333334	0.049084495711968414	1	0.5528333333333334	0.55	0.474	0.45366666666666666	0.6	0.578	0.612	0.588	0.5573333333333333	0.466	0.528	0.6026666666666667	0.6	0.514	0.482	0.502	0.5673333333333332	0.518	0.518	0.562	0.5556666666666668
TSs10A	0	0.49542533897689867	0.0517238743776252	1	0.492239156268568	0.501	0.41716666666666663	0.5518	0.628	0.564	0.48706666666666665	0.464009022556391	0.4740333333333333	0.532	0.522	0.4967777777777778	0.466	0.5323	0.4746666666666666	0.4585416666666667	0.49070053475935826	0.41	0.432	0.5126666666666666	0.49377777777777776
TSs96	0	0.4343336257309942	0.06029441804942659	1	0.4425	0.358	0.45	0.437	0.384	0.328	0.486	0.41589473684210526	0.514	0.418	0.342	0.541	0.45	0.448	0.374	0.396	0.516	0.3953333333333333	0.4863333333333334	0.466	0.4811111111111111
TSs282	0	0.6493036688311689	0.08816093388226194	1	0.6493424242424243	0.693	0.6236666666666667	0.693	0.767909090909091	0.782	0.5671	0.5296142857142857	0.5296666666666666	0.754	0.772	0.6159166666666667	0.544	0.6652	0.7656666666666667	0.5626666666666666	0.6334848484848485	0.5641818181818181	0.564	0.682	0.677
TSs56A	0	0.5861471766816775	0.051769351833556305	1	0.5951911764705882	0.602	0.565	0.5454000000000001	0.507909090909091	0.451	0.5945	0.5978947368421053	0.6373333333333333	0.594	0.612	0.662	0.598	0.6263156862745097	0.6046666666666668	0.591875	0.5958823529411764	0.504	0.662	0.5938888888888889	0.5772777777777778
TSs296	0	0.39791893217893215	0.06564015923191356	1	0.3895833333333333	0.285	0.462	0.537952380952381	0.436	0.349	0.39663333333333334	0.33	0.365	0.45	0.532	0.35394444444444445	0.376	0.4171666666666667	0.429	0.422	0.346	0.3815151515151516	0.31	0.39055555555555554	0.3886111111111111
TSs33	0	0.46762607671138634	0.07266656183821162	1	0.4782222222222222	0.37666666666666665	0.4951111111111111	0.6192857142857142	0.398	0.38533333333333336	0.4983	0.365609022556391	0.5003333333333334	0.5186666666666667	0.402	0.53	0.398	0.5018823529411766	0.4	0.569	0.502	0.4613333333333334	0.432	0.436	0.563
TSs311	1	0.5815898319327731	0.05861300213047991	1	0.589	0.522	0.586	0.592	0.54	0.61	0.5603809523809523	0.4855	0.6105	0.682	0.552	0.6307999999999999	0.526	0.6036156862745098	0.494	0.662	0.696	0.54	0.603	0.538	0.598
TSs68	1	0.40710753968253977	0.0840736913085285	1	0.39	0.488	0.428	0.476	0.544	0.45	0.31488888888888894	0.3066666666666667	0.298	0.546	0.57	0.3607619047619048	0.342	0.432	0.424	0.315	0.3593333333333334	0.328	0.388	0.392	0.3795
TSs104	0	0.4986830857725867	0.06932031438399343	1	0.487	0.418	0.3881666666666666	0.6113142857142857	0.46390909090909094	0.46	0.525	0.5402756892230576	0.434	0.478	0.456	0.5892000000000001	0.446	0.5706490196078432	0.384	0.5805416666666667	0.5739386299974535	0.4766666666666667	0.505	0.496	0.577
TSs58	0	0.46166548327704293	0.06961464592402952	1	0.4685	0.4133333333333334	0.354	0.5156000000000001	0.37590909090909086	0.361	0.4966333333333333	0.4358947368421053	0.5173333333333333	0.516	0.444	0.546	0.376	0.5038823529411764	0.3486666666666666	0.536875	0.562	0.4631818181818182	0.466	0.53	0.471
TSs358	1	0.4387954545454546	0.23074566962261017	1	0.523	0.704	0.574	0.064	0.611909090909091	0.652	0.182	0.23	0.2	0.472	0.69	0.096	0.568	0.54	0.788	0.426	0.154	0.55	0.614	0.506	0.154
TSs82	0	0.45316616999830234	0.08016240797330056	1	0.4575	0.3415	0.32011111111111107	0.5195523809523809	0.36790909090909085	0.378	0.45	0.46	0.4685	0.474	0.338	0.5994444444444444	0.422	0.4758823529411765	0.394	0.5645416666666667	0.5718823529411765	0.441	0.49	0.455	0.532
TSs15	1	0.5157276190476191	0.09445347407590553	1	0.532	0.51	0.31	0.620552380952381	0.572	0.374	0.564	0.491	0.574	0.526	0.446	0.682	0.492	0.548	0.335	0.54	0.594	0.46	0.538	0.526	0.612
TSs3	0	0.4288875898692811	0.06049103837595057	1	0.42333333333333334	0.478	0.378	0.506	0.502	0.486	0.4738666666666667	0.304	0.387	0.43466666666666665	0.398	0.46158333333333335	0.412	0.37510000000000004	0.381	0.400875	0.5117005347593583	0.36151515151515157	0.3653333333333333	0.508	0.4531111111111111
TSs4	0	0.39040468241124204	0.07868121094045359	1	0.3816833333333334	0.305	0.3547777777777777	0.5072142857142857	0.4159090909090909	0.4	0.36336666666666667	0.29029473684210527	0.3076333333333333	0.574	0.412	0.40344444444444444	0.296	0.43476666666666663	0.328	0.41054166666666664	0.4457005347593583	0.5253333333333333	0.348	0.3435	0.3426111111111111
TSs331	0	0.5426001475893387	0.04886847827654133	1	0.5483333333333333	0.496	0.5274444444444444	0.5757142857142857	0.622909090909091	0.6	0.5839666666666667	0.566	0.5506666666666667	0.494	0.566	0.47933333333333333	0.642	0.516	0.5086666666666667	0.475875	0.5561490196078431	0.546	0.518	0.4676666666666666	0.5596111111111111
TSs314B	0	0.48623084893048124	0.06350655622549899	1	0.48370506535947716	0.5576666666666668	0.5193333333333334	0.575	0.4119090909090909	0.458	0.49	0.46	0.44033333333333335	0.568	0.508	0.4821944444444445	0.342	0.48521568627450984	0.45566666666666666	0.511875	0.46636720142602495	0.398	0.455	0.5880555555555556	0.552
TSs333	0	0.39553461206492174	0.05748299139399549	1	0.39	0.326	0.31333333333333335	0.449	0.376	0.286	0.4074	0.3678947368421053	0.3853333333333333	0.46	0.394	0.502	0.458	0.37754901960784315	0.33	0.42133333333333334	0.485	0.3605151515151515	0.3993333333333334	0.386	0.426
TSs7	0	0.3660285509506834	0.07941627823118039	1	0.36693333333333333	0.2366666666666667	0.3341111111111111	0.5024000000000001	0.38190909090909086	0.29	0.3738666666666667	0.306	0.358	0.426	0.278	0.38864444444444446	0.292	0.46054901960784317	0.3	0.467875	0.2512156862745098	0.43933333333333335	0.36	0.392	0.482
TSs38	0	0.6478237932900435	0.07912970687759967	1	0.643	0.6385	0.666	0.6266190476190477	0.612	0.812	0.644	0.726	0.6684666666666667	0.642	0.678	0.58	0.686	0.5411666666666666	0.786	0.519875	0.524	0.5755151515151515	0.742	0.6468333333333333	0.6415
TSs10	1	0.4701500000000001	0.041254377758130435	1	0.466	0.47	0.424	0.5	0.506	0.56	0.468	0.446	0.421	0.426	0.46	0.52	0.512	0.464	0.524	0.428	0.44	0.472	0.506	0.418	0.438
TSs48	0	0.47778291666666667	0.04379463351489397	1	0.4838571428571429	0.422	0.498	0.533452380952381	0.484	0.538	0.527	0.4837142857142857	0.4766666666666667	0.4066666666666667	0.494	0.44895	0.52	0.428	0.536	0.459875	0.49	0.48	0.414	0.41	0.5053333333333333
