ID	ID	Class	Mean	stdev	Predicted_0.19	Median	score_0	score_1	score_2	score_3	score_4	score_5	score_6	score_7	score_8	score_9	score_10	score_11	score_12	score_13	score_14	score_15	score_16	score_17	score_18	score_19
TSs156A	1	0.8233190312970755	0.1954128377431097	1	0.9078217204390489	0.9139576335126632	0.945268414588177	0.8556257741265874	0.9617352975422221	0.9754905333221346	0.6294416706344361	0.9867837666351154	0.9409959050245945	0.8526717174446614	0.9792856734891373	0.928567617134918	0.6924480094672703	0.9684582805611495	0.43746630528952507	0.2775282243354492	0.95416312555727	0.8016943691919826	0.9016858073654344	0.8293760841230355	0.6337364165957439
TSs361	0	0.9240761084977152	0.12784019747150804	1	0.9844184257139231	0.9749275394823673	0.9824794606088074	0.9803572336038441	0.9955321462286385	0.9966524810824464	0.9883969131512772	0.9790691523172392	0.9937365698902602	0.993919184715167	0.6871902687557347	0.9933825365467701	0.6724421786917855	0.9867221555689466	0.9708412381409662	0.9899268419381377	0.9928392956658721	0.6657761167084683	0.9863573908190388	0.9748818465727312	0.6760916194658061
TSs368	0	0.4220957813417107	0.2878513076547209	1	0.4172349243298701	0.17024498529540527	0.6396165393616856	0.07390300627680703	0.7844845034362706	0.04798098371004518	0.5242692865180738	0.6993343287716928	0.07045098383864111	0.25565980881143663	0.7636405814398929	0.18703405095331246	0.9423172182653604	0.1941496631606452	0.44304153249697054	0.48656985522887225	0.3914283161627697	0.7208164583357766	0.17574007831883526	0.13390482234412096	0.7373286241076005
TSs49	0	0.020454554798413037	0.03159384463631487	0	0.007790112042349095	0.001981609805602659	0.0027140040139571227	0.07504827952674212	0.0015329800817432838	0.019051838461857228	0.030014402959074836	0.001395700264525092	0.006294349450254375	0.0022887626048799263	0.0009573989687328125	0.011225537416143922	0.0060457417031523925	0.091439224676766	0.01583965880541135	0.011973878073152623	0.008102673744518823	0.0012694391342426353	0.10613938587540032	0.007477550340179368	0.008298680061923738
TSs138B	0	0.8020010632683068	0.19062352773995667	1	0.8887219689175452	0.9364248942997652	0.8616349861878035	0.6338921791964388	0.9547618363170145	0.9466564455412149	0.8974373542147396	0.9016764649469021	0.9173609472637779	0.8800065836203507	0.8174250685682222	0.9320039835840973	0.5314894101525095	0.7418984974973367	0.45881047532808156	0.8002423557660745	0.740408651299495	0.9572102774946836	0.9584429377138041	0.269458679998181	0.9027792363756421
TSs22B	0	0.14772012321451725	0.1062124881963195	0	0.12067741609992008	0.057642163420021736	0.27038437235068824	0.3251981584956975	0.01829417421632537	0.26917400687362686	0.1264808038649744	0.2752151369536776	0.13133018394629375	0.028526725677307477	0.12820234830181082	0.06057063147013986	0.08544992787082259	0.30431248726088983	0.323858251815155	0.08649025004747284	0.0312096977162928	0.0994045838144643	0.11487402833486576	0.16295816357005388	0.0548263682897643
TSs287	0	0.5602788094146829	0.20097266206471848	1	0.5676616327543695	0.3738633665259355	0.6344735289018393	0.5948926537042261	0.6942126555641124	0.4107551398127988	0.2446309330498856	0.7834131919617562	0.29902833501066434	0.5134752267133686	0.7958224118788285	0.3203730027073039	0.8798022068188002	0.7859576373419476	0.4027555087027041	0.6887878713287329	0.5404306118045131	0.7233673698102416	0.24876142060161088	0.5279415902111761	0.742831525843213
TSs383	0	0.9455780779844158	0.03578226838350236	1	0.9513982589039921	0.9548224713642495	0.8946417983170549	0.9509732487628023	0.9859647096073055	0.943421086162317	0.842787971372334	0.9826539852654701	0.9677014767013549	0.981915348615695	0.9165694985116996	0.934834206351874	0.9671089676100971	0.9602954798008005	0.9081069070602157	0.9207417370252836	0.9394218319256743	0.9880946542256542	0.9479570531207068	0.9518232690451819	0.9717258588425448
TSs314A	0	0.25277518143578426	0.1999616852812163	1	0.210935245368489	0.01772862959163727	0.13593837437622264	0.3779528956456691	0.09278891212207761	0.3711979519252563	0.04117456657215466	0.41815505447688833	0.05610322765124281	0.1992706846625622	0.22495859475577956	0.16219713882587042	0.2225998060744158	0.7091303858886623	0.38159496814478705	0.6955814002270407	0.3721992138727147	0.16450786771256912	0.07912674488049244	0.2761724794441332	0.057124731865509336
TSs30	1	0.5774403514337453	0.19069444278766803	1	0.6334024715967195	0.6091806975741954	0.17429005317623286	0.539518414998472	0.32757910758389397	0.7428333622707791	0.7248861687701478	0.7155698870367075	0.45493006786106294	0.3318991845858656	0.6524207615776232	0.4424244310905228	0.7130987193171898	0.6143841816158156	0.8201306338819285	0.7168222421913577	0.5363455621926491	0.7405335074000033	0.22815535033323042	0.7386891133245254	0.7251155818927031
TSs291	1	0.7559708810073213	0.1374520179116552	1	0.8071274533486202	0.5876833182808606	0.8663607259309182	0.9052006876846587	0.7026259479155647	0.9094676251377841	0.6225101600010972	0.9435574517147324	0.7939670662226888	0.8202878404745517	0.6200230905166071	0.6383322367499487	0.5974318614174494	0.8270547474114454	0.6101126355968817	0.8976536576651317	0.7238730839298049	0.48290112897620124	0.8278598168977335	0.8711442783873674	0.871370259235001
TSs157A	0	0.7279393875704043	0.3174644799875365	1	0.8912556548992439	0.9466575697711452	0.870774532240283	0.10696750671015492	0.9296213359603283	0.12354871671209018	0.10032341655264458	0.9883318527687387	0.4180067539194547	0.6934861705061572	0.8436159711324231	0.9293300634812546	0.9586577341940841	0.7536470434471001	0.9431032599088938	0.8806741369594325	0.9018371728390553	0.9386103058051986	0.3417773554820609	0.92515746110498	0.9646593919126065
TSs27	0	0.6257222878795717	0.17232649849809753	1	0.6267811090577473	0.6386928421755801	0.6223174075410557	0.7936175984086982	0.27351964581926047	0.6312448105744389	0.6765668358471495	0.8613044893898694	0.5738780425687134	0.4321239913549707	0.5097234649528798	0.5969713573867446	0.8306865446245605	0.8814214923016982	0.7582486477611899	0.7463909588720482	0.5223311710319799	0.8079628078213515	0.41631804394823263	0.5797290805328463	0.36139652467816863
TSs363	0	0.8882481895843239	0.1825485740110727	1	0.94790925553693	0.9739681743188128	0.9959764223815265	0.9432219959531212	0.9296742958708725	0.9959221982315687	0.9402127734172955	0.9848336760043406	0.9787842911217582	0.9202724315959467	0.9525965151207388	0.9854713255692903	0.29376748443494755	0.9231437455568502	0.47955540489895804	0.9828624546585192	0.9596781362030977	0.9315014930427115	0.9751715980603487	0.7572838654783441	0.8610655097674315
TSs9	0	0.7614295230970429	0.16618131941924616	1	0.8264484576153974	0.6514865250154426	0.9058845698876107	0.42458117315170324	0.6260447925674405	0.5206573916151542	0.9020865482543653	0.9106694459863154	0.8348798383264777	0.8578782141721351	0.818017076904317	0.8969994567787589	0.876007895965076	0.6511614117335333	0.9412154526417689	0.7529546146153095	0.5351340114093086	0.9159640032535159	0.5039094085888047	0.916049914126109	0.7870087169477109
TSs151B	0	0.8958902566944333	0.18396000962842024	1	0.983038588767854	0.9754451074964098	0.9805665838662383	0.9793429673803133	0.5524820027636507	0.9961219251873138	0.9893608519080602	0.9784933649378735	0.9926329085187957	0.5218889043057197	0.9952942747574446	0.9922557560082277	0.5287130302231485	0.9855105936694697	0.967971427211215	0.9889269715759914	0.9928677534388334	0.9932169298530874	0.9861124746093275	0.9725423240509706	0.548058982126577
TSs133	1	0.8303358943232805	0.11247779847800944	1	0.8226328752698309	0.8129458195232727	0.9447039303525966	0.9754508687930414	0.9229962105152106	0.9744596034058245	0.8858531178474838	0.7613029063609855	0.958955507417993	0.6111484074440123	0.832319931016389	0.8058847812390245	0.6557299932893534	0.8027186665854475	0.7329705288403235	0.9058642239114303	0.8062120662059324	0.9265800382785889	0.7843724595604378	0.6242357952749797	0.8820130306032825
TSs155	0	0.8294339613193605	0.16342372816819836	1	0.8621965121192363	0.8149879507271229	0.9480464144235192	0.8544831780600667	0.6670867794102386	0.9893891298545315	0.3063493727429003	0.9837017015315871	0.941989527590666	0.8470093810730929	0.9362734556150164	0.9517020347020013	0.6532943619776485	0.8374972913488573	0.7453383540699103	0.8478560541896899	0.8921093269058527	0.8699098461784059	0.6343915679246271	0.9358465605127672	0.9314169375487098
TSs209	0	0.54950489988534	0.23449131073783944	1	0.5579524089737713	0.3776750852467393	0.3899263685562352	0.4785080322818758	0.7756434764882876	0.6482949954441393	0.08693076310422897	0.5874514958567876	0.1532745815298906	0.43391309909979386	0.3924876720881997	0.41282822659251617	0.8345099122704126	0.9520847023059986	0.6132538035137132	0.7961728508451629	0.6203810707667553	0.5284533220907549	0.3212208236290136	0.8635460173865795	0.7235416986097165
TSs136	0	0.18808539293519283	0.14722447013849863	0	0.16167413126461827	0.10187136085461293	0.252220117697428	0.04747410800838284	0.17446069833107603	0.06537101576027357	0.029832041728904624	0.48100641091091195	0.2442159421048068	0.10609809441065282	0.22894565870545044	0.25435652415294274	0.5414231583832233	0.0936152434524652	0.07492908865482022	0.0415118390834681	0.18340787060375233	0.2235194666342412	0.14888756419816054	0.056319293789069344	0.4122423612392139
TSs22A	0	0.104575202165971	0.13467239754328217	0	0.04329011510025267	0.0023452872267933278	0.0894648226418406	0.2896449341610147	0.0017193951725431233	0.04483807068286362	0.24305865336472063	0.010801099552621799	0.06487093839538477	0.014628769955202922	0.013871319441751585	0.0489756097764538	0.12321237217886044	0.3942155120676173	0.43065654773060497	0.02443271151715579	0.009303539276511556	0.016360739812875356	0.21011457531806838	0.04174215951764173	0.017246985528893654
TSs357	0	0.868800622479133	0.15574090225635306	1	0.9357808203483777	0.9702798452385692	0.962111833583198	0.9414572139158986	0.8058109588167504	0.9301044267808569	0.9516475140332967	0.9680678841302283	0.978031806884676	0.9621819076998264	0.7517337356880498	0.9298262658322858	0.40845561436521766	0.9126236987664217	0.9534953695457989	0.9597312932950669	0.9706908507774165	0.6256007887889872	0.8921651191821229	0.9041867771776313	0.5978095450803617
TSs161	0	0.8285712270688169	0.16848303753937213	1	0.8954090680563036	0.9393850570027914	0.9585362352142325	0.8771783907869122	0.8464094614166693	0.962322505378588	0.4135140578813605	0.9138880084557346	0.7499815491232661	0.9154758477301527	0.9063447905204493	0.6626821382976573	0.8433865152601545	0.991317589092492	0.6273626206627455	0.9396807932905608	0.926843934701511	0.44486087681436765	0.7914716386026553	0.9763091855518784	0.8844733455921578
TSs11	0	0.36442077120384586	0.20021486939403266	1	0.3658997093204602	0.15763568816385698	0.41528157639411667	0.35234947615414297	0.5524607374049247	0.32729274006641984	0.15726518387182317	0.4859060778088699	0.1687892794424032	0.5047588606865837	0.3891446722626003	0.08149771145130325	0.5484225595881408	0.8265900566612215	0.5378195185913384	0.3794499424867774	0.21311073431645322	0.0932075952273965	0.14623345053550607	0.6108398956723523	0.34035966729068395
TSs5A	0	0.30874420932609026	0.15933438283741325	1	0.23962369281673024	0.17994692518921296	0.19794360428332547	0.4063837561713682	0.6291408551763938	0.4935511474725663	0.5013129813793874	0.23465928230807534	0.16733805943455868	0.1928692629194961	0.283205259027207	0.5377313289051145	0.2422509165645999	0.33851417261120437	0.18492291552073556	0.12616294936276515	0.4432342071415243	0.2369964690688606	0.1635098712574413	0.1078961213537973	0.5073141013741697
TSs131	0	0.7763658239483984	0.0921368395284358	1	0.7949687535222848	0.6807247038442884	0.812727851360098	0.7850935460100464	0.6089600515997192	0.7921735914332124	0.8969512186005275	0.8076153178839952	0.906376250450385	0.5817314299978341	0.8739094541441662	0.8619149476075405	0.8490053992858061	0.8303760833937573	0.8275083841265422	0.7874750960804068	0.7624966836334449	0.7001222717600363	0.7977639156113572	0.6720364845407715	0.6923537976040305
TSs294	0	0.7957088325936148	0.14189842230830224	1	0.8192835620390306	0.7984038163203191	0.3253850726653834	0.7603910203747904	0.8984270078316612	0.7937471648322546	0.9066561638349421	0.8432770960697893	0.8539543763362788	0.6900026623029091	0.8002575962712154	0.6803612337706827	0.7877371515206395	0.9289831459140431	0.8383095278068458	0.9553579595158395	0.8853913489814667	0.8813449855754014	0.7790073600838439	0.6073745491250343	0.8998074127389574
TSs378	0	0.08810098178129457	0.06921218282338895	0	0.07143801675532613	0.015109139491483356	0.012071904381337529	0.20741535173550596	0.027143838126540424	0.1435995453922865	0.05153284462795299	0.054894486504427985	0.17848080618920903	0.104682464191967	0.04707592597695547	0.08374566336600558	0.09521801361899193	0.28463956633833976	0.08720129733670086	0.09437026259388717	0.07179992960894567	0.020224784198206256	0.07107610390170657	0.06875400731960349	0.04298370072583788
TSs336	0	0.21776353659614683	0.10539734923008262	1	0.18662459944960774	0.2568482740867736	0.27172537290210413	0.14561284493211513	0.17182072110098381	0.23635454968537095	0.3969285876499108	0.2014284777982317	0.14846516909496413	0.35273810320762594	0.15782520635008093	0.13644025598421777	0.2963585408511359	0.4695676134167658	0.2156728863654885	0.07305084935924529	0.14801743494740807	0.09692376619445982	0.3130414473099697	0.13415771412621147	0.13229291655987224
TSs111	0	0.7466584767198438	0.16096919905860527	1	0.7831481056880263	0.8327604562156887	0.8432881465858167	0.31204309503432254	0.9235147696659626	0.8100750897176144	0.7340915721661524	0.5234126087411273	0.8833518813010717	0.6376514808535181	0.8470967301636304	0.7967369848879128	0.7112226207163302	0.6834339312721408	0.8156103000671918	0.7311007094672346	0.9603461166372322	0.7695592264881398	0.6849893650118266	0.4971889278825102	0.9356955215214493
TSs56	0	0.43065675967836536	0.27487683846796385	1	0.395639579862847	0.28334865214692695	0.5920104264216645	0.3556267247439542	0.8009871855581954	0.07911513967342633	0.4486301103633608	0.5564532339286101	0.2227541230585189	0.34384899141257214	0.4356524349817398	0.6442877395819172	0.7559850957450234	0.16499425013335095	0.44792116190618747	0.09554292260336111	0.11079909491623541	0.9241458683821696	0.25650209211777614	0.14942818512410286	0.9451017607682147
TSs3A	0	0.09652552135860831	0.09324238204237345	0	0.0613292958122163	0.0449952975293071	0.04208502251459125	0.024938329224877712	0.2654320124765257	0.031372725637902596	0.364634747778206	0.12781241007787286	0.013161861827436052	0.11130751235755665	0.08258576631902864	0.03917779789432287	0.20166579619118183	0.07798618210379095	0.202953715956673	0.051139478766314486	0.05582993158628368	0.06682866003814893	0.07527441142429576	0.012611584179655817	0.03871718328819447
TSs95	0	0.5096973694682638	0.21452133889808847	1	0.529876578594703	0.895162507047218	0.31833828503439354	0.5481833765013829	0.6403098545858168	0.393193832682246	0.5115697806880233	0.41726682494308764	0.5006069522813371	0.22445735302113115	0.7203823869350864	0.5555179448244468	0.33338385424249	0.8699462741175163	0.42513304122295836	0.5657034237545999	0.6146615806111555	0.05336759157882132	0.26734279357230706	0.569155369139478	0.7702643625817807
TSs2	0	0.27720797775892536	0.2386906612932959	1	0.19232962834046002	0.19265741194502725	0.1322121833005739	0.4527108451988461	0.005500904809592557	0.16234014712030884	0.7894457399771533	0.07227927318427062	0.5776908997231466	0.03642059585825905	0.17341354162666864	0.168739513233156	0.24467333446277112	0.19200184473589277	0.6343639544961215	0.08542502755394016	0.015705688090187808	0.38248015605335156	0.7325381229764223	0.2483730403663461	0.24518733046647218
TSs44C	0	0.4690145699279172	0.23592615620033425	1	0.44160160287027794	0.3329333633672655	0.5996124144961428	0.3511731052870219	0.4470226619196895	0.3173289823100087	0.6244505440114497	0.90648093158647	0.4644170695551023	0.5255510946828866	0.11619431748980695	0.6742363876205397	0.3505414133615855	0.3598290418371142	0.43618054382086635	0.3888283877670055	0.0315145140907925	0.7145095352362731	0.7299507188640725	0.1558607839547472	0.8536755872995017
TSs201	0	0.4573240877459974	0.18014775912455427	1	0.41386650135012315	0.40248799437843874	0.249049603511109	0.6203565428148645	0.5037538303008077	0.19586244659546448	0.314095992904478	0.4311419030603986	0.33081916647804094	0.5612049625880576	0.31344846530499837	0.37046668927267784	0.6873559863949075	0.8293730500098432	0.6191404206922151	0.4252450083218075	0.3201606929806528	0.3985350544880203	0.28920112898439226	0.8145913052741109	0.47019151056466213
TSs217	0	0.8894353543928541	0.10774346826299103	1	0.9456717748534491	0.9521883172103167	0.7021476722406786	0.9435580387605361	0.7882446586009461	0.9527063271593307	0.6773863200657348	0.687035186439925	0.7922453795465426	0.8791702526587747	0.9755859659213936	0.9857723355053718	0.9606932148215634	0.9878127450923352	0.9659140907245005	0.9273368131029768	0.9217113985959304	0.9586332833502125	0.7891416061988131	0.9936379709148423	0.9477855109463622
TSs168	0	0.10423922985905594	0.07247449665302451	0	0.09243927671867075	0.03931507110076131	0.03658502193983781	0.15375610449579516	0.1993168146244147	0.0979142324171799	0.25033547830292135	0.031054593313767993	0.03917508077585804	0.08025429808010974	0.04819481229369447	0.13943935504366073	0.17529863856355868	0.1329578146126222	0.029819008074950422	0.15687474473489302	0.0954428045326476	0.23351837887598131	0.008261436200068242	0.047835160293702134	0.08943574890469388
TSs98	1	0.8005178280780466	0.16704531640356038	1	0.8558492497710806	0.9231903013614724	0.8476101574253228	0.8157374786495012	0.8918849412016111	0.5344060482058353	0.7673672975143444	0.8606991416546661	0.3218644013546118	0.8993067347812167	0.7795288784574269	0.6408382472966644	0.8066921546810546	0.9568146138700727	0.9201653825954597	0.940132066287357	0.8663978838146432	0.5399508923030879	0.8509993578874951	0.9426092551034262	0.9041613271156612
TSs116	0	0.4694025991482362	0.231903338709047	1	0.47665297125721073	0.5243524483553952	0.5355913849019998	0.4082335461050407	0.92377618936391	0.72418380815404	0.6622636236220558	0.4027624055542722	0.19347394633923862	0.3809085659475789	0.46026927600460227	0.4537577919453664	0.5347290619176964	0.28408440684212105	0.08563491829809992	0.6224105472618885	0.6726568757884298	0.11082820983786248	0.4930366665098192	0.11598371851034799	0.7991145917049584
TSs53	1	0.23236961247745658	0.17044807565647735	1	0.21452208038651466	0.41061926945093213	0.380925005541255	0.10501695543967528	0.04884618901918821	0.07492259127145624	0.08795383012899763	0.6834942711837029	0.0181624440241484	0.16144500359325997	0.3689086215974696	0.21285994359237612	0.3236215718782267	0.26683399537814406	0.4833912107923986	0.2473957994796664	0.06283860644038103	0.2161842171806532	0.07145717024924327	0.2288703748804584	0.19364517842749696
TSs63A	0	0.3188830814922923	0.14127318135753875	1	0.29785081716763173	0.2402666426348115	0.15675525522582726	0.335189677554831	0.33206979876677567	0.2628585274069442	0.29247576346361626	0.31555209428109654	0.21031608455354042	0.187179571901127	0.36844788022590264	0.1159603232846157	0.1800563254051597	0.6519934173816574	0.3001950557398051	0.46845016905289	0.2955065785954584	0.5609195258056131	0.20862186649745773	0.3686885887095058	0.5261584833592098
TSs158	1	0.8179406833743444	0.08992123913837802	1	0.8190800381438478	0.816155572420178	0.8071155955228595	0.7198871950392276	0.9458696826777984	0.8880362042617232	0.8273106756904615	0.7982644163740432	0.639474834672757	0.8674024882334209	0.9133341740918209	0.8131104635505914	0.8622276930401835	0.720771803005968	0.6146467869489544	0.8220045038675176	0.8043463053509098	0.9468229437936535	0.8289599518268402	0.8102726519547852	0.912799725163192
TSs269	0	0.09866967574195783	0.12373687511751047	0	0.05396615586499744	0.07762816141816264	0.02984071696610357	0.03844525054241453	0.05367101141408766	0.17129727294400407	0.05426130031590721	0.034655291057235964	0.007861916231032632	0.032668464844506154	0.11103624242190675	0.009902467101169307	0.09656400469301978	0.5503423846964114	0.09998813419905604	0.14070777119013855	0.1300868965627577	0.015705940548399883	0.018019447237057517	0.2566452197610591	0.044065620694725846
TSs317	0	0.17042449786345248	0.12622882005639854	0	0.1304232294789199	0.10851687065248793	0.23596675779508228	0.10938902346174181	0.19458886955563046	0.13194238378164513	0.10324118832775452	0.36995273440906884	0.026818659516088555	0.3020466760821179	0.1616563767658778	0.03891988715861689	0.07798586317868486	0.4072764726284772	0.12052737586756654	0.15307066241108808	0.47266130050743793	0.018969957024402555	0.12890407517619468	0.14795249044659484	0.09810233252249054
TSs49A	0	0.5808823579380251	0.17263445817769563	1	0.6190116995844908	0.4196351791239613	0.6908782067961733	0.5144632099338117	0.7642055296007038	0.44286448208544127	0.6817454689272132	0.6574217952731912	0.6124025252336139	0.6630570668657013	0.6256208739353676	0.32463831381844466	0.5243651007242549	0.19823570650661887	0.6015267870087198	0.3575464178244771	0.48529160349830863	0.9203596758637707	0.7491808005321023	0.6583603077837104	0.7258481074249155
TSs417	1	0.2871400323993735	0.15044900596165697	1	0.2972781018157039	0.41084444025699945	0.31446560972957577	0.44445526033389726	0.3267414682227581	0.4607618204723295	0.11375609737229235	0.18212393624901438	0.27168620778809105	0.4730193326372945	0.4035718608087959	0.16333322084553004	0.32918711281412644	0.33049554836493644	0.280090593901832	0.143140545794521	0.16976624762264486	0.04064338972003212	0.10172979102703299	0.612470458186182	0.1705177058395844
TSs195	0	0.28893757741184184	0.16398864710179192	1	0.23849006078363155	0.1282316275180156	0.25006298830359464	0.21900502200713381	0.6032444832479398	0.47719255861505944	0.4440195795448866	0.5025576222834116	0.1770834887734736	0.22691713326366847	0.35141275089580215	0.4402538438516162	0.2625963898308775	0.14677402873173925	0.15203470836269195	0.1778790561383496	0.375382493687934	0.1337737669957264	0.14642416955499593	0.029249729684532034	0.5346561069453867
TSs371	1	0.6252505642242443	0.227824172783403	1	0.5931516318240478	0.8794616743462634	0.2027720136821541	0.8466860196227615	0.4438838036166393	0.6280653285652237	0.5445010083600029	0.9361716674000086	0.35834507927683107	0.3900383022005562	0.7670072068816733	0.48787363646410037	0.35039773635036786	0.9620473383037037	0.7711560454598023	0.8973860217441614	0.4361837473762581	0.8077294220130143	0.558237935082872	0.48727969007216654	0.7497876076663252
TSs23	0	0.4275423820445443	0.14861044433682877	1	0.42918809667508734	0.3469043172954855	0.5874448457914646	0.49951562260470334	0.6379130759131434	0.4360817023023475	0.21525121335243388	0.5171443209220331	0.6656540071488062	0.4914500529695421	0.5036108678284223	0.319787596868901	0.18493709500517544	0.38158671737482047	0.3069808682955659	0.4093404230081788	0.593490118814996	0.2607640551781488	0.19563309607904902	0.5750631530898411	0.4222944910478272
TSs51	0	0.23469846820446408	0.1320799652013206	1	0.2080629230493952	0.41743915806150866	0.08830660973918678	0.25743620147713886	0.3945000607174702	0.06656758970321684	0.4354313843878131	0.2100393352132225	0.06204224682137238	0.16023092991557125	0.09778187478381206	0.09335142152294597	0.22397021254255095	0.46382208348757825	0.2060865108855679	0.3831833594461046	0.267598903540906	0.1999717446711182	0.13558843040701327	0.17080162308966906	0.35981968367551415
TSs59B	0	0.2679184563784515	0.19441921934761425	1	0.1966410749102874	0.13253864702537174	0.6032485823620659	0.09989867070492683	0.06262829698406329	0.13935558973486709	0.2281908687304745	0.5799078360083749	0.29780061000493296	0.31188163491111104	0.1650912810901003	0.08625415222969436	0.5156878692976258	0.1281000929839284	0.47543195883667044	0.14218934422989868	0.03921485400857573	0.6220826319588569	0.36424886971452514	0.09954308847877473	0.2650742482741919
TSs365	0	0.5190278812584446	0.26845873267067855	1	0.5023631061477162	0.2298023638921871	0.566763550377905	0.4711381851042917	0.8633386704578279	0.6296240637765848	0.48558054228076114	0.7499632102600388	0.8799657289800809	0.6973047837070419	0.5191456700146713	0.9795387679121139	0.4282528173225332	0.06781419985791864	0.08037901440268459	0.14066813990632643	0.46582394260920507	0.8301396771577095	0.5818309254686023	0.26159447282646675	0.4518888988539391
TSs224	0	0.3803834892558826	0.18282624161721517	1	0.3610839983095323	0.3185429775636284	0.4999144908141201	0.29109280039758734	0.8396589460612937	0.37515492170427295	0.3071921831055439	0.5545396972557852	0.6560680846865167	0.5048644546858502	0.4552665780262166	0.4598391461487197	0.2100724457337981	0.17960022130681974	0.06787886005288941	0.27185333071742185	0.37096259763973755	0.2931201402099295	0.35120539897932707	0.1289116836802384	0.47193082634795713
TSs325	0	0.31539508281329776	0.2482628413803641	1	0.25528232931216577	0.42600721212373016	0.05384059695672232	0.43094457791928553	0.35378392190260066	0.26249330291458245	0.06423101882610101	0.2480713557097491	0.06689425085251847	0.07393223490416083	0.7593837858564714	0.10120435368933783	0.15158806278489959	0.7598693402513145	0.7842264398193581	0.6545288775419661	0.2939131965181785	0.10531464866239666	0.15341574789704257	0.2119239047119225	0.35233482642361624
TSs119A	0	0.14893054211658913	0.10238415896609622	0	0.12699278676214237	0.08398380725863351	0.16370278290751222	0.26076233468138127	0.31477875242622505	0.09630398182463225	0.12091053673081285	0.21928090265181607	0.0480327841023738	0.14526809011664213	0.08773471391156161	0.08867486055837695	0.09979232721562582	0.1330750367934719	0.21042321615582918	0.4475872710886386	0.17457633327743755	0.04863950037561548	0.03180793934881703	0.056382031144262525	0.1468936397621168
TSs166	1	0.5302991439171658	0.23192335233398267	1	0.5582520354233256	0.6182102474229693	0.18190411644136734	0.09118859517480356	0.7885678605084074	0.2622434012836342	0.619685299865549	0.8216140738082726	0.2056110962228236	0.269970332685351	0.5278380735176372	0.40333253395026397	0.5794140613223719	0.8389649170921324	0.6301042282367824	0.6966239261320907	0.7606284521374361	0.5370900095242793	0.4384327638901676	0.5173664550368948	0.8171924340900806
TSs297	0	0.5166196355786055	0.2104100383084201	1	0.5694158007123115	0.3772889396271799	0.40583988468861276	0.3746287415302837	0.6656327848355142	0.25402912080365964	0.9762708530579316	0.6117159985223062	0.6324281982538662	0.33414669285599824	0.05938536709494635	0.31016257319688234	0.7321861446827062	0.7046836490405021	0.5769429874541743	0.6344946521093836	0.5618886139704486	0.314896477794113	0.6765304907795383	0.5047863147892664	0.6244542264847989
TSs338	0	0.26392031539094635	0.1663988960923164	1	0.24530556989833124	0.4585549658023335	0.3434087926011422	0.44257855815715924	0.5164612093731217	0.13133603020744994	0.6132409640885872	0.4074311145567308	0.10450422339357522	0.17340383108274157	0.10114958604326678	0.0786481271164798	0.4225392873274183	0.29227141495138537	0.25257066010902357	0.26432328920187287	0.14143074231602573	0.08068612445981385	0.0464984899705404	0.23804047968763892	0.16932841737261928
TSs293	0	0.0754538356175237	0.08286597225903776	0	0.056409475099567036	0.008484407981382034	0.03626414567723672	0.058473191082633345	0.028387582488599097	0.03717766782248747	0.1114213752725587	0.06167460786632163	0.05434575911650072	0.022111547897441557	0.07968577004026675	0.012896703697859519	0.10441499637394684	0.3486100994113448	0.08606722534729085	0.0644735697444583	0.09952505149474954	0.013470924357319834	0.2355956359590055	0.03908035959447555	0.006916091124595028
TSs24	0	0.3026605006182361	0.24399514245309534	1	0.2765530373104328	0.06332136662740147	0.48723899759962863	0.31013775636382834	0.7295826713598097	0.10986179039130818	0.3206230020893245	0.46872925024228945	0.06106013943836636	0.10658522521884191	0.6025633287940942	0.05729144053277087	0.4933651184293934	0.8903105261614644	0.13624027335073902	0.25726080099430093	0.3715733239861847	0.11722501924828532	0.11836792979217874	0.056026778117947755	0.2958452736265646
TSs334	0	0.23633869954410414	0.14335986376426488	1	0.22140044146112456	0.09267820153565527	0.1252474684097589	0.36477390648419333	0.336288828421688	0.19951017886919603	0.03803009590417628	0.23397681226196446	0.17679559910195478	0.1927624975599229	0.27289342690806734	0.06448465277231348	0.445902091092782	0.6162923425649114	0.30729202600608463	0.24691458988924123	0.29026787637762724	0.1269122863061883	0.04980201136293404	0.33712502839313807	0.20882407066028466
TSs1A	0	0.14617926033874362	0.11411892440596282	0	0.11540283035509802	0.027195517824087526	0.2933484098404325	0.11361965679823231	0.26445855733569756	0.1734255707096114	0.190006370647672	0.06503089621464837	0.1851469283149704	0.21918136805964833	0.07824651830659655	0.05103127425153848	0.1830146257942863	0.22825965187152095	0.09113564595278749	0.03148576234308926	0.03108608168349486	0.11718600391196374	0.47798482274758886	0.03773789645111178	0.06500364771589388
TSs266	0	0.38060919787369124	0.22913591930667246	1	0.3630670724729241	0.5311847832558029	0.5087155718717098	0.2898194434096002	0.6972696734161624	0.04458660038197027	0.23130657708190983	0.9059275170944412	0.14141885689142086	0.3938762595170106	0.6201608432799998	0.1148066567288573	0.647431467519082	0.27157663812537336	0.359347609683569	0.1891592216348654	0.36678653526227917	0.4605990843590247	0.10548411384292176	0.207462498978397	0.5252640051394277
TSs277	0	0.23681083182488943	0.1867741197458643	1	0.2169972942532341	0.4705581349915198	0.23280009428080778	0.09015063869854818	0.2394729922577042	0.11204596396372489	0.7785403636306965	0.25044983761484224	0.28281733434589573	0.19194417629996327	0.2011944942256604	0.03396864528815989	0.3062215703005995	0.46223377343179595	0.4295603938447347	0.26211474399691675	0.1123238211628276	0.14126832362033434	0.09625453787997995	0.016547207213879467	0.02574958944919688
TSs60B	0	0.42704901292481534	0.18478254584503992	1	0.41256336859009224	0.41878864311621383	0.21654280213756133	0.34853022791572386	0.3235562497635062	0.4434938405070537	0.7019930730515097	0.34784808937903455	0.45120992836623286	0.07121422713215292	0.5416557551573244	0.22660340489707473	0.7030484302616687	0.7831636947282238	0.4074624352076446	0.4176643019725399	0.3782576998909972	0.5936525869028885	0.602605168667591	0.18632903352156358	0.3773606659198009
TSs303	0	0.2804081563708034	0.24476189557057032	1	0.20904219584618372	0.05323843820317249	0.07140289671888521	0.26597583111201406	0.8253108806938284	0.023281833102028984	0.5517296394291009	0.3969070567194825	0.1220911519027623	0.20775716528416657	0.12614911229323028	0.05012867914812871	0.5230031051194765	0.21032722640820084	0.09222526659188085	0.7005127156136789	0.5633168997369523	0.21096412456417296	0.09924334118245216	0.04403651742290846	0.4705612461695452
TSs120	0	0.5292891236561998	0.21643289010578576	1	0.5045889663222266	0.2848529229119771	0.23262589596691613	0.3529632699646142	0.7296221587262753	0.7307732632274375	0.33594868050276183	0.47767778835080915	0.2587229853388677	0.774281789052526	0.599003213998087	0.31400059074546033	0.7182668311697095	0.9238786965575545	0.3322865879992831	0.7989424547667402	0.7744775697378096	0.3620561161663742	0.5315001442936441	0.613337098440975	0.4405644152061733
TSs132	1	0.3105648606526289	0.16697863086527728	1	0.30943053291722966	0.40856314058137866	0.048800168256341266	0.4212931464132172	0.2900837774329977	0.18126302871144956	0.42194099689958114	0.31301591361387987	0.34600854057120156	0.3058451522205795	0.11092613758916647	0.2741571864769489	0.3408092803483001	0.7657028385654907	0.4884029427565052	0.4349713709464202	0.1715496644540582	0.09626743740435688	0.1340920745664314	0.41579746028853026	0.24180695495574253
TSs78	1	0.5750257080238818	0.296570755502369	1	0.62257318381437	0.6305983845417168	0.5377034589224664	0.9231068817264987	0.8947524145594358	0.15931742359653983	0.6110208022695293	0.5753406918484822	0.6251691032766467	0.8345197587710923	0.13097553926426356	0.09681326069196225	0.418836991899851	0.9647701545842721	0.6897836267245671	0.8268998897135929	0.09376593940119725	0.21055296587987032	0.6199772643520932	0.7148223369259028	0.9417872715276558
TSs61	0	0.4336441718150919	0.19092381963580238	1	0.41798010147544995	0.541109107256412	0.27950847612605995	0.40131116670782946	0.7446030026882162	0.20246796048554436	0.23090667331602724	0.2789052565261313	0.522814306526438	0.5818027508087861	0.4346490362430705	0.3731684013109736	0.7037996392227402	0.492972931623817	0.25887160227894873	0.2980635779308408	0.4470827423260759	0.3779018979843727	0.10258567675635669	0.816558185375066	0.5838010448081304
TSs60	0	0.7146774943682082	0.20374010861943728	1	0.7691526884884017	0.5199585170114546	0.8698709926133562	0.4537056456944911	0.7837143218244897	0.4721511544082329	0.9902872737472611	0.9600956642163001	0.5652567725368387	0.7592014260750519	0.824243827267579	0.7791039509017513	0.9654860963887726	0.44046377680688764	0.9575958761859741	0.7131918912931507	0.7852050479711489	0.9750370080207683	0.4918805116015301	0.5163461856489898	0.47075394715013275
TSs274	1	0.6345599638117367	0.18686320390744338	1	0.5895612026374699	0.8741382490208424	0.4824147931093828	0.516747769362629	0.951938292159357	0.4632280750067789	0.8627462625559124	0.796510756714344	0.5045539833334581	0.7599535010436002	0.4871936710269591	0.4580153425976071	0.7228709767740736	0.8805981575306836	0.6879433328494303	0.8389196396174861	0.43273142423694994	0.43947770044725537	0.46977921400506806	0.39906349893060583	0.6623746359123107
TSs10A	0	0.44080782097341337	0.2558651535571508	1	0.3216184211157176	0.23465390262331107	0.7767383302428331	0.28461868995523304	0.6581659058454792	0.10550054998045381	0.7245347935678295	0.8922999708058462	0.27255027890645656	0.1999187137093394	0.5327259801132527	0.32021418421506764	0.7516105566626917	0.12194630186342842	0.7466689757948443	0.2935274987442977	0.4109773934741307	0.7244206225249107	0.16878060965901218	0.2732805027634818	0.32302265801636754
TSs96	0	0.3045939336478542	0.17979652798381815	1	0.27763019473877104	0.21644134255872222	0.3184232181103294	0.16733757522777853	0.19430380970188554	0.2816548537379914	0.32464207379568055	0.4447810463391172	0.02915150413036587	0.08749562639789621	0.27360553573955076	0.11120291877843475	0.3488094315672251	0.7774014517801685	0.25232450914278687	0.5295430201636605	0.5171321426970212	0.345285477878052	0.16732548802885427	0.5011759460740496	0.203841701107513
TSs282	0	0.8970909456234668	0.12791749188536966	1	0.9491826614761125	0.9577133986146433	0.9984306757429444	0.835065927091609	0.7410978679822001	0.817051598277488	0.9916685769278244	0.9994488210658942	0.8846422968598687	0.8795829296830162	0.9955583000306548	0.9853286109232624	0.9952788431780021	0.5131772570161878	0.9980067097658009	0.9406519243375816	0.8707318137623181	0.9992191256251198	0.7094556161054997	0.848062525143853	0.9816460943355674
TSs56A	0	0.7886866664563129	0.13089722640597626	1	0.825648310264324	0.9287760248971335	0.7970936207948405	0.8178863608773168	0.7681453066692007	0.938476447984012	0.7468497032673413	0.8341999315562536	0.555448539563639	0.8334102596513312	0.8579192686811552	0.7770132769881175	0.48813532044186986	0.9111555375425341	0.6157909498068855	0.8999313872439938	0.8466814651455009	0.7578892693091511	0.5962746730228192	0.9379371822270469	0.8647188034561132
TSs296	0	0.15101600363853965	0.1406322854221306	0	0.1208418545837758	0.01087529606792824	0.14080552176182035	0.17370967682854613	0.11076030599187273	0.20665292035819813	0.229793369806246	0.013635185759292125	0.50020847121398	0.048670199619901565	0.09028655552420811	0.08960710030646865	0.14913806741309954	0.20466860805492032	0.2508928499366529	0.045377159601688546	0.005681441132181858	0.13092340317567888	0.5014818085503618	0.04463554032049234	0.07251659134725517
TSs33	0	0.4515173670744371	0.2566043882214237	1	0.4139526148277287	0.6538978019981908	0.34946462904411674	0.7696873152015611	0.11870728724446489	0.6528118879491253	0.09277491070150494	0.2155201807144901	0.1535449509745605	0.31955788394452733	0.45101433209222086	0.20680316334451715	0.27493528445138293	0.8484383527214111	0.5447855306229806	0.8427333418202114	0.17293532708851386	0.3768908975632365	0.520451053692848	0.723266292855245	0.7421269174636348
TSs311	1	0.6425720492082496	0.22936744204352602	1	0.6823557556049241	0.6919756394031812	0.9028855584985486	0.5955301201365188	0.8797268168659118	0.3157613524663872	0.4548564911413654	0.9281445721344437	0.598765706240966	0.8443422605783981	0.31815183271864783	0.2381836847276704	0.8591146032250185	0.8881063104347136	0.36579135856603445	0.5664897703414941	0.3667505372820112	0.7296012353288045	0.8365982959283874	0.672735871806667	0.7979289663398212
TSs68	1	0.1945207070982531	0.19693339020365716	1	0.0942171196781155	0.010449953123125168	0.2953735589260286	0.17454120112921284	0.06253117061664948	0.05805042048918482	0.18120755051098508	0.37572482636904986	0.11084767038643607	0.033020034432109366	0.46951825640963096	0.20767638907672242	0.501643448450331	0.06108188822203323	0.7004160719719422	0.03125956660805762	0.026851158680597793	0.3963048933044894	0.07758656896979492	0.06440852565158454	0.051920988637095676
TSs104	0	0.5088160923816216	0.1960202396754709	1	0.5275130120008515	0.49710950825967093	0.392700921806834	0.5579165157420322	0.734013792301222	0.30155840602919065	0.7005599331655784	0.6903453902896161	0.36959119829639836	0.4431256708269208	0.7283742527219179	0.1664864725714058	0.7645456488403038	0.5922008418700359	0.6713470161088948	0.35306592446820967	0.692915751074362	0.365889873220774	0.10741227434936429	0.6299648680180671	0.41719758767163395
TSs58	0	0.48615681627726054	0.22015394593912008	1	0.5230835432247284	0.7287746875585626	0.5422488201980119	0.45982008183274053	0.864658353011714	0.20859672336730636	0.20956077810847484	0.7366524798811792	0.20394901693679018	0.5830385481772091	0.6558153374687804	0.4429075767618092	0.7372234001360727	0.6405033445493518	0.59879032870522	0.5039182662514449	0.24506008970293575	0.2501838536220825	0.0871947295391903	0.560889512838555	0.46335039689777924
TSs358	1	0.22428786932275985	0.28743388748978843	1	0.08992179043470828	0.03784122626115279	0.16050069533150124	0.06120275133351955	0.011833544362833579	0.854782504263828	0.4074963383107787	0.11864082953589702	0.7775550563688941	0.00871094987446734	0.015683221027312073	0.5775088143052742	0.006067291017028042	0.12448334399949376	0.01936323307766142	0.30170008089726263	0.729846367424524	0.012790892648686169	0.23549142058195746	0.01640299962602116	0.007855826207103697
TSs82	0	0.33455884654498297	0.21592040448462257	1	0.28559573692161877	0.7240401099596683	0.14000019306042996	0.27151171072811436	0.5048159307802693	0.1614440517662238	0.1254461822758849	0.7595709480020533	0.10008788691198	0.6058302814225184	0.2959086386966308	0.06126219813465196	0.35727104709771984	0.43690403931428184	0.26636258434686616	0.36747462950452925	0.27528283514660673	0.06538650946055033	0.13502285502417757	0.4749679955916495	0.5625863036748517
TSs15	1	0.5834750393216643	0.2071306756321177	1	0.5758671217617746	0.4925609737333281	0.5298996937394191	0.4722116740816391	0.7902181377860185	0.386469706685434	0.7915466566975855	0.737856048174417	0.286055873139472	0.21115795621862685	0.6218345497841299	0.26400057655824855	0.8264282384218196	0.8234215155101456	0.6540520543938223	0.9012330896065255	0.5282081250327038	0.7212691549393178	0.49283470837347676	0.397179057445088	0.7410629961120682
TSs3	0	0.25695612104142024	0.1554767897882654	1	0.2335162429196334	0.029760112653528237	0.19570960374335056	0.3741881917220852	0.2534478804703933	0.09024012321862995	0.4117556856731242	0.14397240114350005	0.27095748080266674	0.23382332531817637	0.21233634474171945	0.3321752541418091	0.6186351728379699	0.45914932710195555	0.5171826919910864	0.27846277381036943	0.14764998668387547	0.13578819290391508	0.07651652801999635	0.12416218332916235	0.23320916052109045
TSs4	0	0.28702926817997826	0.19781704821907725	1	0.2079813989860762	0.4908438453380503	0.37320626321612127	0.22018961750400828	0.329281982231674	0.03784087956925788	0.5386410780946301	0.7673951089316186	0.4260862387317921	0.1428696141626209	0.19577318046814413	0.18203038858774287	0.5418537211835174	0.12152763000251046	0.23623636722147154	0.07441102809800954	0.10095381176594494	0.4941437048910717	0.15795919955514795	0.11389917003261439	0.1954425340136158
TSs331	0	0.614418185139163	0.21032266614689252	1	0.582813352273893	0.7452929425887019	0.33261522176812436	0.8100627955013683	0.8010701186827311	0.38775306622573874	0.9652612609411092	0.49991474891101945	0.37620469742079615	0.38565778860628674	0.43880288076291124	0.6769197589412215	0.5430139858536788	0.859790448232933	0.6168277414169926	0.9434656059515181	0.8918486900895694	0.44640826400509315	0.6401777704321048	0.3784769533205684	0.5487989631307933
TSs314B	0	0.7085180286143704	0.22413829413554962	1	0.7022524755281935	0.7256756100977065	0.942544970861559	0.9339763002590044	0.12826572946283513	0.6934032980872548	0.6452552143190149	0.9289767005561418	0.6431157709544607	0.8527381180563206	0.8330543383868378	0.3372787111704115	0.6693681608897747	0.9762103542452126	0.9589991555546096	0.7111016529691322	0.5731026339250508	0.49840898056042987	0.6756024689295339	0.9226965623730327	0.5205858406290855
TSs333	0	0.26448204122403013	0.1474290645631924	1	0.21392189124344668	0.5306372792637373	0.3078527507382815	0.21729171908135805	0.4836439076290634	0.19649409986184754	0.1533547351297351	0.1531584500438646	0.18850362898048265	0.20744117387791652	0.2299322153383586	0.11268116814822571	0.21055206340553534	0.6332752500982926	0.28459807576308926	0.2194811754110031	0.2293727437441782	0.10479493394610735	0.20342650250311084	0.4714528714841715	0.15169608003224322
TSs7	0	0.1910661791729969	0.13296460175249006	1	0.15900148653239535	0.1519382120258966	0.07379094819450738	0.23731097238828588	0.12727620122695837	0.23108057321705106	0.4963718404585877	0.1932888019738773	0.4343303289670379	0.15287504004811292	0.05137617556058334	0.06241079210418458	0.17160859284176874	0.24836751494737275	0.44404598954279184	0.16512793301667777	0.05401149378144427	0.05679958716879249	0.24280821915210204	0.15177717759789452	0.07472718924601084
TSs38	0	0.771288726758908	0.2500405286709061	1	0.8679861451828889	0.961335843186155	0.7699882769274484	0.9837026785097746	0.9759791114783425	0.9388798132194881	0.7284606965734215	0.5740365864061964	0.823442051103853	0.9617180388844044	0.2693267106631586	0.9636452395443696	0.2904402505580049	0.8109870069418144	0.9192769380044046	0.7707210896816344	0.24290318551904158	0.5882454244072655	0.9125302392619247	0.9983316840132374	0.9418236702942203
TSs10	1	0.3409876418274054	0.1773939224213516	1	0.29140633601464627	0.13204027645438068	0.2095143110474588	0.3876867718780864	0.7390439872622403	0.6638173096999052	0.5901273344591482	0.4552432270657249	0.16551846069187312	0.317584811165281	0.23679986308833617	0.2154174964564301	0.2749029941931644	0.2755071032047791	0.4133592832189556	0.299918626151992	0.4971483860238696	0.20120808767122936	0.06983185210610071	0.39218860883185064	0.28289404587730055
TSs48	0	0.17004944542711278	0.14725350638953624	0	0.12983887818984707	0.16870578603862305	0.2358985616081896	0.022668984799337818	0.6198087552196135	0.09105106675603979	0.21853090083526874	0.02834165519787567	0.04682665293061446	0.1114114027510157	0.36416011820688077	0.26866480785563046	0.14826635362867843	0.1016561377708886	0.014561626872356183	0.2536563471402884	0.09504355793271646	0.29642054887655167	0.015731831835469546	0.09322989354572103	0.2063539187404952
