ID	ID	Class	Mean	stdev	Predicted_0.15	Median	score_0	score_1	score_2	score_3	score_4	score_5	score_6	score_7	score_8	score_9	score_10	score_11	score_12	score_13	score_14	score_15	score_16	score_17	score_18	score_19
TSs361	0	0.04096501059809496	0.05580225424953455	0	0.020304637721010765	0.023200708711125617	0.02941255947092922	0.09047926300912577	0.002383381553380927	0.008317935733182522	0.10536454798963701	0.06673567565432433	0.23049483177535435	0.0023905981326230907	0.002283472535090875	0.08928187334093761	0.005501057719541698	0.0036272118878866947	0.014974738523997508	0.027137722589940776	0.003212231639386489	0.027998575811482455	0.06543423988573803	0.003661019267318301	0.01740856673089591
TSs138B	0	0.08007117920955656	0.07689278733594654	0	0.049466608518510244	0.008066470372164866	0.10369317581546204	0.2686150543179909	0.014212860526692518	0.1097206938805499	0.2217504253462102	0.08116707059007972	0.053859604186549816	0.04507361285047068	0.05657884303142154	0.21695503991953832	0.01511777300651172	0.04327338826339726	0.022691979778545524	0.14688607767967957	0.04150131792115725	0.08184998907040783	0.019679923938765196	0.032486821926595695	0.01824346176894022
TSs287	1	0.3341230316777264	0.14078266915294457	1	0.3153898232456214	0.5965664954897182	0.3106332880316181	0.17813138151548677	0.36179117104263275	0.32014635845962475	0.3428343864362585	0.2789288365203559	0.23950610060860836	0.17707519528417837	0.6242160139733203	0.25174373438142683	0.19263282408351662	0.33024118988128426	0.21013569077514566	0.18333933797633284	0.46266018135729764	0.2717950880749628	0.6034696772617655	0.3716022857172567	0.37501139668373695
TSs383	0	0.3314194118605718	0.1697124495066772	1	0.302029269140514	0.2380311752737105	0.3147412603779517	0.16192801734552056	0.351322599083216	0.22386687244762124	0.39761388078168564	0.27481010131369654	0.1664289639648813	0.5158824672555978	0.3480274814352612	0.1265409733851731	0.23713128029850203	0.13340741264186132	0.2893172779030763	0.7216917569650524	0.679288002643313	0.5399900276614267	0.37472774112410884	0.19772760096396375	0.3359133443458161
TSs314A	0	0.59049191902772	0.13241947525270498	1	0.5902017433734603	0.8065434009994668	0.4735536419879422	0.44635675786815543	0.5123830602501497	0.4483423600497452	0.41852861271108033	0.5273691997376966	0.6782355503636297	0.7863870214411489	0.7596485971232588	0.39596950372621537	0.49194867963047906	0.5642976217709491	0.46724136731873583	0.6248081391873112	0.6423966328143732	0.7292571316494504	0.7385054596467818	0.6819597773018633	0.6161058649759715
TSs30	0	0.30520238060906685	0.12307153098499174	1	0.3161515322099476	0.385331525694541	0.272910487055912	0.04760275669126697	0.30693676514120477	0.3253662992786905	0.2478548420811092	0.18948392243654266	0.2554010751113696	0.27363600654055503	0.36626627667070677	0.33293755699092864	0.16413131738844905	0.17953942017742144	0.3674864367777506	0.4410817196288516	0.40870404207486216	0.15830958765319125	0.34035172235242916	0.4715902199569988	0.5691256324785554
TSs363	0	0.07924830393452628	0.10089204717430295	0	0.04915623603969889	0.005795320436892298	0.07596618200294646	0.11632532980509605	0.011179142571376604	0.07046894101048791	0.22941203167809068	0.059033729380226586	0.019330190469249674	0.05225677732452091	0.10901380401782189	0.1672910766747354	0.006168696614347836	0.0409393462078685	0.011232313041087093	0.43162744444945145	0.017907123876017183	0.056264505398886895	0.02606608283829407	0.046055694754876864	0.03263234613825145
TSs9	0	0.4739313144801418	0.19903983145996126	1	0.486050453756773	0.575916374493109	0.495989984235427	0.22389919658501456	0.48367729589378716	0.5901119508114505	0.6746000183409053	0.5595660510867208	0.3263068580240312	0.38878471211432253	0.9214106246052189	0.48842361161975884	0.1778872889020065	0.4363786819440557	0.29375634549563656	0.2677299336031578	0.20336306425386386	0.3302946215638917	0.6463982142340386	0.6702697007829418	0.7238617610134992
TSs357	0	0.04603178945441775	0.028369068023302864	0	0.04013563265072989	0.024882355329576798	0.08699610053064898	0.058725039210584966	0.017372068626858975	0.035453063305634164	0.0632634181932693	0.08050510338446154	0.01455452360481309	0.023882399792414792	0.02074562835749143	0.1257020878925608	0.02772306085042708	0.027405768945537017	0.04438343313902401	0.061603984823025246	0.03593401174213574	0.06420563848333763	0.01859557768262342	0.04436527163460593	0.044337253559324045
TSs5A	0	0.16955195371211162	0.10195039660032865	1	0.15165381426735963	0.06063131155983058	0.13160162543543455	0.294795238320691	0.1037871005637919	0.043353804932586164	0.17638736779397304	0.13177205047747143	0.22393473588584428	0.23911331868141752	0.34955338760948346	0.17153557805724784	0.05560335321442601	0.20928106189123083	0.0456730054877091	0.09452460615529429	0.2913399279671472	0.052251814190455256	0.11555386217864302	0.3521311695257576	0.24821475431379744
TSs294	0	0.29462649772410254	0.1159868138507451	1	0.2765047442366904	0.3126489582816268	0.2519902741159036	0.49550092516258737	0.22437310889293163	0.37553224344254044	0.13884073700567218	0.1267828453237724	0.27944146228208333	0.4235459545755637	0.43348277575478844	0.1885152073690732	0.2400640325726546	0.2735680261912975	0.15276176435811392	0.27994968948699567	0.24147507871523805	0.300767383353218	0.20846396718434648	0.5200311437165842	0.42479437669705744
TSs378	0	0.2765039953075672	0.16186068594465072	1	0.219039567530457	0.5165598749232061	0.14189011811504426	0.12797621200234002	0.20851122675458617	0.16556106845365323	0.07794856159897814	0.15424635003349832	0.20816978012120202	0.5676188819987444	0.5001128416031223	0.0804402488858042	0.33326145406225255	0.21880667460461145	0.16192458636861953	0.21927246045630255	0.45765080663632085	0.26438596313039714	0.2853302074365669	0.583783092993187	0.25662949597290763
TSs3A	0	0.7924019242684895	0.12207585236716939	1	0.8300425892787415	0.8663276107852754	0.8345887977016744	0.936805178771919	0.7130944924020106	0.7963537861016696	0.8534207480245116	0.8028330692728074	0.9270407367511919	0.9304633478257346	0.8663003258538564	0.7382194757322711	0.6592681806099776	0.8213119344386876	0.5917713000629051	0.44070710484630915	0.8629707383336391	0.8318656442869097	0.8375462433945171	0.8282195342705733	0.708930235903353
TSs95	1	0.4273990058833067	0.18408760056777224	1	0.44421253096928115	0.6577419534399529	0.28375624790639675	0.21912149607519907	0.5037224851008627	0.2777506229727228	0.16762109000165076	0.46108814725009833	0.6562571204366751	0.1747951510173677	0.8362019351167886	0.3599827180314984	0.3596111974122122	0.5329189831333716	0.5369800839646566	0.5136487385859808	0.427336914688464	0.1974677248289333	0.27996527859776266	0.5211914899550346	0.5808207391505055
TSs2	1	0.5126644702225007	0.2994658842773136	1	0.534238331662532	0.8322734942733697	0.16408537653119312	0.6905436446412243	0.7777984664502233	0.4380286155814464	0.815892939113505	0.9419296284478026	0.336842931326615	0.7394033385969477	0.4266498441808359	0.7365966102554087	0.22793245474347942	0.80624640008081	0.2836428531415055	0.18117346880558652	0.08973970703572896	0.6304480477436175	0.8808794154461965	0.14450708967515083	0.10867507837936649
TSs44C	0	0.4314432462741902	0.2073765877873214	1	0.42713080844859397	0.38982592904379804	0.4522560600772631	0.6805697862584169	0.190862396355051	0.604447618572241	0.4917294408486568	0.21808652067472978	0.40200555681992484	0.7093308294749239	0.6673573018391757	0.24140882772133054	0.10824060517743887	0.7419421868369409	0.09695106846882183	0.5852107437945799	0.2668590221793751	0.5560801583914808	0.3056051235451406	0.6174517084963335	0.30264404090818153
TSs98	0	0.8573539358302122	0.09120244466212442	1	0.8763872614212984	0.7240533361072615	0.8791845811644552	0.6932555674622056	0.9303574381205599	0.8735899416781417	0.8372658552109993	0.6502732107669018	0.8090722722757148	0.8917540436733562	0.9406070412008115	0.8796739363200846	0.8618210468160785	0.741224804316281	0.9215682030849107	0.9435828048560877	0.9555354336802264	0.8431640672169157	0.8663593185006992	0.9516896664770043	0.9530461476755472
TSs116	0	0.3332332369746524	0.16741787257749965	1	0.29249778753005223	0.4871095122245085	0.37637980294835655	0.15032151344815564	0.2899714610352304	0.14719849372975785	0.29502411402487405	0.27685105268628624	0.5544122965245863	0.6346501476887638	0.526857100466385	0.1589948939373693	0.1453840010185593	0.4868183468280869	0.14195075019759942	0.23194317974741757	0.25297723162024255	0.13952177920175066	0.4789430288543481	0.32416201154785135	0.5651940217629196
TSs269	0	0.2829229876654414	0.13748697043900482	1	0.27195552576784077	0.5084852260781298	0.30034690284633925	0.15235235124849827	0.19235619278719496	0.06651974221418498	0.12210407981420572	0.3746987814593162	0.3944605050809707	0.31632409868757144	0.17444800951913592	0.6413018326032403	0.21362498536645622	0.22630601971331796	0.2695425280732569	0.42890512395834224	0.30153448972320673	0.3161995040443679	0.206262554208305	0.2743685234624246	0.17831830242036148
TSs49A	1	0.1528489207403164	0.10418845641349675	1	0.13975046600094743	0.18409463907675208	0.04100570691195914	0.04703853515180602	0.19073802823927855	0.09806880144675145	0.16382357694555816	0.23607387612269154	0.07283123292953436	0.29058048236004	0.07700896088791948	0.25183522434305694	0.03285598950878608	0.059479503837301405	0.055482165615531105	0.41668605207273723	0.1850825078643874	0.2442283898625235	0.2369738847607153	0.057413501812661485	0.11567735505633667
TSs417	0	0.30978942599008386	0.11353797778564126	1	0.3162633269820969	0.3095382507707872	0.16231127803205947	0.452703403218359	0.5147833256885299	0.2698872762028066	0.4323651707634983	0.32688374776792295	0.23839401535751642	0.31363047016572354	0.4970021762488405	0.16690205113746762	0.35093586057140835	0.14431038281457043	0.31294568103756076	0.3588071515319375	0.37565446684369613	0.15806029274389827	0.31889618379847023	0.15604269547980687	0.3357346396268172
TSs195	0	0.11028429501612791	0.050310245365680344	0	0.10481893577670393	0.14863614840520856	0.10985157307917943	0.05366367298000955	0.14653453021765656	0.040074193310461616	0.2079508143540092	0.2028196547287219	0.07809104680478303	0.15510501450933975	0.12342778634058688	0.10502480679947246	0.05769210082843516	0.10461306475393538	0.1562246907432278	0.07258913922942198	0.07628451043638655	0.0715783538580609	0.16174355049098565	0.08148162822858693	0.0522996202240887
TSs371	0	0.4477314870489887	0.20876603213831058	1	0.4139650483107014	0.6006966945741933	0.384550468755314	0.08962171082349336	0.5670088070483917	0.3305560411537867	0.14671613869050146	0.35189680900065456	0.21397061772233636	0.4522198635475409	0.7851926746604255	0.3296921740124058	0.4158222267503324	0.3077846848488505	0.5578883008464921	0.7603313403481341	0.7479551199731137	0.4121078698710704	0.20568680185542945	0.6789842320447044	0.6159471644526051
TSs365	0	0.09660487315183139	0.09297616113067349	0	0.06938431731809026	0.010897925186612171	0.1455934878147509	0.16594092025473262	0.0228395367946191	0.08853992239290219	0.3573295291954438	0.10108584157801276	0.026773951624234932	0.07464121720685743	0.037260403805564876	0.08794358360933567	0.01342959798270616	0.029361541991519823	0.023637101284867745	0.1940186820027897	0.0641274174293231	0.18417086339023367	0.03897468254008105	0.01804464270540336	0.24748661424663684
TSs325	0	0.29764833726108175	0.16243364221074266	1	0.2758187955205331	0.5260609740578913	0.28349940419602554	0.09716304738661062	0.22620971868301154	0.10934133067895462	0.11330125871970931	0.3351608938689257	0.24241554573605256	0.3507154604550486	0.5912016546327056	0.38533403316125936	0.2343453764121833	0.08827903900763606	0.4556391928603828	0.37328380895369695	0.2563289570922943	0.2681381868450407	0.06881687283246651	0.6107731450695224	0.3369588445722169
TSs119A	0	0.26948273351538654	0.11390878711814756	1	0.26621404505587265	0.3378995838717676	0.49078717040622005	0.27168104169225327	0.15208510260879116	0.4927759259040319	0.1883109126847305	0.12876329939949077	0.2684952247143499	0.23861093496498142	0.3144708166633901	0.2527595438705819	0.2662840427415269	0.09565305456073077	0.38454049795472045	0.17521363917397173	0.26614404737021835	0.3645672991124524	0.16213947712158594	0.3846711446727228	0.15380191081921246
TSs166	1	0.9003380946086278	0.1107422751992824	1	0.9314883069675278	0.9295799655389102	0.9296353011857407	0.8845119894933796	0.9576371231260122	0.8889771311025878	0.9163831070116444	0.8962547793156431	0.9407014269435998	0.9573479131158601	0.7996834311339425	0.8993696498350939	0.9459979304679734	0.4695897895161319	0.9561367157848409	0.9745462238429616	0.933341312749315	0.9562036033559346	0.8421873010438181	0.976953070654239	0.9517241269549264
TSs297	1	0.8516912846694564	0.08928282165479481	1	0.8617335876204386	0.8015868082578606	0.9213827147733735	0.9465080072659581	0.8348471610058212	0.8530502507489514	0.8946529127197228	0.8174467712416474	0.815009759816693	0.9681375301567594	0.8704169244919259	0.9000899455996823	0.8262762553647464	0.8919581218639783	0.7306424686942987	0.6520546824521745	0.672474392681028	0.9702435189920308	0.8279572688241352	0.9467233516945335	0.8923668467438076
TSs338	0	0.46037335502572435	0.2137391904193738	1	0.45522641965487887	0.6159918227736576	0.4881324753000978	0.11938364472863858	0.8450647175845732	0.12891991797448074	0.25971873821188085	0.5283026872619775	0.23841142871393486	0.7028800670072626	0.4700680373108334	0.4403848019989244	0.5722543722333971	0.6110516363058496	0.4087317290425529	0.301898487311748	0.35021539385210515	0.22460437862574717	0.38652769658288966	0.7204103532950141	0.794514714398924
TSs293	0	0.49366058539595115	0.16712709384844524	1	0.4698956930343169	0.773305071118964	0.4274147473233733	0.45808686292134615	0.42154776919071424	0.6531976332078914	0.38788993925458143	0.48170452314728757	0.40327783142464246	0.7819205198038673	0.7275664585141589	0.13305791930733188	0.4993633602660709	0.5152609337201565	0.3450621465740801	0.33243325850404365	0.6705354947434373	0.5263687455999357	0.596984855815145	0.3133341032997682	0.42489953418222687
TSs1A	0	0.8147514263985156	0.12447197737119932	1	0.8381768470032621	0.7950146705013101	0.9475809683987101	0.7550901380501979	0.6957555882009465	0.8168382900058276	0.9049976471650134	0.7958452769207786	0.8347428681899015	0.9416963451267156	0.8611272698457773	0.43431718286307963	0.7184179910585906	0.8475742301520572	0.7281104845056398	0.8416108258166227	0.6843687024953703	0.9052774459016836	0.9388089006687771	0.8808644666999689	0.9669892354033477
TSs60B	0	0.3909947187192233	0.17602667585927984	1	0.3593998439575198	0.6797136060448501	0.18670542069853227	0.22460188021327449	0.3371274302568292	0.3308309454110643	0.4583933809662097	0.518510598796675	0.3276851314523249	0.7493444123081495	0.5360545236084149	0.23725832712150952	0.11859569842839998	0.2153661527456234	0.3429266997729347	0.5918103941589292	0.1553555228511917	0.41815766313116554	0.3758729881421048	0.5132474349495366	0.5023361633267466
TSs78	0	0.4266618031529118	0.23280455810490921	1	0.4469835194105315	0.5810286903789753	0.7668157591105187	0.18758850433949575	0.3798559134322402	0.595364720197184	0.11381901643660326	0.14111871500084872	0.1296452581293014	0.373178491896452	0.6263528763862435	0.6452424097159088	0.23607752034391163	0.15109123776481975	0.4923838989464309	0.6161029678561452	0.7000857244340261	0.45902732787573514	0.12413394144879415	0.4349397109453279	0.7793833784192745
TSs61	0	0.20520384085309992	0.16398241852410728	1	0.13504284204356093	0.17632081369660627	0.2507924487996812	0.11453480473627403	0.15555087935084783	0.05965983587825809	0.06183566229024992	0.08525843875186659	0.09007717941921711	0.490144148548026	0.2538552892152782	0.2134668150373058	0.10384821974216851	0.07954820577355792	0.0958054803519585	0.19351284755013579	0.5564331331817396	0.07781167273802768	0.11270804207325104	0.3627941317739064	0.5701187681536418
TSs60	1	0.5844391120226556	0.2163524425799593	1	0.5685951916486682	0.76688753551651	0.5198684420425906	0.13553247999731738	0.7640229001236708	0.43231216013273965	0.741886163539504	0.5667048217156403	0.3856798704241976	0.6405213050411617	0.4938489330058019	0.72574310992257	0.2478540616008377	0.6805518459798379	0.3189170111469394	0.5704855615816962	0.545040243900148	0.4704287047052468	0.9061137830675068	0.9287137423962839	0.847669564612913
TSs274	0	0.40964096289814683	0.18705420842399154	1	0.4374625700937109	0.44914429467359956	0.7191773258193545	0.0963475120455612	0.42578084551382234	0.11343734905948757	0.12717594941928287	0.33840790992968783	0.4708015692529533	0.5060885136655978	0.6046062938013395	0.38969229128925875	0.4246140012912308	0.37221788871546024	0.5144478573626667	0.45969982915464125	0.5647105118809845	0.2680502251444614	0.1040452906992895	0.5904812808313457	0.65389251841291
TSs58	0	0.4154285325314449	0.1667838010870102	1	0.4411026904669888	0.3178134477098769	0.5684753804926702	0.15359327371992484	0.2913854971300908	0.5014013770753353	0.36374904104088834	0.2847707830540548	0.23334382806594586	0.6622346823235845	0.5853622306823255	0.45538614221505247	0.26674601201565473	0.16795467644845255	0.5797259975444593	0.4373054278318682	0.6157984721976764	0.22937899320762278	0.6814145540869448	0.44489995310210945	0.46783088068436085
TSs358	0	0.0332644012440988	0.03444954678568337	0	0.018662553520653196	0.002705498792692053	0.02708628569501316	0.08263301947329739	0.022331934702521466	0.007988194999749027	0.10122276051728535	0.06175788248690175	0.004125412547408378	0.011929935822004219	0.0021575794943911072	0.08537299995187543	0.00499755333239147	0.06881386797712916	0.013336418074031334	0.026575127379262153	0.0909949826444021	0.02935113270558905	0.0033981804399231975	0.0035160855073230837	0.014993172338784925
TSs3	1	0.723290601745994	0.21500886275973	1	0.7588937822848512	0.8829647723569911	0.7453878808508112	0.3625177124614131	0.9604198544925964	0.4242335113973054	0.6106096450328216	0.7859005455631749	0.7463774726237039	0.9765079918918251	0.8810750805081783	0.2420106370662415	0.8769057458808829	0.770881557668684	0.7569835051136111	0.7608040594560913	0.3951266677356599	0.6629912945357972	0.7346728970590113	0.9649786074729588	0.9244625957521218
TSs331	1	0.372103784545471	0.18467510285898503	1	0.2951469092373682	0.6628798322393827	0.5623923778130123	0.2517678716655313	0.2577045317188696	0.3078986484048042	0.2092375803614927	0.25991915199362314	0.11427122103203542	0.3383437270382489	0.7794435746334432	0.21482879067954788	0.3429209750304304	0.28239517006993214	0.48320374367997315	0.18376308598517344	0.576001883308898	0.27731861138612857	0.26856980141394066	0.6515379077364368	0.4176772047185156
TSs10	0	0.538680989833336	0.12388340804169617	1	0.5625574170240404	0.3867605769017349	0.6969259845629169	0.689781859651263	0.43426731957814724	0.5074488288117454	0.560609058891787	0.6299798561896444	0.42385867513386977	0.4625334517675754	0.508269922243309	0.7070060578702331	0.5645057751562936	0.6405859382641153	0.5784147562528776	0.39749081439335027	0.7068287459740148	0.3621215926990442	0.31323633534019685	0.6236157260759957	0.5793785209086094
