ID	ID	Class	Mean	stdev	Predicted_0.33	Median	score_0	score_1	score_2	score_3	score_4	score_5	score_6	score_7	score_8	score_9	score_10	score_11	score_12	score_13	score_14	score_15	score_16	score_17	score_18	score_19
TSs156A	1	0.59855	0.12516871771627622	1	0.6005	0.606	0.555	0.356	0.638	0.702	0.534	0.59	0.742	0.584	0.559	0.67	0.758	0.7	0.595	0.508	0.638	0.576	0.728	0.248	0.684
TSs361	0	0.5706249458874458	0.25734060817078014	1	0.681	0.766	0.14309848484848484	0.2965	0.28054285714285715	0.857	0.798	0.3225	0.882	0.67	0.682	0.688	0.8	0.906	0.7026	0.2790909090909091	0.317	0.68	0.774	0.2705	0.29766666666666663
TSs368	0	0.33253807017543857	0.0484804748648913	1	0.34224999999999994	0.4076666666666667	0.324	0.226	0.36014285714285715	0.322	0.311	0.33533333333333337	0.422	0.3521190476190476	0.3406666666666666	0.35	0.233	0.3438333333333333	0.2686	0.363	0.302	0.328	0.3601047619047619	0.3564	0.34489473684210525
TSs49	0	0.30999789340776185	0.053831621043210875	0	0.317125	0.269	0.31825	0.326	0.33	0.285	0.214	0.272	0.272	0.284	0.37788888888888894	0.402	0.2565	0.214	0.352	0.2810909090909091	0.346	0.3541333333333333	0.3322	0.316	0.39789473684210525
TSs138B	0	0.631893867433736	0.06972426189076925	1	0.6201607142857143	0.612	0.6542056277056277	0.6025	0.533888888888889	0.742	0.702	0.566	0.778	0.6076666666666667	0.552	0.613	0.666	0.738	0.672	0.59	0.57	0.636	0.6273214285714286	0.6484	0.5268947368421052
TSs22B	0	0.27932584545571393	0.05130963563398555	0	0.27934090909090914	0.246	0.2786818181818182	0.252	0.24203174603174601	0.344	0.198	0.3	0.162	0.25283333333333335	0.35815384615384616	0.3079047619047619	0.242	0.28	0.268	0.288	0.322	0.34386666666666665	0.34775	0.30639999999999995	0.24689473684210525
TSs287	0	0.4112850914874599	0.05165790502842767	1	0.4002694805194805	0.456	0.398538961038961	0.436	0.36714285714285716	0.37	0.418	0.382	0.426	0.37	0.41148717948717944	0.3659047619047619	0.39816666666666667	0.3968333333333333	0.44360000000000005	0.402	0.416	0.3181333333333333	0.388	0.532	0.5298947368421052
TSs383	0	0.6345131349206349	0.03275627334969384	1	0.63	0.594	0.612	0.618	0.698	0.605	0.654	0.61	0.642	0.655152380952381	0.6178888888888889	0.666	0.68	0.572	0.688	0.634	0.616	0.626	0.607654761904762	0.6432333333333333	0.6513333333333332
TSs314A	0	0.3899908127983128	0.04025683493245027	1	0.39	0.42133333333333334	0.4126818181818182	0.398	0.3005555555555555	0.382	0.392	0.354	0.426	0.3383857142857143	0.466042735042735	0.3959047619047619	0.356	0.34833333333333333	0.404	0.3740909090909091	0.4623333333333333	0.388	0.37548809523809523	0.38	0.4246666666666667
TSs30	0	0.4342763277511962	0.055331166905019054	1	0.432	0.42766666666666664	0.432538961038961	0.414	0.45	0.341	0.34	0.438	0.432	0.4915	0.448	0.40190476190476193	0.399	0.5	0.432	0.444	0.402	0.444	0.4318547619047619	0.602	0.41406140350877196
TSs291	1	0.5908827380952382	0.03292085244769886	1	0.581	0.58	0.56	0.632	0.658	0.634	0.554	0.59	0.614	0.572	0.574	0.602	0.578	0.538	0.612	0.624	0.566	0.556	0.5616547619047619	0.63	0.582
TSs157A	0	0.43973666666666666	0.08034471994718641	1	0.43366666666666664	0.4866666666666667	0.418	0.278	0.45239999999999997	0.574	0.422	0.5325	0.48	0.378	0.556	0.3225	0.498	0.43233333333333335	0.362	0.456	0.435	0.364	0.552	0.432	0.3633333333333334
TSs27	1	0.453545	0.04036717628287409	1	0.45445	0.456	0.516	0.44	0.408	0.43	0.516	0.382	0.506	0.408	0.468	0.462	0.454	0.448	0.426	0.47	0.43	0.394	0.486	0.45489999999999997	0.516
TSs363	0	0.6232330891330891	0.10975924492857736	1	0.5861833333333333	0.5746666666666668	0.5773571428571429	0.5885	0.544031746031746	0.8013333333333332	0.764	0.5381666666666668	0.85	0.5838666666666666	0.553868131868132	0.4766666666666666	0.6703333333333332	0.84	0.6426000000000001	0.504	0.5546666666666666	0.6298666666666667	0.611904761904762	0.5228333333333333	0.636
TSs9	0	0.3830475939849625	0.055021158682153744	1	0.3772380952380952	0.388	0.37385714285714283	0.308	0.292	0.41	0.343	0.458	0.426	0.3806190476190476	0.4417142857142857	0.388	0.4	0.35233333333333333	0.304	0.37	0.368	0.3601333333333333	0.52	0.4274	0.34989473684210526
TSs151B	0	0.5338938034188034	0.23859319366863427	1	0.43800000000000006	0.341	0.338	0.3085	0.682	0.859	0.792	0.722	0.878	0.3118666666666667	0.2827094017094017	0.2665	0.32233333333333336	0.902	0.7026	0.534	0.716	0.342	0.3348666666666667	0.2925	0.75
TSs133	1	0.5205	0.1249317708528181	1	0.497	0.482	0.43	0.52	0.398	0.73	0.614	0.488	0.726	0.428	0.416	0.404	0.57	0.712	0.58	0.506	0.422	0.606	0.678	0.344	0.356
TSs155	0	0.648477746610115	0.08425883616470473	1	0.626	0.556	0.5967738095238094	0.626	0.6078888888888889	0.815	0.71	0.506	0.782	0.6348666666666667	0.5720427350427351	0.706	0.691	0.818	0.678	0.6195	0.626	0.5838666666666666	0.6465714285714286	0.6092333333333333	0.5848114035087719
TSs209	0	0.5408928873027559	0.051458943908510676	1	0.55175	0.476	0.5094166666666666	0.5535	0.6232222222222221	0.527	0.566	0.58	0.644	0.5537523809523809	0.48404273504273504	0.5359047619047619	0.562	0.4623333333333334	0.566	0.566090909090909	0.55	0.458	0.48469999999999996	0.518	0.5978947368421053
TSs136	0	0.35623187720174565	0.062490151653752796	1	0.365	0.37	0.28553896103896104	0.2	0.3324	0.4	0.316	0.356	0.36	0.376	0.3108205128205128	0.51	0.397	0.408	0.296	0.3195	0.408	0.38	0.37275	0.3364	0.3902280701754386
TSs22A	0	0.32768249047735887	0.062031704000317225	0	0.3239444444444445	0.26	0.2725	0.304	0.3278888888888889	0.32	0.268	0.3086666666666667	0.218	0.3293333333333333	0.42015384615384616	0.38	0.376	0.273	0.344	0.2400909090909091	0.395	0.4181333333333333	0.4036547619047619	0.398	0.29722807017543856
TSs357	1	0.49244166666666667	0.11464899745291743	1	0.46599999999999997	0.496	0.394	0.482	0.364	0.626	0.648	0.43	0.682	0.45	0.308	0.364	0.5568333333333334	0.664	0.614	0.588	0.34	0.446	0.518	0.438	0.44
TSs161	0	0.5829897041847042	0.05782390998180562	1	0.5844444444444444	0.5106666666666667	0.5206666666666667	0.67	0.5888888888888889	0.607	0.58	0.618	0.568	0.654	0.5717142857142857	0.702	0.5291666666666668	0.55	0.6256	0.6000909090909091	0.608	0.472	0.518	0.55	0.616
TSs11	0	0.5065067148640832	0.05542816484038652	1	0.526952380952381	0.478	0.5145	0.5735	0.56	0.398	0.532	0.428	0.474	0.57	0.49386813186813183	0.5279047619047619	0.428	0.526	0.55	0.535	0.529	0.40613333333333335	0.494	0.5343333333333333	0.5778947368421052
TSs5A	0	0.479019575614444	0.04769838047004981	1	0.4761140350877193	0.488	0.462038961038961	0.4605	0.4538888888888889	0.46	0.574	0.355	0.5	0.5038666666666667	0.48604273504273504	0.40790476190476194	0.486	0.5173333333333333	0.5516	0.458	0.4633333333333333	0.4673333333333333	0.4656547619047619	0.535	0.48489473684210527
TSs131	0	0.41624872674109514	0.04663914366199942	1	0.4062190476190476	0.39266666666666666	0.39235714285714285	0.352	0.492	0.495	0.336	0.44	0.488	0.3773333333333333	0.43188888888888893	0.4319047619047619	0.404	0.4043333333333333	0.398	0.46609090909090906	0.348	0.4	0.4081047619047619	0.4084	0.45889473684210524
TSs294	0	0.4947218228993229	0.03839489920845454	1	0.4886666666666667	0.48533333333333334	0.5321818181818182	0.55	0.4481428571428572	0.492	0.468	0.522	0.506	0.524652380952381	0.48404273504273504	0.538	0.4216666666666667	0.47483333333333333	0.55	0.515	0.462	0.442	0.46008333333333334	0.4765	0.542
TSs378	0	0.41983918128654973	0.055670268412821515	1	0.4321	0.4513333333333333	0.441	0.45	0.38122222222222224	0.358	0.38	0.338	0.378	0.4556190476190476	0.45371428571428574	0.4405	0.328	0.3513333333333334	0.546	0.398	0.47333333333333333	0.40513333333333335	0.42369999999999997	0.46	0.4838947368421053
TSs336	0	0.4271893339117024	0.03477096020817181	1	0.42994999999999994	0.396	0.4045	0.394	0.44	0.346	0.374	0.428	0.462	0.427	0.4381538461538461	0.48590476190476195	0.42	0.394	0.4636	0.44	0.4235	0.4433333333333333	0.472	0.43189999999999995	0.45989473684210525
TSs111	0	0.5674098497847183	0.0702192929132114	1	0.5586973684210526	0.5386666666666667	0.5000238095238094	0.494	0.6018888888888889	0.591	0.58	0.538	0.734	0.6172000000000001	0.5105347985347986	0.47040476190476194	0.5613333333333332	0.7073333333333333	0.632	0.54	0.588	0.596	0.51975	0.472	0.556061403508772
TSs56	0	0.4719589285714285	0.06147715694789689	1	0.4694285714285714	0.4233333333333334	0.46085714285714285	0.484	0.494	0.478	0.352	0.486	0.544	0.49	0.528	0.596	0.5133333333333333	0.396	0.436	0.444	0.445	0.416	0.43365476190476193	0.431	0.588
TSs3A	0	0.4118979450228134	0.035243523154147485	1	0.4119473684210526	0.4015	0.3655	0.374	0.45255555555555554	0.418	0.432	0.398	0.422	0.344	0.4518205128205128	0.434	0.464	0.3643333333333334	0.376	0.396	0.454	0.427	0.45785476190476193	0.3995	0.40589473684210525
TSs95	0	0.49013108604845446	0.04887572753446781	1	0.4797666666666667	0.49	0.444	0.56	0.5478888888888889	0.451	0.458	0.5	0.572	0.47886666666666666	0.55	0.47190476190476194	0.45	0.408	0.446	0.556	0.4806666666666667	0.498	0.43	0.4679	0.5423947368421052
TSs2	0	0.316279474604343	0.08509631645681798	0	0.321	0.23	0.2765	0.29	0.39	0.318	0.186	0.36266666666666664	0.178	0.32493333333333335	0.40815384615384614	0.47	0.324	0.24833333333333332	0.253	0.24859090909090908	0.366	0.4278666666666667	0.42275	0.37789999999999996	0.22289473684210526
TSs44C	0	0.5226675362649047	0.056366406542458	1	0.520530701754386	0.456	0.5546666666666668	0.48733333333333334	0.41906666666666664	0.574	0.47	0.502	0.596	0.544	0.5045555555555556	0.5699047619047619	0.614	0.554	0.526	0.4940909090909091	0.456	0.5298666666666667	0.6244047619047619	0.4624	0.5150614035087719
TSs201	0	0.5015271369420053	0.05686518123827282	1	0.5016666666666667	0.534	0.4572056277056277	0.578	0.4354761904761905	0.445	0.522	0.534	0.488	0.5153333333333333	0.5398205128205129	0.5279047619047619	0.479	0.4055	0.602	0.47209090909090906	0.568	0.452	0.416	0.4819	0.577311403508772
TSs217	0	0.6134237914862914	0.05566902834685539	1	0.5919333333333333	0.576	0.6528571428571429	0.5795	0.6938888888888889	0.699	0.536	0.5886666666666667	0.686	0.6394666666666667	0.5825555555555556	0.5591666666666666	0.724	0.636	0.582	0.6300909090909091	0.5786666666666667	0.5938666666666667	0.61875	0.59	0.522
TSs168	1	0.4454000000000001	0.08337890683658042	1	0.438	0.434	0.396	0.472	0.546	0.574	0.472	0.43	0.576	0.352	0.364	0.292	0.498	0.536	0.388	0.466	0.412	0.442	0.534	0.424	0.3
TSs98	1	0.5051278259751942	0.05669353617649369	1	0.5057499999999999	0.4613333333333333	0.44985714285714284	0.512	0.509888888888889	0.5373333333333332	0.534	0.506	0.508	0.5002857142857142	0.46015384615384614	0.5044047619047619	0.5055	0.406	0.5616	0.606	0.4505	0.474	0.42657142857142855	0.5572333333333334	0.6318947368421052
TSs116	0	0.4985562734487735	0.053660856883846426	1	0.4912777777777778	0.4826666666666667	0.4581818181818182	0.466	0.587	0.588	0.524	0.53	0.578	0.42119999999999996	0.49988888888888894	0.467	0.516	0.5563333333333333	0.43560000000000004	0.469	0.465	0.514	0.543854761904762	0.41273333333333334	0.45666666666666667
TSs53	0	0.348362922077922	0.042266127807403776	1	0.3393666666666667	0.402	0.3241818181818182	0.338	0.29014285714285715	0.3553333333333334	0.418	0.336	0.432	0.316	0.41	0.3772380952380952	0.336	0.354	0.2916	0.32809090909090904	0.318	0.286	0.3424380952380952	0.34073333333333333	0.3715
TSs63A	0	0.44125166666666676	0.054068399597215544	1	0.44502380952380954	0.4461666666666667	0.364	0.492	0.4461428571428572	0.384	0.462	0.37	0.392	0.47628571428571426	0.504	0.4439047619047619	0.412	0.424	0.49560000000000004	0.531	0.392	0.428	0.35486666666666666	0.4864	0.5206666666666667
TSs158	1	0.550532380952381	0.03278922462064779	1	0.556	0.5913333333333333	0.581	0.566	0.556	0.576	0.524	0.486	0.584	0.537	0.5257142857142858	0.482	0.556	0.554	0.542	0.566	0.508	0.568	0.59	0.584	0.5336000000000001
TSs269	0	0.4079591812865496	0.040921855432560286	1	0.40701666666666664	0.41766666666666663	0.4051666666666666	0.36	0.4812222222222222	0.336	0.414	0.3945	0.478	0.40886666666666666	0.438	0.4485	0.4273333333333334	0.334	0.4	0.386	0.45133333333333336	0.388	0.43019999999999997	0.3645	0.39589473684210524
TSs317	0	0.3830745177045177	0.05408169449520442	1	0.38825	0.3955	0.444	0.346	0.45947619047619054	0.405	0.382	0.3885	0.334	0.3242	0.39404273504273507	0.4492380952380952	0.3513333333333334	0.278	0.388	0.414	0.4355	0.34413333333333335	0.3221666666666667	0.32639999999999997	0.48
TSs49A	0	0.520663085715454	0.049915264173535506	1	0.5180769230769231	0.558	0.5783571428571429	0.5233333333333332	0.5378888888888889	0.506	0.486	0.43266666666666664	0.552	0.5336000000000001	0.5221538461538462	0.501904761904762	0.638	0.4863333333333334	0.44360000000000005	0.48209090909090907	0.4906666666666667	0.514	0.6017714285714285	0.484	0.5408947368421052
TSs417	1	0.48401666666666665	0.058780638396434555	1	0.485	0.486	0.518	0.602	0.507	0.478	0.54	0.47	0.502	0.514	0.542	0.476	0.456	0.45	0.512	0.5593333333333332	0.362	0.398	0.39	0.434	0.484
TSs195	0	0.5578731601731601	0.04801233358955706	1	0.565	0.57	0.5575389610389611	0.5353333333333332	0.572	0.568	0.604	0.5286666666666667	0.62	0.551	0.458	0.478	0.602	0.6203333333333334	0.588	0.538090909090909	0.562	0.58	0.622	0.5278999999999999	0.4746
TSs371	1	0.5391	0.0466317036947363	1	0.554	0.59	0.574	0.564	0.58	0.458	0.584	0.578	0.584	0.51	0.488	0.488	0.584	0.512	0.574	0.588	0.476	0.542	0.49	0.544	0.474
TSs23	0	0.511831522556391	0.03665177917497331	1	0.5275000000000001	0.526	0.49635714285714283	0.56	0.5073333333333334	0.516	0.53	0.472	0.534	0.5556190476190476	0.538	0.46990476190476194	0.4656666666666667	0.46	0.534	0.529	0.472	0.44	0.537354761904762	0.5305	0.5628947368421052
TSs51	0	0.3588060222233906	0.04212742046955894	1	0.3680769230769231	0.4088333333333334	0.3505	0.416	0.33347619047619054	0.282	0.394	0.398	0.4	0.33	0.3701538461538461	0.3739047619047619	0.372	0.2743333333333333	0.394	0.35609090909090907	0.32416666666666666	0.366	0.3043666666666667	0.32639999999999997	0.40189473684210525
TSs59B	0	0.2392159128882813	0.05149826445643504	0	0.23016666666666669	0.276	0.20303896103896105	0.164	0.15788888888888888	0.28	0.184	0.232	0.178	0.22833333333333333	0.31666666666666665	0.3339047619047619	0.216	0.21233333333333332	0.2076	0.21659090909090908	0.25333333333333335	0.26920000000000005	0.3182	0.272	0.2652280701754386
TSs365	0	0.5758891416040102	0.08593433756066114	1	0.560875	0.562	0.55975	0.5118333333333334	0.608	0.713	0.592	0.5155	0.742	0.501	0.522	0.46	0.652	0.71	0.619	0.478	0.65	0.524	0.620904761904762	0.4589	0.5178947368421052
TSs224	1	0.5539641812865496	0.04512792721507733	1	0.5622807017543859	0.568	0.56	0.564	0.49888888888888894	0.564	0.62	0.488	0.618	0.5445	0.5346666666666667	0.476	0.486	0.612	0.586	0.61	0.514	0.584	0.5226666666666667	0.568	0.5605614035087719
TSs325	0	0.5115872368421053	0.06886151816689057	1	0.517	0.5338333333333334	0.624	0.572	0.528	0.38	0.568	0.456	0.506	0.47533333333333333	0.583	0.502	0.424	0.492	0.5956	0.496	0.4013333333333334	0.552	0.41941666666666666	0.5733333333333334	0.5498947368421052
TSs119A	0	0.47979671847158684	0.050878922615542124	1	0.47095	0.5406666666666667	0.4761818181818182	0.518	0.4200317460317461	0.424	0.534	0.5226666666666666	0.584	0.442	0.45004273504273506	0.436	0.43333333333333335	0.5273333333333332	0.55	0.488	0.47	0.40213333333333334	0.43875	0.4719	0.46689473684210525
TSs166	0	0.522640014619883	0.06211992521283245	1	0.5237973684210526	0.49166666666666664	0.472	0.466	0.643888888888889	0.5793333333333333	0.484	0.583	0.624	0.4568666666666667	0.454	0.584	0.602	0.43433333333333335	0.457	0.528	0.5331666666666667	0.5228666666666667	0.47995	0.532	0.5247280701754385
TSs297	0	0.5035477069275754	0.056671892109958634	1	0.5016111111111111	0.48133333333333334	0.5421071428571429	0.416	0.5012222222222222	0.616	0.436	0.5265	0.52	0.43293333333333334	0.48615384615384616	0.47257142857142853	0.556	0.572	0.502	0.45	0.504	0.5593333333333332	0.5929047619047619	0.438	0.46589473684210525
TSs338	0	0.4182684212132897	0.04026709652820656	1	0.42474999999999996	0.4286666666666667	0.4255	0.36733333333333335	0.3778095238095238	0.395	0.476	0.462	0.466	0.386	0.36004273504273504	0.394	0.356	0.442	0.374	0.442	0.424	0.4418666666666667	0.4733547619047619	0.4689	0.40489473684210525
TSs293	0	0.384488488645857	0.04007561078172735	1	0.376	0.42	0.356	0.3315	0.3560317460317461	0.364	0.33	0.388	0.364	0.35228571428571426	0.4046666666666666	0.42	0.364	0.33	0.398	0.34109090909090906	0.4243333333333334	0.4278666666666667	0.42419999999999997	0.44489999999999996	0.44889473684210524
TSs24	0	0.4864115873015874	0.04745270337075905	1	0.4871666666666667	0.5096666666666667	0.49516666666666664	0.442	0.551	0.546	0.448	0.5593333333333332	0.544	0.3858666666666667	0.4538888888888889	0.4712380952380952	0.479	0.4883333333333334	0.516	0.516	0.4775	0.486	0.4954047619047619	0.39283333333333337	0.471
TSs334	0	0.42713155613392456	0.05624435796161927	1	0.42695238095238097	0.41133333333333333	0.3583571428571428	0.518	0.3656984126984127	0.428	0.472	0.436	0.384	0.4446666666666667	0.38604273504273506	0.42590476190476195	0.374	0.344	0.5116	0.472	0.418	0.34613333333333335	0.442	0.49733333333333335	0.507561403508772
TSs1A	0	0.30306582991569836	0.06580584629230499	0	0.29125	0.188	0.2825	0.3	0.24014285714285713	0.331	0.262	0.27266666666666667	0.188	0.322	0.372	0.342	0.31	0.2683333333333333	0.378	0.2760909090909091	0.268	0.3781333333333333	0.43765476190476194	0.38589999999999997	0.25889473684210523
TSs266	0	0.38172834887334883	0.04965140999178399	1	0.3719523809523809	0.432	0.3593571428571428	0.404	0.38	0.3	0.354	0.42749999999999994	0.498	0.35333333333333333	0.4077094017094017	0.3719047619047619	0.35800000000000004	0.372	0.356	0.40209090909090905	0.298	0.3718666666666667	0.3342380952380952	0.38589999999999997	0.4686666666666667
TSs277	0	0.5077805063503749	0.046591899472819075	1	0.5141249999999999	0.506	0.52225	0.476	0.46709841269841273	0.568	0.486	0.5428333333333334	0.564	0.48586666666666667	0.4327094017094017	0.5306666666666667	0.5453333333333333	0.5595	0.432	0.4420909090909091	0.477	0.55	0.5762	0.4695	0.5225614035087719
TSs60B	0	0.42410795112781957	0.05745198799289223	1	0.42025	0.4323333333333333	0.5358571428571429	0.3775	0.418	0.38333333333333336	0.307	0.38	0.408	0.4672190476190476	0.538	0.3919047619047619	0.444	0.3815	0.418	0.4225	0.344	0.46813333333333335	0.4744166666666667	0.4299	0.46056140350877195
TSs303	0	0.4933110860484546	0.03875798981409007	1	0.486	0.48733333333333334	0.487	0.462	0.5921428571428571	0.454	0.478	0.5428333333333333	0.56	0.503652380952381	0.4718888888888889	0.48390476190476195	0.485	0.508	0.45	0.508	0.4296666666666667	0.477	0.48890476190476195	0.47	0.5268947368421052
TSs120	0	0.5081578174603175	0.04747907588381056	1	0.5019523809523809	0.5406666666666667	0.5090238095238094	0.482	0.5058888888888889	0.394	0.602	0.4645	0.568	0.5568666666666666	0.48988888888888893	0.501904761904762	0.492	0.4695	0.502	0.52	0.518	0.496	0.46675	0.493	0.5911666666666667
TSs132	0	0.4576929150527834	0.03587739087067586	1	0.4575	0.48	0.42518181818181816	0.436	0.442	0.413	0.45	0.41	0.494	0.4678857142857143	0.4816031746031746	0.5249047619047619	0.4875	0.4413333333333333	0.446	0.465	0.476	0.398	0.4796547619047619	0.4159	0.5198947368421052
TSs78	1	0.5777666666666667	0.06956347599841786	1	0.594	0.448	0.6	0.6	0.512	0.668	0.604	0.666	0.592	0.646	0.596	0.5866666666666668	0.68	0.61	0.524	0.5726666666666667	0.652	0.464	0.542	0.51	0.482
TSs61	0	0.5061144203019203	0.045333762212071235	1	0.513	0.4986666666666667	0.547	0.4935	0.521888888888889	0.451	0.52	0.43333333333333335	0.526	0.572	0.5361538461538462	0.4919047619047619	0.468	0.5535	0.534	0.551090909090909	0.506	0.446	0.43	0.4655	0.57675
TSs60	0	0.36671836959823806	0.06904168087930106	1	0.3819807017543859	0.45733333333333337	0.38985714285714285	0.238	0.3470317460317461	0.321	0.271	0.37	0.422	0.4073333333333333	0.4296666666666667	0.40190476190476193	0.336	0.41433333333333333	0.244	0.3125909090909091	0.29733333333333334	0.48186666666666667	0.4291547619047619	0.38739999999999997	0.37656140350877193
TSs274	1	0.5414749999999999	0.06374898864006848	1	0.543	0.512	0.5	0.528	0.532	0.448	0.628	0.58	0.684	0.51	0.484	0.516	0.576	0.472	0.576	0.562	0.412	0.6	0.558	0.5975	0.554
TSs10A	0	0.33768142515379357	0.048447745371725054	1	0.3271666666666667	0.3446666666666666	0.32066666666666666	0.26	0.3712095238095238	0.32733333333333337	0.277	0.436	0.312	0.3175	0.42	0.41533333333333333	0.336	0.27	0.306	0.3200909090909091	0.3	0.327	0.3762	0.35673333333333335	0.35989473684210527
TSs96	0	0.4666512267410951	0.054314069642139924	1	0.46499999999999997	0.454	0.39	0.506	0.49243174603174605	0.504	0.41	0.404	0.498	0.4362857142857143	0.504	0.499	0.4406666666666667	0.474	0.594	0.522090909090909	0.456	0.42	0.3656547619047619	0.45	0.5128947368421052
TSs282	0	0.3690424422799423	0.08555239282073873	1	0.3867	0.426	0.3518571428571428	0.196	0.32043174603174607	0.49	0.257	0.408	0.448	0.3162857142857143	0.42466666666666664	0.378	0.416	0.4623333333333334	0.232	0.2985909090909091	0.39	0.4558666666666667	0.46175	0.38339999999999996	0.2646666666666666
TSs56A	0	0.5588876226551228	0.052156254813191964	1	0.5622853535353536	0.4976666666666667	0.5666818181818183	0.594	0.5578888888888889	0.603	0.53	0.5033333333333333	0.64	0.5766666666666668	0.6068888888888889	0.4999047619047619	0.5425	0.5913333333333333	0.6096	0.595	0.5496666666666667	0.48619999999999997	0.4458547619047619	0.5539	0.6276666666666667
TSs296	0	0.359983373015873	0.0703207558756144	1	0.3668	0.3426666666666666	0.512	0.414	0.32254285714285713	0.387	0.208	0.32566666666666666	0.236	0.32961904761904764	0.4265555555555555	0.38016666666666665	0.379	0.362	0.272	0.3805	0.366	0.372	0.46595	0.3504	0.36760000000000004
TSs33	0	0.4453269193817878	0.049098503548619034	1	0.45	0.35	0.482	0.44	0.424	0.458	0.402	0.4155	0.32	0.492	0.49788888888888894	0.48390476190476195	0.44	0.41	0.4806	0.482	0.501	0.462	0.43	0.442	0.49364473684210525
TSs311	1	0.5088212121212121	0.06621815044866847	1	0.5135454545454545	0.4613333333333333	0.544	0.638	0.494	0.462	0.524	0.498	0.566	0.548	0.604	0.504	0.592	0.464	0.55	0.523090909090909	0.532	0.404	0.416	0.396	0.456
TSs68	0	0.3696121645021646	0.06744112745779801	1	0.3702	0.322	0.504	0.386	0.405	0.404	0.282	0.322	0.252	0.3509333333333333	0.46371428571428575	0.41590476190476194	0.356	0.35033333333333333	0.28	0.3095909090909091	0.314	0.39986666666666665	0.431	0.38439999999999996	0.4595
TSs104	0	0.4318687637362638	0.06919641140567948	1	0.43161666666666665	0.48	0.46085714285714285	0.406	0.306	0.375	0.43	0.4155	0.452	0.436	0.44786813186813185	0.478	0.376	0.37733333333333335	0.412	0.432	0.44	0.3801333333333333	0.43345	0.43123333333333336	0.668
TSs58	1	0.4003119047619049	0.04739789617820168	1	0.403	0.446	0.43	0.374	0.384	0.438	0.346	0.4093333333333333	0.404	0.412	0.386	0.4919047619047619	0.336	0.354	0.346	0.448	0.402	0.377	0.32	0.482	0.42
TSs358	0	0.4842893806193806	0.2544203503661348	1	0.32275	0.319	0.352	0.804	0.27654285714285715	0.857	0.8	0.3245	0.876	0.28986666666666666	0.28082051282051274	0.2605	0.30833333333333335	0.904	0.6986	0.2810909090909091	0.321	0.34	0.3158666666666667	0.78	0.29666666666666663
TSs82	0	0.4785884523809523	0.06738355761267549	1	0.473	0.458	0.43866666666666665	0.5	0.558	0.458	0.466	0.434	0.45	0.5778857142857143	0.48	0.498	0.356	0.4633333333333333	0.5	0.582	0.536	0.40613333333333335	0.338	0.5	0.57175
TSs15	1	0.43498333333333344	0.06385431838652876	1	0.441	0.422	0.48266666666666663	0.408	0.386	0.268	0.444	0.478	0.35	0.5073333333333333	0.438	0.554	0.376	0.4143333333333334	0.392	0.488	0.446	0.452	0.424	0.5113333333333333	0.458
TSs3	0	0.36130934704184703	0.04112923053634725	1	0.35533333333333333	0.31333333333333335	0.338	0.326	0.3605555555555555	0.278	0.34	0.41433333333333333	0.348	0.35333333333333333	0.45871428571428574	0.3784047619047619	0.3546666666666667	0.3163333333333333	0.36	0.34409090909090906	0.356	0.40186666666666665	0.37965476190476194	0.3969	0.408
TSs4	0	0.38314114127100973	0.04709140137557631	1	0.3714954545454545	0.3523333333333334	0.38135714285714284	0.36	0.34173333333333333	0.36	0.367	0.35533333333333333	0.412	0.42666666666666664	0.3908205128205128	0.35890476190476195	0.4773333333333334	0.3955	0.277	0.3720909090909091	0.344	0.41013333333333335	0.47582142857142856	0.37089999999999995	0.4338947368421053
TSs331	0	0.5124152536352536	0.04292952628234723	1	0.5081	0.515	0.4818571428571428	0.486	0.5678888888888889	0.47	0.55	0.5323333333333333	0.602	0.548	0.5058681318681318	0.4418333333333333	0.508	0.52	0.474	0.45409090909090905	0.536	0.5082	0.466	0.5012333333333333	0.58
TSs314B	0	0.3616782792207792	0.06558213293414808	1	0.35996212121212123	0.352	0.42484848484848486	0.338	0.346	0.451	0.26	0.35583333333333333	0.394	0.256	0.491	0.3959047619047619	0.296	0.348	0.374	0.3640909090909091	0.255	0.3	0.39782142857142855	0.44039999999999996	0.39366666666666666
TSs333	0	0.3755028571428572	0.04502231679056111	1	0.3776166666666667	0.31916666666666665	0.344	0.412	0.378	0.316	0.364	0.388	0.37	0.41828571428571426	0.426	0.3919047619047619	0.3995	0.308	0.43960000000000005	0.436	0.31	0.3133333333333333	0.36569999999999997	0.37723333333333336	0.43333333333333335
TSs7	0	0.37827300995787844	0.05479983773076551	1	0.3758785103785104	0.358	0.3526818181818182	0.478	0.27214285714285713	0.33	0.338	0.36816666666666664	0.278	0.466	0.3737570207570207	0.3819047619047619	0.342	0.3955	0.413	0.35009090909090906	0.4326666666666667	0.378	0.44365476190476194	0.422	0.39189473684210524
TSs38	0	0.559380339105339	0.05010343690051252	1	0.566	0.462	0.566	0.522	0.6132222222222222	0.614	0.58	0.572	0.644	0.5736	0.5378888888888889	0.483	0.638	0.566	0.59	0.544090909090909	0.552	0.558	0.5839047619047619	0.49789999999999995	0.49
TSs10	1	0.50178	0.042589563557010164	1	0.502	0.478	0.5113333333333334	0.49	0.472	0.49	0.572	0.534	0.544	0.5256000000000001	0.5	0.45466666666666666	0.504	0.452	0.438	0.504	0.45	0.542	0.55	0.578	0.446
TSs48	0	0.5878556565656565	0.046063864907462136	1	0.5831666666666666	0.5396666666666667	0.5564166666666668	0.5233333333333332	0.635888888888889	0.64	0.578	0.5883333333333334	0.714	0.6313333333333334	0.53	0.568	0.612	0.6063333333333334	0.596	0.5770909090909091	0.5568333333333333	0.5578666666666666	0.59745	0.5372333333333333	0.6113333333333333
