ID	ID	Class	Mean	stdev	Predicted_0.2	Median	score_0	score_1	score_2	score_3	score_4	score_5	score_6	score_7	score_8	score_9	score_10	score_11	score_12	score_13	score_14	score_15	score_16	score_17	score_18	score_19
TSs156A	0	0.08195471127005806	0.14287007969771826	0	0.02606330320002462	0.2040131113779433	0.01731652467174714	0.09888360643529519	0.107172061400032	0.00784361483432892	0.6337238418120867	0.0037460816244036816	0.06287524233148804	0.005685793557879838	0.003291197507863976	0.0069201161301042	0.020121674876580585	0.007289452591466823	0.028253082425308565	0.023873523974740678	0.029783469411446543	0.15264453575286113	0.023806958680583155	0.15702254269372354	0.04482779331127681
TSs361	0	0.10091229137721167	0.24232325788543618	0	0.007325141609305407	0.0068878180396411	0.004758735808939116	0.09788564508877157	0.04909245962391316	0.005287857756877822	0.8671985758121801	0.00850839752371482	0.07069700016759756	0.0015507935649105471	0.0008515377164143728	0.0076251881059509925	0.0013969722633094936	0.008833362989575481	0.1308850186229094	0.004080727670300359	0.00702509511265982	0.7298671370928548	0.0008704373781009508	0.009252031936140076	0.005691035269472264
TSs368	1	0.6500562844048055	0.24605109806041503	1	0.7062350787460275	0.36512512179981754	0.9678297706327293	0.2270398972910257	0.8684361607575543	0.28495494404837585	0.6749933009198317	0.9393892687940635	0.14617011106842057	0.7374768565722234	0.8200940127495433	0.6578745794027775	0.5200733252524272	0.8712410072945843	0.8485561072028545	0.6672283393075163	0.4530928981774802	0.8068441428458841	0.8470075897654384	0.7620884052073384	0.5356098490062206
TSs49	0	0.7754213062580794	0.21208780827638238	1	0.8731300878280354	0.9060011874593776	0.7760027924819349	0.9195698407665617	0.417534555512385	0.9563194426178784	0.2892541780273037	0.8773841623723667	0.9026896055281907	0.6857993979937167	0.868876013283704	0.6092098749073522	0.9759398536175693	0.978270760734734	0.3781157161990237	0.6276671751294874	0.9106181806989453	0.7132246890808253	0.9079849733919332	0.81781917424987	0.9901445511084306
TSs138B	1	0.06976283707451418	0.07279944531183613	0	0.045982716025167486	0.08276029242018289	0.023186840206438145	0.09431246453263971	0.11780442059031597	0.06023440642512663	0.12360882857160527	0.012879017239821244	0.02331530002788579	0.015336913443194282	0.004484712240215834	0.038359229377656234	0.014867876033392069	0.006282952486044993	0.17591575495328596	0.07095989225495886	0.10858087627953844	0.3059411322599137	0.05360620267267873	0.03643794998107886	0.026381679494309904
TSs22B	1	0.7825269548764047	0.20696686551328483	1	0.896456483440761	0.9371487542045952	0.8875119642015461	0.9586118957237921	0.9103976449525182	0.5391805736769314	0.9054010026799759	0.9588089270054605	0.9476125022714876	0.7957953598777732	0.8658600944065203	0.6148038015441855	0.22946200147255724	0.9572623533492582	0.6493526345715986	0.9288628724029149	0.48643488433823484	0.925788410341372	0.6503906860827028	0.5770387891315029	0.924813945293164
TSs287	0	0.3790828808793184	0.16606268568639335	1	0.3525921324440384	0.35462315817645534	0.45175446327354624	0.4450545266492608	0.26730851717536136	0.2006537562559533	0.3682069164162517	0.7421247746095284	0.15504868991822346	0.5463412751592613	0.5313313673743206	0.34660305813204034	0.3505611067116215	0.2990145821872892	0.5269931404425822	0.6158377467921153	0.12239305435398605	0.514484994436701	0.31644624161864066	0.2721771772005387	0.15469907070268893
TSs383	0	0.4387702271833058	0.22731912947761845	1	0.4095304860376932	0.44735294123987973	0.10383570337153884	0.32120990603921	0.4968876521160462	0.1516929120492754	0.44013703442534857	0.7161333115475498	0.37892393765003785	0.6795154548507414	0.5535280911595538	0.3771963680283615	0.7729750323354944	0.21152372611869089	0.7797302467155722	0.1704061931528723	0.6195918889527798	0.319621173253847	0.7808295905512507	0.2958656014696535	0.15844777863841333
TSs314A	0	0.5319911292816586	0.23596180487122984	1	0.5138537346463796	0.6643231877344826	0.5045064210116688	0.7688826332842507	0.39220257564067407	0.5171192339819705	0.7544692384013076	0.5105882353107888	0.7937987949575082	0.28578305000340404	0.9698773616832288	0.41899111317347126	0.4224829013998174	0.874943251146307	0.10992293522239661	0.6700055574124866	0.26811392749440355	0.5707950036756327	0.1928287632251776	0.6492561789679921	0.3009322219061988
TSs30	1	0.474349761609405	0.13594902814561033	1	0.49356971788792847	0.32866451835107147	0.2349383350997065	0.5007718079995004	0.4866039451503984	0.6776648622561667	0.5584789976310646	0.706251293382423	0.27466647663926885	0.5005354906254585	0.34618574603672486	0.6027516998206898	0.45134086911603066	0.4832804976693518	0.40570433650912374	0.5512403861982518	0.5672589764096102	0.3796428299727851	0.2814007681723827	0.5046016517814113	0.6450117433666803
TSs291	0	0.2443002151610914	0.2299026785111121	1	0.1543113428097164	0.021203713197117613	0.07627686429207473	0.10902223400863513	0.08106874755692335	0.038995986823257105	0.4003070922598496	0.8011460707106882	0.42408755625510314	0.5683071250117192	0.11259002692712565	0.21486019209050908	0.6408064521462496	0.04949984547036164	0.2936088086085766	0.08346800467680204	0.03454684849632459	0.21147231635570526	0.4612614513328266	0.19603265869230713	0.06744230830967124
TSs157A	0	0.30345683086525665	0.3091836663501571	1	0.1181463940677965	0.7263219368012088	0.8086570639428797	0.10955916057072511	0.4734505881602254	0.09587393499461591	0.032063894565064616	0.8232722638260227	0.03907343084510607	0.1267336275648679	0.13579281544064425	0.06272583130991163	0.6764939319014849	0.10100514225089977	0.695155581449659	0.06133804986211795	0.03660976043746036	0.022334542471552657	0.6270285246200117	0.40300861338137567	0.012637922909300246
TSs27	0	0.2675085267440224	0.13948544027394838	1	0.2261427206777532	0.14611186900623183	0.23157270078161624	0.4695678574840634	0.3025803896346456	0.16636304054092402	0.5770361636381214	0.13292511201364784	0.374433906849329	0.10937115622590728	0.15104123246811602	0.28252913239330407	0.16912234141119661	0.4640604119084557	0.28421683078983484	0.14328664974437735	0.190645877123947	0.45099073184500277	0.22071274057389015	0.1191391349550693	0.36446325549276987
TSs363	0	0.17456433803545632	0.2438490656099679	0	0.06139179338604745	0.35010742004613155	0.027784652732082287	0.04627372766014812	0.3751495668772255	0.004719796594485535	0.9259834612481259	0.032927735875998815	0.012851842973640825	0.05638610022129567	0.041965400276696777	0.07547249702139758	0.010747546665177436	0.0073306059637467755	0.2992183321754451	0.18716797041487565	0.11584238330793309	0.6597870392633337	0.03956147431824091	0.06639748655079923	0.15561172052234623
TSs9	0	0.8463059918378957	0.1575169012742018	1	0.8962329461024786	0.9776575068285916	0.9529373889759013	0.9216735083614758	0.961051424776331	0.3517720880721841	0.9029148031806997	0.9717852141110879	0.8399923323271052	0.8954915574207388	0.8823673218208422	0.7294160985301519	0.8969743347842184	0.8969838732882501	0.8998071566488948	0.8350784865785856	0.4960828560030214	0.9493766310081138	0.8693899524091138	0.8708472743897023	0.8245200272429063
TSs133	0	0.3146496859609138	0.24946077828093113	1	0.2379037519084635	0.5958555123661595	0.14031704772355472	0.19765681526328224	0.1873835129675919	0.061909837988032485	0.867546965663309	0.4005199410627466	0.3656773849589986	0.02107319752767608	0.39633018337780307	0.23721791812948664	0.011148273422979957	0.052369686950961704	0.10768788976260316	0.585764043816201	0.5012265041092719	0.7470881015314519	0.23858958568744035	0.4597710840692998	0.1178602328394269
TSs155	0	0.14146054219749443	0.1940431919975206	0	0.08680604276069068	0.06786206390981843	0.04581212280585667	0.06702991897366727	0.14278975815089243	0.016517593772794773	0.8308616333325316	0.08436956402800466	0.10442982374415523	0.037251963044820396	0.04150832698462575	0.14835056670547586	0.011403765868375949	0.08924252149337668	0.10076574231016268	0.14232966468054503	0.02945341287220379	0.50329584617232	0.09034462062484203	0.21354031695401904	0.062051617521400385
TSs209	0	0.4507566008624194	0.17051098322719332	1	0.415494742678253	0.426574593219926	0.4774673447763939	0.6002046352115993	0.38774065059580537	0.6280496144877921	0.2141436433621514	0.7403178054033351	0.3802637273376515	0.4289425566136193	0.40441489213657994	0.3135865954709398	0.44003410074978655	0.3153308737763571	0.6002232031146585	0.40011233287999803	0.21971304268585615	0.6367075990728213	0.3951662535078501	0.8090487461692828	0.1970898066759846
TSs136	0	0.7268764186606547	0.19992348128197004	1	0.7911285083029385	0.6008027137932046	0.8984270434921695	0.37835076936277323	0.8635348893394251	0.29946795593942366	0.5530762548694939	0.9695397129653889	0.8853112584622878	0.8071430783730991	0.8995409610363752	0.38024479545856965	0.8062215716020241	0.8583611422090511	0.7760354450038528	0.6041561388719328	0.7661083041322864	0.6336413623220397	0.9711962566958563	0.8142738320827408	0.7720948872010968
TSs22A	1	0.784903401197568	0.22033888075741234	1	0.9056681609659847	0.9359202798277595	0.8291933357711478	0.9345964269437554	0.3590343058850861	0.9186724345032141	0.5982475847427522	0.29517517735521837	0.9495458580615104	0.9298147303602387	0.9568043526333758	0.6239478092333736	0.8351820447687542	0.953373883258303	0.7380722547982357	0.922858444385488	0.797744574214707	0.8934630992468743	0.9558280678903698	0.35272013738610225	0.9178732226850952
TSs357	0	0.1944461226990992	0.18088966863484088	0	0.10677361643065038	0.0793845943006611	0.04320403565014269	0.17930047418922918	0.5153797141325303	0.11227296841589372	0.5522359452218771	0.3629966316366767	0.1193925243723884	0.033287329554197054	0.10127426444540703	0.06971407211624726	0.041084365301881594	0.48189348176356067	0.3070714614731492	0.06950638277944479	0.14935867927384897	0.47217863942357147	0.08376947236006325	0.0662472030640082	0.04937021450720563
TSs161	0	0.12284914379486142	0.09557375106207948	0	0.09015120029443346	0.020439713754357155	0.06382588640597263	0.16073419200990707	0.08201243550812189	0.34278276408119335	0.0910488760057104	0.2097966822988291	0.09880024607399196	0.08627138719284551	0.022799322530086822	0.039568563260528634	0.35429535482741836	0.030569397532257958	0.08781830957731104	0.09007314120557472	0.10041547002271105	0.21719107563331883	0.09022925938329221	0.08139841739990031	0.1869123811938991
TSs11	0	0.5193768512922831	0.14776247434369283	1	0.5217989540006291	0.24991467341389212	0.42502740400207795	0.5598928861687285	0.5503332319969992	0.526260599061764	0.7240882789377732	0.278263030255847	0.5115554135389657	0.670421079383544	0.22634985037915928	0.6967703681513879	0.43871017937991524	0.5273738933969717	0.597602821595369	0.5078912349240965	0.49429308322146803	0.5173373089394943	0.7287409112776012	0.46393300378022323	0.6927777740403858
TSs5A	1	0.47955892896811125	0.2656400191371621	1	0.45694719722669663	0.7795005087500546	0.2560018624993802	0.4544385858002981	0.45675381172227164	0.8411566354273322	0.6666436991416975	0.14741083285320863	0.700022057693283	0.46845512892799795	0.2648823327062131	0.45714058273112157	0.17727134227517904	0.5352701684075256	0.43801975489589706	0.3805811777877794	0.9322700861350882	0.8690948487352871	0.059301285893066075	0.6337902745843722	0.07317360239517183
TSs131	1	0.37762613502625847	0.17190001871764532	1	0.3691292378800145	0.1646609731420041	0.4670911599010857	0.4280383592248772	0.5330047997931325	0.607309035124272	0.4021342763067448	0.31028579586024607	0.33612419945328426	0.2357710358776287	0.30608243903512533	0.12968112857936323	0.7299210284181455	0.41227254772214644	0.09356176754254494	0.5604394773933875	0.5828417043005105	0.2581604285224388	0.27224858539202923	0.24390605807388852	0.4789879008623122
TSs294	0	0.4321561659612854	0.2247694123252483	1	0.4306484732227287	0.571099115913461	0.04539208018839989	0.5566480441934433	0.42895353170826195	0.7218285161749416	0.13743913045677913	0.7906148471134816	0.4738274419316789	0.4211598785494708	0.25870494961874213	0.07325256700045601	0.3569432387738309	0.6342162913741193	0.5689340799804403	0.4590747510777624	0.8316440224478595	0.4323434147371955	0.17560616452444375	0.27675202001894167	0.4286892334419989
TSs378	0	0.6837692055759066	0.17448434031647087	1	0.7209996683520509	0.8643934749315088	0.6527966653593734	0.5668070488308199	0.23937346966666825	0.7586068352738645	0.6903429697873149	0.3525763023908041	0.833916463969869	0.8215340421857115	0.734269826770954	0.691845233449345	0.8220186035052344	0.868127546947053	0.8049431316815175	0.5989916542940458	0.7679181647926523	0.6296179256811165	0.7077295099331478	0.43000710199099673	0.8395681400761358
TSs111	0	0.21281123950874153	0.17802807177792576	1	0.15899207482465838	0.24778888584851916	0.0585576678230797	0.05911290705420789	0.16587120680036604	0.09865315359528377	0.5462346355595257	0.13785925838646448	0.5281229653190623	0.3537372036854862	0.07062575050541645	0.02434355437217418	0.18974324146575147	0.03894058126935408	0.4425400738675912	0.031725551354959705	0.15211294284895074	0.3149961377208201	0.22178972520472928	0.5159025440275902	0.057566803465497744
TSs56	0	0.8888148737733121	0.11073602024511103	1	0.9269107996599606	0.6400327705079165	0.9642615837586291	0.9789820003577759	0.98330339834956	0.6990132760163928	0.8579995082712338	0.9830873497002834	0.6528524513077553	0.9218313304532169	0.9783379793226834	0.9280427544309606	0.8868465768227128	0.8484489728857987	0.9874428878203324	0.895884832193912	0.7881096744802678	0.928710474269843	0.9785875752514208	0.9487432343765901	0.9257788448889605
TSs3A	0	0.7609892650552355	0.1649995171727632	1	0.8021912960190808	0.6433962031463536	0.8107383120129632	0.7936442800251984	0.9356277280520079	0.8919989479205961	0.6321600077464998	0.9289614450339247	0.5061942556930806	0.7919343679128593	0.9153084399639514	0.9455799295231799	0.896359374175661	0.7221649943168318	0.5142419634370367	0.6896870109534753	0.9271911598001518	0.8310919681339004	0.8719007672158762	0.5137941677995694	0.45780997824159037
TSs95	0	0.2770174913516061	0.26400870245790076	1	0.15565749832254305	0.30913129772595765	0.15145065720036094	0.37531647549848307	0.05187720702259413	0.689871347811094	0.03401470482174102	0.041045645593164454	0.07927027346118522	0.033125346658692885	0.14588584128724957	0.1598643394447252	0.7033178791240202	0.811552840767628	0.1739715382952632	0.06789557286786183	0.5369794492213825	0.04265814514548976	0.09641728479200568	0.6580962431979746	0.3786077370952483
TSs2	1	0.8406015177632268	0.16469950016833276	1	0.8939843923890218	0.9889813317527241	0.8870604590749374	0.7708719532276709	0.9513757223945899	0.7374891571284534	0.8087185022258323	0.9462698016474446	0.9799451992240553	0.9822033452589147	0.9738959506533378	0.7057999077637892	0.9009083257031062	0.7339845118637245	0.6109430010138347	0.9772677491641701	0.628481641547104	0.8860043369033869	0.9866818880846201	0.38784395753455847	0.9673036130982797
TSs44C	0	0.4241883541510316	0.23558279789661904	1	0.44012937221260373	0.45334745600783205	0.6572112761117689	0.6452091607701278	0.7816682904231813	0.5657478611141311	0.28513014329211267	0.7222019780328537	0.6642861025427255	0.44657494377678686	0.4063994155864739	0.07053478837928548	0.416174602772936	0.05589808176853284	0.06275268467362956	0.5990234563914306	0.12559066371360994	0.26071226042457546	0.6371123990990436	0.19450771749117604	0.43368380064842055
TSs201	1	0.5739342218488316	0.15725921484125838	1	0.5254514298037701	0.5396595074332664	0.517910839967522	0.5017899459829479	0.3760202802263468	0.7200442646314612	0.7034334787433402	0.8515652916440873	0.6970454711092108	0.8050173532499896	0.45929193232504356	0.49024827981888003	0.5440157153548005	0.49370300007714424	0.33564208500320997	0.6776220419147341	0.5329920196400183	0.4747309818267794	0.8803779190248643	0.4234546906992538	0.4541193383037329
TSs217	1	0.5372240415400962	0.28176379040332616	1	0.5746565622407503	0.2894585951288451	0.2705118337886808	0.1510778743561412	0.6636356269546786	0.7425616726673665	0.764149764248937	0.7427289267673229	0.3497035771467279	0.8785188104337742	0.026390031357876997	0.39095749178225836	0.633533372492225	0.31428911197098064	0.9314512691016825	0.5157797519892757	0.6784818322914646	0.46720031073045193	0.8523827544761186	0.9293395494004318	0.15232867371668354
TSs168	0	0.2606767601696903	0.264050427263734	1	0.16786802338891801	0.7999974421307082	0.4428129413234623	0.018862685161147835	0.018357648407007928	0.6040219043090703	0.1363821097185307	0.11935823486501777	0.23507610366839532	0.23618082016739161	0.43914813498705696	0.19935393705930532	0.026886165723554345	0.04398735661473475	0.01676602677883212	0.8591447830539188	0.47777262564432954	0.04249109881806181	0.07499861471087493	0.06972308269963237	0.3522134875527738
TSs98	1	0.5593465742963003	0.20190341794259423	1	0.5727394032837456	0.2631456155139091	0.7743311130394641	0.5864892883183702	0.47856178158215396	0.7538831745248846	0.3563589516165815	0.5158682443698356	0.1897851183582285	0.5589895182491211	0.3356390773830499	0.6076044561985109	0.8055416479367921	0.7119927658234949	0.7586052385827	0.39778562420804103	0.8109779923137571	0.30982149593700015	0.6117845419918027	0.8476957969798933	0.5120700429984152
TSs116	1	0.13321655092638912	0.1444691632671265	0	0.08929951757111329	0.32198505525083154	0.03977195326779099	0.10997508355616126	0.02684716220861328	0.17304812008690887	0.022211204099118385	0.14316349723569086	0.08173804804167034	0.06172210555039617	0.10974667855583302	0.016921762370597216	0.09686098710055624	0.220452697688085	0.04154526226598029	0.14178912785160117	0.5955317970741267	0.027091786438942583	0.022889745110231844	0.06506194421131076	0.3459770005633356
TSs53	1	0.5020760815749046	0.3012099695722086	1	0.42815688473722036	0.11846326036478026	0.8513017261859929	0.14882802712625073	0.8664893318902182	0.2744376269192325	0.8287178661145826	0.9080575944477128	0.17756622586079288	0.667429928096772	0.8158550049566909	0.3226502935618018	0.1342813143654981	0.8912561301450613	0.35175133481059906	0.6151008804821572	0.13693873472343604	0.2753864749722147	0.38592698173869616	0.8006961069998563	0.4703867877357445
TSs63A	0	0.6571708904292032	0.13768398529704853	1	0.6585224764845645	0.6440647956751773	0.5718271138492524	0.45176538603013827	0.3521572977587062	0.7307219611484558	0.4815141415270436	0.6144389574621497	0.6465835718418527	0.7945072637676682	0.8579711030016007	0.7020150837891498	0.6059236045661656	0.7797307628675253	0.7579647292502066	0.6470421745555565	0.7574709628511025	0.46833516503533734	0.6700027784135727	0.7848466070005476	0.8245343481928518
TSs158	0	0.38308408239266856	0.21633504195561168	1	0.40368179197754006	0.23330640094522478	0.10303517850025677	0.7698986117680671	0.12636598350939127	0.07685548564656022	0.6541060990034125	0.225368421533354	0.16867228618843694	0.49662057651432917	0.40348636621217654	0.484402866491552	0.2719609369406319	0.24005514436588343	0.7253194056442239	0.4038772177429035	0.5239607766380825	0.45979825695087684	0.6603209765879882	0.15977451407708326	0.47449614259293604
TSs269	0	0.5303112103692843	0.2874095012515939	1	0.5614508672793908	0.7358389339461227	0.5667708639352581	0.8168226920532992	0.20551072116502317	0.8947700626215709	0.14978481190624018	0.20692117571344665	0.7609605239595202	0.30083896494348267	0.29286128070505013	0.5561308706235235	0.8257125147362007	0.9482311066436586	0.11314746623999343	0.8576708427409723	0.5293692483344823	0.14049695774143817	0.6954258123292113	0.31800538759216357	0.6909539694550245
TSs317	0	0.3059800617820544	0.20843506713386922	1	0.33872064372858546	0.2088056711439188	0.4367568437942981	0.38890289908338216	0.11342371677353436	0.38631193002549463	0.030270599282219958	0.354531435050769	0.21214312107903663	0.3320023314437167	0.2749466679388569	0.06477441843972798	0.8025442521010454	0.3650367394826367	0.05663112074461386	0.1315149407305611	0.7103540308587354	0.06121179679745567	0.3454389560134542	0.48083102727516286	0.36316873758246687
TSs49A	1	0.3661317358787051	0.271743790773505	1	0.30903298840419857	0.2727787156648705	0.061894690041862	0.08126873891798905	0.8096204941921656	0.10044507574946308	0.2244772213873297	0.3475685800570128	0.41020891082489447	0.5643465163441603	0.7445630073759113	0.10011158637815068	0.048300013695245836	0.2210739701712332	0.7824246496753656	0.6057829412331704	0.17447450417286506	0.3452872611435266	0.7875837666060048	0.09006124783999189	0.5503628261028906
TSs417	0	0.4271021137991733	0.18149242887736183	1	0.42184479626180593	0.4350636500231453	0.1292222781017034	0.3369267904172378	0.5906649818571122	0.5346610714099751	0.6398113635143848	0.6221605616672342	0.3557264042609758	0.32468452462329983	0.3219881935248384	0.6813861704834274	0.4086259425004665	0.5407997894121689	0.17979627683283472	0.5576890910569844	0.20587530033305596	0.29236390159728615	0.1418001287975222	0.6049826748874058	0.6378131806824076
TSs195	0	0.47073829641205023	0.22291812062194039	1	0.4528725715672714	0.7868804240649543	0.41624731860221986	0.4799773274191636	0.22330412128520066	0.4442419638378919	0.6182637689242848	0.3145210748955381	0.2538572635466287	0.12991705174324283	0.5918623107415616	0.290793152888822	0.1862567871643728	0.806519846618348	0.7912185435559898	0.5330301616893924	0.8232499653720138	0.6603595594127095	0.25198909689665866	0.4615031792966509	0.35077301028536034
TSs371	0	0.30257788423750515	0.1585997628249381	1	0.3068212417467724	0.12335487297260336	0.23281977866902392	0.15126901486921737	0.18544739900482185	0.4980983618504604	0.3337717351193686	0.5683176283250942	0.06334954901582422	0.39869082246009585	0.14393690244756863	0.283082373279436	0.6808065815895746	0.3012105652115701	0.4014820946748147	0.37662729431047953	0.3190224405368203	0.09629745071286759	0.26878406938728006	0.31243191828197475	0.3127568320312064
TSs23	0	0.4003464715452386	0.1474765109332199	1	0.40433502507245367	0.5243406184829575	0.39335821585567093	0.46009736268205764	0.3221973438665042	0.20778476713306673	0.4615355620508449	0.32311568186136624	0.19537521649723455	0.32542695686458956	0.6839257656278351	0.434535834552771	0.09946466456374935	0.39478588202943415	0.3001055951791564	0.6197669109576508	0.41388416811547324	0.2793077716959269	0.49233230067966244	0.5038677583318891	0.571721053876932
TSs51	0	0.6431896840194784	0.2144669182939127	1	0.7065623870892319	0.5060623467604634	0.6932007887056845	0.7002936909768712	0.3915524917510524	0.9615602678768481	0.20094079337722004	0.8026945462357699	0.3127066984539679	0.6032733930604063	0.7413160510134654	0.48649381029295513	0.8411788472307341	0.7454513455368247	0.4593525539436817	0.7600483615833145	0.911672424340568	0.3711143456511609	0.8346518749641024	0.7128310832015926	0.8273979654328862
TSs59B	0	0.8446554408255835	0.19239545011296094	1	0.932934281780524	0.8455479012390699	0.9577813125068941	0.7495046005799871	0.9805613676127409	0.34422611082676285	0.9162985259804984	0.9683782471127783	0.9161378662164682	0.9652289021798557	0.9694690160069762	0.7662231406025874	0.7073538379274801	0.9751500523968153	0.9495700375805495	0.980378405163505	0.6504934558908689	0.899364189447302	0.9840857314808881	0.38917343295468254	0.9781826828049579
TSs365	0	0.2722294773387387	0.2165281899823407	1	0.2352820994973403	0.2776980120829719	0.06591065069115981	0.19286618691170868	0.28460730754208985	0.08030229933849173	0.7266477610582629	0.3114019971095133	0.5824416196705235	0.3097723533089597	0.10158263942252556	0.1012106217277439	0.010293352984815757	0.13403840643362466	0.09949877896114018	0.42481863507912365	0.44200892741337744	0.7512613892072886	0.291209013826808	0.13506876829811268	0.12195082570653118
TSs224	0	0.18837399971686764	0.0977149765649509	0	0.18693084979199448	0.19489629722948304	0.04038524574388597	0.3381959641975402	0.13514674741990207	0.2184375517609715	0.22230064854530168	0.15700254527643517	0.22603187746562248	0.2888267587116646	0.074903712442529	0.10846038980086328	0.08638012547126739	0.09360496171648053	0.0861962951259856	0.20830041217943623	0.1789654023545059	0.4210426293984314	0.22200884746033214	0.15974738899880883	0.30664619303790486
TSs325	0	0.41956902929721557	0.19202391765847368	1	0.4031193984650242	0.21593548776086527	0.13000733150819746	0.29366443170300227	0.295514870484343	0.6991323343530949	0.37165310471863366	0.596592581926616	0.14020445210394122	0.43961919134486466	0.3921517059098432	0.5073906637684986	0.12180889975734648	0.41408709102020524	0.5037893686864053	0.6383243695179165	0.7470915653377018	0.3794690892450743	0.2831519962494865	0.6332332370859975	0.5885588134622777
TSs119A	0	0.6616724689193327	0.1515056550082484	1	0.6821666755834686	0.739203946039129	0.412034524722912	0.4432965406505247	0.551348578895289	0.8041619355420864	0.7285499260432323	0.7641849455028218	0.6743909241381171	0.5785853137206519	0.461029617497299	0.6899424270288199	0.5032243271717567	0.8001277278759344	0.4508076238700741	0.7833450902366179	0.893948029917361	0.8980314513656403	0.6360379955759099	0.7640916058001427	0.6571068467923357
TSs166	0	0.2551269896920259	0.20189913881740146	1	0.17931440323434245	0.05612212591590767	0.18119435981828083	0.5781132732716615	0.013438416547405125	0.43964880236147563	0.07251456134879757	0.13503392860392519	0.0652700687950784	0.042515955053229165	0.0963610213985638	0.06547518557841596	0.418270183484998	0.17743444665040403	0.33244499258584115	0.17742147895205335	0.5174859553650856	0.20251703717570624	0.6025605507062256	0.5590266169723981	0.369690833255065
TSs297	1	0.8200231679063185	0.15621540321006566	1	0.8494912456804318	0.883093071690378	0.4218461512900468	0.7820567989456856	0.7030899970988413	0.93814867477377	0.7721454357983163	0.8158894196704856	0.9371694887156488	0.9277053623188842	0.9315765482558116	0.5109895636319736	0.8124933360895864	0.937104096691483	0.9543798497070657	0.7850703974410762	0.9914407595972373	0.611134150791349	0.8910553418020447	0.8147819101104172	0.9792930037062676
TSs338	0	0.4388004453447415	0.20101098289075414	1	0.44989223631904374	0.8219933745383041	0.45508592399734016	0.07992451509397899	0.3012820097811922	0.4446985486407473	0.18158161929156447	0.774097770148494	0.5063154140304815	0.4019263556504918	0.5357848511982192	0.5018332179376663	0.1645095486398148	0.707711505351043	0.22259273791216297	0.4382515445094992	0.5959310022265805	0.23921675994821456	0.38231067049708944	0.5471842804827587	0.4737772570191873
TSs293	1	0.4391391120320295	0.23940930808545	1	0.4265540807517138	0.39824503309345893	0.3895493638040568	0.45769122850079336	0.1244285489909879	0.8618776658245215	0.1285562264054127	0.34851000708666113	0.6865947765670879	0.4786149316680301	0.4336665847869511	0.21318404298495622	0.5355290391563974	0.8277221185542987	0.1269680424987808	0.4194415767164765	0.7195380164833266	0.135896678281783	0.6844130515256595	0.18572208715728872	0.6266332205536582
TSs24	0	0.28008728670300276	0.22756089841069324	1	0.29907207336446257	0.03561981526318802	0.47240280583821037	0.3977178157058309	0.03812444094065067	0.6962353393857381	0.07323706621007485	0.5868758449729349	0.06607471188964627	0.07275153388296933	0.4964848899766823	0.3514204442881096	0.4968853450869258	0.3680225119337032	0.021163649196928914	0.24672370244081557	0.5677703744107983	0.047547526433263695	0.05138042696845198	0.4172363484703839	0.0980711407647477
TSs334	1	0.5479485486896136	0.15949979735740966	1	0.5434927270086077	0.5506863153562678	0.33417539025872045	0.37671859457727314	0.507915614717452	0.8540118985793328	0.5787946373341333	0.7347894635026114	0.5362991386609477	0.634375680884264	0.4197189958611996	0.3082393784815616	0.38663919735741825	0.7349131624197088	0.39237334128578494	0.6075825798916881	0.624011281180319	0.4119778242815532	0.49886927050239827	0.8091288781375366	0.6577503305221023
TSs1A	0	0.8844102457093586	0.11761690815635305	1	0.9141455959443017	0.9709520086830826	0.8514918320517658	0.9013259235489393	0.905236112060461	0.8097290820109143	0.8531381739850752	0.896703449923274	0.8856656350821873	0.9614408977583107	0.9230550798281423	0.859174772003865	0.9276223547164764	0.9509216912461984	0.9475986149492004	0.9648695031191794	0.7412259785075346	0.9277247367803392	0.987349528816355	0.4572838694808789	0.9656956696349925
TSs266	0	0.6546689587315717	0.17397690080848133	1	0.6577107166522198	0.49588649844189503	0.8982450894895601	0.32131896335821525	0.8668548666630435	0.8155662670439398	0.5932702759337765	0.8870192631726859	0.42252590206014295	0.7745396122972726	0.6965402497601036	0.7033306851273051	0.6064915434136737	0.8866573378840811	0.5872737174426026	0.6188811835443359	0.4990241058046306	0.5170232018763353	0.7280311432007825	0.7589531856112798	0.41594608250577114
TSs277	0	0.13247909843881828	0.10218628566289584	0	0.1011900147640689	0.24721886493169562	0.012715000454622188	0.007816032775901921	0.15891274851808723	0.062270236505803746	0.0913397474982445	0.1110402820298933	0.05424803105853356	0.05656026563697411	0.29552578939898644	0.17079192309645488	0.010459464579733133	0.07564915871243301	0.28785415070046605	0.15333014085996344	0.045345473043193814	0.2709432688421514	0.26527909395191357	0.034870836305153544	0.2374114598761592
TSs60B	0	0.6652754841476328	0.2035657555848343	1	0.7268500072146443	0.726813725621825	0.5621086209043988	0.09131308648734897	0.7268862888074636	0.6397964199263533	0.7884653192767793	0.8304729169757411	0.4326639062604067	0.83333231839703	0.8579780247473392	0.7535318193096106	0.274606727809789	0.8514111532998566	0.7825677025215934	0.6659084260389777	0.551677259095947	0.6382040593405446	0.8850743705438613	0.6679886056102008	0.7447089319775894
TSs303	0	0.6375502568454865	0.2332105958735896	1	0.6794624552899673	0.5488109662027805	0.7087797265111835	0.46697933117534873	0.4924421413053573	0.9264625054271557	0.16127837348351912	0.9431936209000328	0.355798290782832	0.3861516102808469	0.8852814392942141	0.37548393536977864	0.9501284441290836	0.7440152249985696	0.732559476657747	0.4731360951099467	0.9294419039840129	0.48162989759687247	0.7236385895338238	0.8156483800978702	0.6501451840687512
TSs120	0	0.2560274036672898	0.12071415583767588	1	0.2567453156652104	0.2416135773348309	0.18928598483474462	0.39094589795721846	0.07191174500806201	0.28931375864527864	0.1970849814684218	0.2569345278561741	0.33085413246541723	0.12567857593376472	0.3064022945051436	0.23040604549117374	0.2565561034742468	0.528876212786627	0.12707087911196374	0.13445466031319334	0.435039267925339	0.06157917405460889	0.33906700647837984	0.33962388178142144	0.2678493659197858
TSs132	0	0.43300584591336977	0.19458859985357194	1	0.4117498278331643	0.212243454406562	0.4585635882098555	0.39973650688301593	0.34396003655549173	0.8134087221256963	0.42376314878331256	0.3108677367061946	0.5612260840391144	0.2706195282870782	0.4620359089176167	0.34995609479690204	0.6348987801277709	0.37823307510334714	0.19495358204915744	0.6049503606543786	0.45271962121867804	0.1183494243893454	0.6645734318984231	0.22140359642775373	0.7836542366876988
TSs78	0	0.1776506869676941	0.2259353452558816	0	0.09032953986269832	0.02402900524036328	0.007308975943247672	0.03371774773130601	0.10060309665300597	0.048432596871404256	0.15835728011007172	0.8385560447107953	0.20113819814430933	0.42979145932128643	0.18258379362352356	0.14777499339262187	0.08005598307239065	0.01803016158783836	0.15584433989985658	0.3942830375080281	0.027464459558651243	0.038728682502805395	0.6233032989601796	0.0277558831986502	0.015254701323546841
TSs61	1	0.205878261209162	0.10424734610584215	1	0.20790314877955052	0.2809730672149646	0.10961309250214309	0.0816342769437667	0.14611051124403956	0.26831423018749107	0.30176821202638743	0.197196731318179	0.31832080550631064	0.08328637072925961	0.22410953644868092	0.2700510599866842	0.07400946446142133	0.33222448186229203	0.15547646378085622	0.1431183943052087	0.21860956624092204	0.2561295525597403	0.10422451012504187	0.4558281174550368	0.09656677928481346
TSs60	1	0.9433778137163433	0.074940624973595	1	0.9761097404634043	0.9595706414908166	0.9960360605901186	0.6980747700822317	0.9977074734663813	0.796508222104964	0.990320973593296	0.9976085106568696	0.9037320851829322	0.9882410045311298	0.9895277309314652	0.9215330533384668	0.9306837649249382	0.9930655329459244	0.9788672995568918	0.9767958128839174	0.9245173914863565	0.9756592195926433	0.9765602613341651	0.9322392311185872	0.9403072345147674
TSs274	0	0.3523621577346618	0.205174900967842	1	0.29863362052537173	0.3611058711856423	0.22999146828734637	0.3014214919576187	0.2065550713062132	0.8367550152396586	0.15383318721285724	0.6084476612115292	0.3048697571036258	0.2958457490931248	0.32180460048952875	0.23917775178425102	0.5695718077386352	0.44228551746792977	0.13453776324793726	0.26297414002354036	0.7968117485972692	0.10105334820234631	0.20249972891777002	0.27604575725204744	0.4016557183743637
TSs10A	1	0.8962312539292343	0.10373983941224682	1	0.9376309003335894	0.9344823209635646	0.9867484839726257	0.8298434697907299	0.9780653197332863	0.698962562123667	0.7480759162245038	0.9903134567214125	0.9415987377112508	0.9721561163095022	0.9574982720155503	0.9285150882787168	0.7562614915154383	0.984524082312856	0.9788969080156805	0.9749611593395855	0.7812476437255363	0.9314952217370881	0.9407794797036142	0.6869832927348664	0.9232160556552149
TSs96	0	0.45064601299339097	0.18614990302915685	1	0.4401817158492991	0.2558518729621575	0.2922356498998858	0.3940135108119233	0.1121626524520436	0.7491621203171646	0.38321525871449985	0.6950880819249339	0.24475817909015485	0.44729811861007607	0.4389880549352772	0.4349101391485124	0.6466191414556531	0.48094949335691284	0.19819067068532792	0.5148952232754045	0.7847633615600257	0.44137537676332106	0.30816099748346315	0.6093963897047284	0.5808859667163561
TSs282	0	0.9011305061088357	0.22102772671099605	1	0.9881686727709446	0.9720475981754872	0.9997992881453649	0.8130379543816657	0.9999338773285158	0.15735742028027822	0.9994711921661401	0.9998232974363903	0.9589185244577856	0.9934872578688088	0.9939924803605199	0.9810784990451886	0.7918094000569431	0.9989319402895098	0.9986289165050386	0.9891241484256791	0.42409568463581415	0.994799771217991	0.9824610960934431	0.9865985781899447	0.98721319711621
TSs56A	1	0.3780975655406039	0.21720551705396932	1	0.3932924909688166	0.12676290645278707	0.207006032565831	0.052310796461568144	0.1010683700288503	0.5765754949439761	0.746186966725943	0.649264838468589	0.3999239658355636	0.3806272528193997	0.43605854568730495	0.7534965794110478	0.5353886581115362	0.4326249284265799	0.4764853780426876	0.38666101610206954	0.2480540736520714	0.1610850258903914	0.11291248852692286	0.22267431368014381	0.556783678978816
TSs296	1	0.7886226308370821	0.25698976995094414	1	0.9338642239911862	0.8423114257887843	0.9508904347891612	0.9645236090625362	0.9462324068100234	0.9502267037532982	0.8397605606517421	0.9345822908226938	0.9605840649698042	0.9435004307497084	0.9566489256791922	0.41978047797903084	0.9331461571596785	0.5149686133875748	0.14055344101888836	0.9245413962806895	0.8115447623805698	0.4034981614788055	0.9684031692225494	0.39666895275559694	0.9700866320013132
TSs33	0	0.5865591249636934	0.18220282458606096	1	0.587134364334692	0.6857145536367664	0.49961245652139935	0.4973957812974955	0.3852470424032086	0.517440112127503	0.6514582049639407	0.7977549944277097	0.6932738153161679	0.9109301179741051	0.720074116550921	0.4263458038994613	0.5398749143334427	0.694560736830124	0.44606598580240475	0.6343938143359412	0.33044082622285476	0.4022984805624826	0.8837472296294542	0.2676017495466912	0.7469517628917951
TSs311	0	0.4690430975677925	0.33179514452400777	1	0.39732449379605156	0.050742433671432774	0.8705968439839222	0.30386110288143187	0.24013306872326803	0.04346216475183709	0.778014595202695	0.9037088884777729	0.07977330006688274	0.848544297105294	0.726229666473804	0.22817754634052426	0.12875876255115204	0.49078788471067125	0.6815329535063135	0.907259796757147	0.11612462522494012	0.6719843476272126	0.8569956925828475	0.18375666235304303	0.2704173183636577
TSs68	0	0.9537137849328092	0.05764034911205864	1	0.974554741065718	0.9298271188216267	0.9769188791873361	0.9121197359592311	0.9961719873962226	0.8685765737765354	0.9936965100932603	0.9925439127560987	0.9627458698513992	0.9881226705291128	0.9760008976137137	0.986102199649312	0.7465352831371487	0.9599791956297475	0.9674122143872022	0.975435984706594	0.9478837422521089	0.9660720593731884	0.9790213814049047	0.9749950589556561	0.97411442317578
TSs104	0	0.421496845611235	0.1833324498008061	1	0.38646213580256195	0.3039238061648429	0.4305716873003624	0.26548605729118746	0.39640255045078654	0.37635613729385975	0.5031509828331931	0.6343992395754926	0.6361582233203511	0.3931574541735158	0.5748558222374057	0.6594018408056755	0.15302455699482034	0.8541887192183347	0.2250630569214123	0.5563489640447423	0.2621977865078701	0.19321686050206222	0.3797668174316082	0.29170067319042736	0.34056567596675014
TSs58	0	0.3864572020647874	0.150813750422779	1	0.3861010299534565	0.22206880061608633	0.2977328117475105	0.3879344851963243	0.5965481708554696	0.17992889883633706	0.501035178363618	0.549772797935011	0.19831699204676131	0.34483544969569735	0.24351686229311795	0.46944112340255123	0.181935842241873	0.5464967036422932	0.34657633851156955	0.2109705183634477	0.5432159130471772	0.3900888946809468	0.4765750662448894	0.6578856188644778	0.3842675747105887
TSs358	0	0.18286163297366087	0.28513408002539015	0	0.04992170025234971	0.11661214237844761	0.05183359490255383	0.09771589377039613	0.0480098056021456	0.004653648720876348	0.8631561021993881	0.009449276824077207	0.07252875953669245	0.008973332645057083	0.0028539303374121947	0.37911886135470346	0.0021057311859796995	0.009527979203587044	0.13859914685852195	0.03558005961517078	0.006291497698947073	0.7113668276000069	0.005473469285349566	0.8353961436557387	0.25798645609816623
TSs82	0	0.3423170575910485	0.17569700978993952	1	0.3324721710819124	0.2916641714636204	0.5087921398150671	0.02383727446782544	0.3056994279102138	0.31850518133843764	0.5188845588573031	0.37921983099125994	0.15634906667204854	0.4131448789899191	0.34643916082538717	0.21227528256850556	0.28697963543513133	0.17964979066850972	0.4195371603032009	0.36222106564864165	0.25512546691906335	0.05348440651334815	0.7450526079070203	0.5163247099382806	0.5531553345881876
TSs15	1	0.3327301323571671	0.1771989187041874	1	0.28994144746048905	0.23619021366569046	0.6717935448292874	0.18952152361238478	0.4634717266871062	0.18163815041967468	0.191036826097198	0.8014734482589062	0.09538323835403302	0.26917589269420156	0.22144778717216054	0.37149610643724307	0.1951775825281161	0.41556127498089285	0.441974443003807	0.13367709210616685	0.4133367546825697	0.2956417041499855	0.28424119077099264	0.4325510156655563	0.34981313102736905
TSs3	1	0.9562285795735171	0.030263719720501514	1	0.9633597371536033	0.9586225125217984	0.9799316109781332	0.910646633800586	0.9685871560742839	0.9475977995323165	0.929745629505052	0.9947095423092709	0.9356886533923578	0.9593399686955153	0.9722587951175752	0.8831087905428473	0.9673795056116915	0.9834495372204988	0.936271549249691	0.9470386333964463	0.9939065654640826	0.988340584791486	0.983654596370458	0.9682679433064462	0.9160255835898028
TSs4	0	0.4825072820090252	0.28614316913812027	1	0.5232997752897333	0.683189118474935	0.33046946259402354	0.08574402536342025	0.8826111676952557	0.15619849489394974	0.5810779308172384	0.7650979586209112	0.46552161976222817	0.7257883186458883	0.8879551549919159	0.3411908492454023	0.0859111185044101	0.25246243702696236	0.6732296119905103	0.6159217957660098	0.07144519850467229	0.6567750184886121	0.8872504324050695	0.2636499635127385	0.2386559628763504
TSs331	0	0.2921786253382913	0.20592391809835736	1	0.23209384393148613	0.3376442660551237	0.21381949133333933	0.22497058986296675	0.11355330916002672	0.8112606929785285	0.1560855349983695	0.556670100122486	0.11410160243460227	0.049172885018503344	0.5609129459360526	0.2164166547525817	0.49350402543401095	0.3918823600374893	0.03551531560186971	0.44676899592592206	0.41192766885407595	0.14204466895791437	0.060013427289392136	0.2680908740125673	0.23921709800000548
TSs314B	0	0.7917773777293045	0.17812004697240735	1	0.8410534139407542	0.39258472275623363	0.9507801451417749	0.9725381562261456	0.9256714396226049	0.5421354386487109	0.9564415952037466	0.9538426497064161	0.830305184531322	0.7762620627557135	0.5836579890556483	0.7358961288714077	0.8378732896150731	0.9299746763113177	0.5083472421141406	0.8442335382664352	0.7585414545165325	0.9239401956966274	0.5803243831143688	0.8650873564730295	0.9671099059588387
TSs333	0	0.7098675811001869	0.143155239844322	1	0.6969280159357805	0.6685894190393578	0.8213821643247942	0.8336782701395438	0.6644077641917944	0.927145067584955	0.5874109229871222	0.647900657739878	0.6121476220184726	0.6648229245557535	0.7252666128322033	0.7731190007885171	0.909527236256531	0.5409463957813958	0.4800089403055008	0.8692122516287566	0.6389143491062996	0.40524525573382053	0.8449135236063864	0.7932694957442541	0.7894437476384026
TSs7	0	0.8220534103195135	0.11460697984206336	1	0.8464146567629418	0.9361496942544032	0.8388198994024249	0.8126844563745667	0.6431958033431849	0.7139674563280344	0.8282368508261769	0.857938552004672	0.9070853142844536	0.9112795861661699	0.9042659075452063	0.6374999420683607	0.5572017707688259	0.7093495023416795	0.8192880957931482	0.9029166371971857	0.8540094141234589	0.7833839119045093	0.9572246471478681	0.9224129067444176	0.9441578577715237
TSs38	0	0.7976399751328723	0.1883921661448429	1	0.8523047205045196	0.9721325306852704	0.670519754400147	0.8511345157415776	0.7130145823975198	0.9861864828225915	0.6869370180589205	0.8534749252674615	0.9661455203565086	0.9234883309598314	0.3589270569287609	0.5055296017945343	0.9420787309553527	0.8351384817103427	0.8463332786988271	0.8180785324105481	0.8630327505829727	0.39057160848764033	0.9383646795666022	0.9472140597629698	0.8844970610690691
TSs10	0	0.6714708932163304	0.2259265551309726	1	0.7755035024201231	0.9542624941774358	0.32933494607435027	0.7746349096434333	0.386315074617027	0.7750906015199537	0.7766524185844854	0.2409267730542979	0.7759164033202924	0.39293736326941936	0.64982780651094	0.784408893677904	0.32357890719662147	0.796588586620327	0.6332916183984993	0.7838429956469222	0.9337912802245314	0.9104396729409096	0.5039358890218786	0.8845349898928528	0.8191062399345262
TSs48	0	0.3041590283261099	0.2072860815269818	1	0.2924157264669331	0.15296170800553527	0.029815070715573936	0.13145409801215346	0.061778608054842386	0.5278132990840483	0.282640114317367	0.3497879887716079	0.10577573997092526	0.27897950914286906	0.42464652358959326	0.5415359465881749	0.4261720970788039	0.0907541675208545	0.10648200630572702	0.7403352492152209	0.4954215906602834	0.5913210626007875	0.36972141238839085	0.07359303588294029	0.30219133861649916
